Fe on Ga203
  1123.99988  1113.99988    -0.50000     1.00000     2.00000    21    50.0
LO MagPE 50.000KE/1  Ex=1486.599eV WF=4.000eV Ck=XL Det=MCD Ent=6x12mm Exit=4mm
36622
36566
36665
36913
37244
37935
38389
40034
42523
46018
49130
49638
47346
44680
42489
41300
38928
37237
36174
35712
34463
   711.49994   702.99994    -0.50000     1.00000     2.00000    18    50.0
LO MagPE 50.000KE/1  Ex=1486.599eV WF=4.000eV Ck=XL Det=MCD Ent=6x12mm Exit=4mm
26489
26817
26484
27367
27388
28071
28689
29642
30096
30940
29049
26681
25818
24204
23510
23919
23421
23480
