Fe on Ga203
  1123.99988  1113.99988    -0.50000     1.00000     2.00000    21    50.0
LO MagPE 50.000KE/1  Ex=1486.599eV WF=4.000eV Ck=XL Det=MCD Ent=6x12mm Exit=4mm
31612
32425
32464
33127
35118
37949
41298
49977
62155
79222
86987
84966
69767
55021
45148
39914
36672
32989
32482
30714
30415
   711.49994   702.99994    -0.50000     1.00000     2.00000    18    50.0
LO MagPE 50.000KE/1  Ex=1486.599eV WF=4.000eV Ck=XL Det=MCD Ent=6x12mm Exit=4mm
31463
31451
32738
32933
32852
33379
36058
37420
37649
37086
33676
31061
28383
27891
27728
26956
26703
27205
