Fe on Ga203
  1123.99988  1113.99988    -0.50000     1.00000     2.00000    21    50.0
LO MagPE 50.000KE/1  Ex=1486.599eV WF=4.000eV Ck=XL Det=MCD Ent=6x12mm Exit=4mm
42835
42712
43543
43804
43852
44407
45648
48517
52086
57990
62935
63560
59209
54521
51505
49451
46143
43592
42224
41077
40862
   711.49994   702.99994    -0.50000     1.00000     2.00000    18    50.0
LO MagPE 50.000KE/1  Ex=1486.599eV WF=4.000eV Ck=XL Det=MCD Ent=6x12mm Exit=4mm
32118
32419
32440
32556
32554
33251
34331
35226
36332
36266
34639
32517
29910
29485
29121
28696
29044
28452
