Fe on Ga203
  1123.99988  1113.99988    -0.50000     1.00000     2.00000    21    50.0
LO MagPE 50.000KE/1  Ex=1486.599eV WF=4.000eV Ck=XL Det=MCD Ent=6x12mm Exit=4mm
29508
29084
30464
31321
32001
34050
37250
44032
55154
68370
78974
78126
66131
53178
43014
39486
35185
31016
29586
28766
28625
   711.49994   702.99994    -0.50000     1.00000     2.00000    18    50.0
LO MagPE 50.000KE/1  Ex=1486.599eV WF=4.000eV Ck=XL Det=MCD Ent=6x12mm Exit=4mm
25847
26969
26937
26685
28787
28541
30014
32603
32501
31496
28916
25386
23560
22564
22211
22070
21809
21688
