Fe on Ga203
  1123.99988  1113.99988    -0.50000     1.00000     2.00000    21    50.0
LO MagPE 50.000KE/1  Ex=1486.599eV WF=4.000eV Ck=XL Det=MCD Ent=6x12mm Exit=4mm
59471
59484
59960
60269
60757
60904
61612
63348
65840
69985
72732
73732
70392
68037
66650
65268
62459
59748
58616
58070
58144
   711.49994   702.99994    -0.50000     1.00000     2.00000    18    50.0
LO MagPE 50.000KE/1  Ex=1486.599eV WF=4.000eV Ck=XL Det=MCD Ent=6x12mm Exit=4mm
44128
44268
45012
44950
45089
45653
46504
47811
47597
48017
47020
44421
42900
42578
41946
42201
41718
41826
