Fe on Ga203
  1123.99988  1113.99988    -0.50000     1.00000     2.00000    21    50.0
LO MagPE 50.000KE/1  Ex=1486.599eV WF=4.000eV Ck=XL Det=MCD Ent=6x12mm Exit=4mm
88755
88914
91175
90610
92485
97638
102619
116060
135406
160563
179239
177371
156953
131300
114961
106410
98175
91738
89304
87110
85300
   711.49994   702.99994    -0.50000     1.00000     2.00000    18    50.0
LO MagPE 50.000KE/1  Ex=1486.599eV WF=4.000eV Ck=XL Det=MCD Ent=6x12mm Exit=4mm
72648
74286
74358
74833
75388
76999
78942
81506
83133
82753
77569
73068
68705
67345
67635
67523
66623
66466
