Fe on Ga203
  1123.99988  1113.99988	-0.50000 	1.00000 	2.00000	21	50.0
LO MagPE 50.000KE/1  Ex=1486.599eV WF=4.000eV Ck=XL Det=MCD Ent=6x12mm Exit=4mm
49389
49884
51162
54402
53544
51182
53999
55573
61071
66894
73296
73679
69062
64468
59863
56593
52952
50359
48147
48195
47665
   711.49994   702.99994	-0.50000 	1.00000 	2.00000	18	50.0
LO MagPE 50.000KE/1  Ex=1486.599eV WF=4.000eV Ck=XL Det=MCD Ent=6x12mm Exit=4mm
38474
38609
41197
41382
42326
41798
42704
44609
45357
45187
43877
40947
37374
34145
34038
33673
33791
34280
