Fe on Ga203
  1123.99988  1113.99988    -0.50000     1.00000     2.00000    21    50.0
LO MagPE 50.000KE/1  Ex=1486.599eV WF=4.000eV Ck=XL Det=MCD Ent=6x12mm Exit=4mm
76383
75408
77396
77519
79950
80697
84088
89579
98945
111564
122133
121390
110211
99535
91796
86079
82390
78804
76174
74703
75032
   711.49994   702.99994    -0.50000     1.00000     2.00000    18    50.0
LO MagPE 50.000KE/1  Ex=1486.599eV WF=4.000eV Ck=XL Det=MCD Ent=6x12mm Exit=4mm
63024
63247
63525
65720
65790
68115
69855
72311
76326
75834
69117
61870
57234
55407
54872
54303
53578
54292
