Fe on Ga203
  1123.99988  1113.99988    -0.50000     1.00000     2.00000    21    50.0
LO MagPE 50.000KE/1  Ex=1486.599eV WF=4.000eV Ck=XL Det=MCD Ent=6x12mm Exit=4mm
62614
62243
63198
64667
65496
66967
70958
78168
90574
105462
117604
118169
105456
90628
80979
74461
69015
65312
62210
60499
59910
   711.49994   702.99994    -0.50000     1.00000     2.00000    18    50.0
LO MagPE 50.000KE/1  Ex=1486.599eV WF=4.000eV Ck=XL Det=MCD Ent=6x12mm Exit=4mm
53935
53689
54341
55615
56607
57445
58905
61743
63051
63953
59698
53231
50185
48922
48046
47476
46668
46717
