Fe on Ga203
  1123.99988  1113.99988    -0.50000     1.00000     2.00000    21    50.0
LO MagPE 50.000KE/1  Ex=1486.599eV WF=4.000eV Ck=XL Det=MCD Ent=6x12mm Exit=4mm
44862
45272
45684
45276
46028
47376
48206
51063
55517
61265
66487
67001
62760
57461
53767
51413
48348
45572
44130
43567
43196
   711.49994   702.99994    -0.50000     1.00000     2.00000    18    50.0
LO MagPE 50.000KE/1  Ex=1486.599eV WF=4.000eV Ck=XL Det=MCD Ent=6x12mm Exit=4mm
35686
35849
36258
36940
36750
37513
38906
39826
41714
42212
40196
36158
33425
31939
32014
31802
31684
31611
