Fe on Ga203
  1123.99988  1113.99988    -0.50000     1.00000     2.00000    21    50.0
LO MagPE 50.000KE/1  Ex=1486.599eV WF=4.000eV Ck=XL Det=MCD Ent=6x12mm Exit=4mm
35379
34838
34977
38846
39944
41735
46181
53783
65178
78447
92036
86790
72049
56552
47063
41992
38027
34623
32443
31892
31972
   711.49994   702.99994    -0.50000     1.00000     2.00000    18    50.0
LO MagPE 50.000KE/1  Ex=1486.599eV WF=4.000eV Ck=XL Det=MCD Ent=6x12mm Exit=4mm
28966
30640
31094
30848
31029
32121
33435
34669
36785
35931
34741
31330
29684
28747
27459
27993
29079
28087
