Fe on Ga203
  1123.99988  1113.99988    -0.50000     1.00000     2.00000    21    50.0
LO MagPE 50.000KE/1  Ex=1486.599eV WF=4.000eV Ck=XL Det=MCD Ent=6x12mm Exit=4mm
32731
33116
32890
33514
35337
36732
41248
45911
57808
72448
82455
81619
69627
56280
45285
41113
36519
33903
32524
31901
31657
   711.49994   702.99994    -0.50000     1.00000     2.00000    18    50.0
LO MagPE 50.000KE/1  Ex=1486.599eV WF=4.000eV Ck=XL Det=MCD Ent=6x12mm Exit=4mm
28151
28697
29933
29564
31114
32431
33274
34896
36735
35588
32600
29029
26802
25743
25209
24877
23942
23655
