Fe on Ga203
  1123.99988  1113.99988    -0.50000     1.00000     2.00000    21    50.0
LO MagPE 50.000KE/1  Ex=1486.599eV WF=4.000eV Ck=XL Det=MCD Ent=6x12mm Exit=4mm
56523
36038
36669
37718
39630
56228
46695
57333
72384
90966
104203
98825
80573
62774
50605
44766
39326
35655
35240
34271
33872
   711.49994   702.99994    -0.50000     1.00000     2.00000    18    50.0
LO MagPE 50.000KE/1  Ex=1486.599eV WF=4.000eV Ck=XL Det=MCD Ent=6x12mm Exit=4mm
33235
32411
33339
34347
34623
35460
34858
36067
36471
36727
34770
31120
30299
28776
28787
29532
29661
29246
