Fe on Ga203
  1123.99988  1113.99988    -0.50000     1.00000     2.00000    21    50.0
LO MagPE 50.000KE/1  Ex=1486.599eV WF=4.000eV Ck=XL Det=MCD Ent=6x12mm Exit=4mm
85140
86007
86369
86803
88686
91244
94581
101444
115448
130927
143715
146107
132437
116473
105423
98033
90851
86646
84521
83272
82159
   711.49994   702.99994    -0.50000     1.00000     2.00000    18    50.0
LO MagPE 50.000KE/1  Ex=1486.599eV WF=4.000eV Ck=XL Det=MCD Ent=6x12mm Exit=4mm
64457
64229
64253
64820
65746
66339
66774
68962
70762
70205
67795
63655
61381
60211
60374
59128
60171
60089
