Fe on Ga203
  1123.99988  1113.99988    -0.50000     1.00000     2.00000    21    50.0
LO MagPE 50.000KE/1  Ex=1486.599eV WF=4.000eV Ck=XL Det=MCD Ent=6x12mm Exit=4mm
35691
37188
36076
37408
37758
41714
44190
51756
64344
80864
90521
88391
75653
58277
49598
45097
40652
37665
36239
34995
33806
   711.49994   702.99994    -0.50000     1.00000     2.00000    18    50.0
LO MagPE 50.000KE/1  Ex=1486.599eV WF=4.000eV Ck=XL Det=MCD Ent=6x12mm Exit=4mm
33135
34749
36127
35646
36212
36903
37348
38006
40436
41751
37941
34187
31259
29614
28482
28985
27820
28695
