Fe on Ga203
  1123.99988  1113.99988    -0.50000     1.00000     2.00000    21    50.0
LO MagPE 50.000KE/1  Ex=1486.599eV WF=4.000eV Ck=XL Det=MCD Ent=6x12mm Exit=4mm
93630
93913
96222
98483
101953
105592
114348
130287
158178
189500
214902
208941
174468
144444
123941
112064
102167
96641
90924
89959
91361
   711.49994   702.99994    -0.50000     1.00000     2.00000    18    50.0
LO MagPE 50.000KE/1  Ex=1486.599eV WF=4.000eV Ck=XL Det=MCD Ent=6x12mm Exit=4mm
85353
86195
86029
87303
84785
88027
91512
93601
95483
96296
90730
82268
78407
78086
78680
77179
77206
76427
