Fe on Ga203
  1123.99988  1113.99988    -0.50000     1.00000     2.00000    21    50.0
LO MagPE 50.000KE/1  Ex=1486.599eV WF=4.000eV Ck=XL Det=MCD Ent=6x12mm Exit=4mm
33888
33870
34024
35098
36544
38904
42797
50425
61368
75011
87345
85323
72348
57144
48128
42215
37134
34049
33238
33077
31950
   711.49994   702.99994    -0.50000     1.00000     2.00000    18    50.0
LO MagPE 50.000KE/1  Ex=1486.599eV WF=4.000eV Ck=XL Det=MCD Ent=6x12mm Exit=4mm
31896
32239
32394
31528
32369
32506
34321
35269
36415
36989
33812
30959
29163
27890
27856
26924
25722
26098
