Fe on Ga203
  1123.99988  1113.99988    -0.50000     1.00000     2.00000    21    50.0
LO MagPE 50.000KE/1  Ex=1486.599eV WF=4.000eV Ck=XL Det=MCD Ent=6x12mm Exit=4mm
33749
34330
35396
36135
39592
41020
46572
55264
70405
87801
100841
98230
81794
61562
49460
43722
39371
35449
33879
32382
30926
   711.49994   702.99994    -0.50000     1.00000     2.00000    18    50.0
LO MagPE 50.000KE/1  Ex=1486.599eV WF=4.000eV Ck=XL Det=MCD Ent=6x12mm Exit=4mm
30851
31429
31990
32732
32981
33426
35324
36432
38833
36947
34147
32058
30217
29437
29267
29184
28499
28378
