Fe on Ga203
  1123.99988  1113.99988    -0.50000     1.00000     2.00000    21    50.0
LO MagPE 50.000KE/1  Ex=1486.599eV WF=4.000eV Ck=XL Det=MCD Ent=6x12mm Exit=4mm
32715
32497
32770
34307
35095
38205
42364
50697
64117
77356
88556
85114
70125
56741
47800
41267
37096
34307
33203
31984
31422
   711.49994   702.99994    -0.50000     1.00000     2.00000    18    50.0
LO MagPE 50.000KE/1  Ex=1486.599eV WF=4.000eV Ck=XL Det=MCD Ent=6x12mm Exit=4mm
31037
31008
31670
31121
31603
33391
34013
35248
36108
37237
33559
30912
29513
27297
27546
27721
26904
27347
