Fe on Ga203
  1123.99988  1113.99988    -0.50000     1.00000     2.00000    21    50.0
LO MagPE 50.000KE/1  Ex=1486.599eV WF=4.000eV Ck=XL Det=MCD Ent=6x12mm Exit=4mm
35257
35375
35823
36957
39130
43568
48757
58156
72501
91080
103579
102029
86204
67297
53893
46817
41636
37499
35487
34288
33444
   711.49994   702.99994    -0.50000     1.00000     2.00000    18    50.0
LO MagPE 50.000KE/1  Ex=1486.599eV WF=4.000eV Ck=XL Det=MCD Ent=6x12mm Exit=4mm
31958
32532
34136
33933
33526
34746
35476
37259
38357
38976
36187
31363
28855
27190
26917
27363
27070
26488
