Fe on Ga203
  1123.99988  1113.99988    -0.50000     1.00000     2.00000    21    50.0
LO MagPE 50.000KE/1  Ex=1486.599eV WF=4.000eV Ck=XL Det=MCD Ent=6x12mm Exit=4mm
90954
92072
93110
94232
97102
100641
107883
120359
141173
167972
190326
190044
167071
139131
120968
108952
102036
95139
92272
89250
86511
   711.49994   702.99994    -0.50000     1.00000     2.00000    18    50.0
LO MagPE 50.000KE/1  Ex=1486.599eV WF=4.000eV Ck=XL Det=MCD Ent=6x12mm Exit=4mm
73174
74678
74395
74369
74914
76030
76247
78946
79726
80258
77143
73055
70161
69311
68567
68532
67638
67527
