Fe on Ga203
  1123.99988  1113.99988    -0.50000     1.00000     2.00000    21    50.0
LO MagPE 50.000KE/1  Ex=1486.599eV WF=4.000eV Ck=XL Det=MCD Ent=6x12mm Exit=4mm
31171
31027
32716
32928
33270
33560
38666
43792
52962
61951
71979
72789
62090
51269
44010
38308
33881
30016
29665
29869
28871
   711.49994   702.99994    -0.50000     1.00000     2.00000    18    50.0
LO MagPE 50.000KE/1  Ex=1486.599eV WF=4.000eV Ck=XL Det=MCD Ent=6x12mm Exit=4mm
28164
28867
28980
28371
29839
31002
31452
33304
35096
34758
31136
28319
25076
24018
24870
24399
24334
24850
