Fe on Ga203
  1123.99988  1113.99988    -0.50000     1.00000     2.00000    21    50.0
LO MagPE 50.000KE/1  Ex=1486.599eV WF=4.000eV Ck=XL Det=MCD Ent=6x12mm Exit=4mm
54571
54215
54722
54952
55458
56454
57681
60544
64886
70825
76016
76641
72936
67690
65511
62326
59410
55153
53810
53177
52350
   711.49994   702.99994    -0.50000     1.00000     2.00000    18    50.0
LO MagPE 50.000KE/1  Ex=1486.599eV WF=4.000eV Ck=XL Det=MCD Ent=6x12mm Exit=4mm
41771
41408
42258
42764
42781
43328
43759
44429
46033
45828
43707
41978
39863
39309
38359
39248
38858
38752
