Fe on Ga203
  1123.99988  1113.99988    -0.50000     1.00000     2.00000    21    50.0
LO MagPE 50.000KE/1  Ex=1486.599eV WF=4.000eV Ck=XL Det=MCD Ent=6x12mm Exit=4mm
75909
77011
77036
78677
80223
82932
88562
97364
111448
130775
143722
143978
128839
111385
98349
90515
83187
80592
77788
75069
74622
   711.49994   702.99994    -0.50000     1.00000     2.00000    18    50.0
LO MagPE 50.000KE/1  Ex=1486.599eV WF=4.000eV Ck=XL Det=MCD Ent=6x12mm Exit=4mm
65331
66322
67208
68622
68397
69656
72036
74052
78747
76308
71622
64902
60477
59951
58864
58177
58797
57464
