Fe on Ga203
  1123.99988  1113.99988    -0.50000     1.00000     2.00000    21    50.0
LO MagPE 50.000KE/1  Ex=1486.599eV WF=4.000eV Ck=XL Det=MCD Ent=6x12mm Exit=4mm
30429
30620
31658
32127
32906
33685
37192
41778
48766
59700
64206
63618
55495
46112
40092
36057
32949
31069
29644
29624
30394
   711.49994   702.99994    -0.50000     1.00000     2.00000    18    50.0
LO MagPE 50.000KE/1  Ex=1486.599eV WF=4.000eV Ck=XL Det=MCD Ent=6x12mm Exit=4mm
27120
27663
28616
29344
29059
30337
31395
33755
33993
33447
30850
26781
24192
22636
22571
22924
22178
22488
