Fe on Ga203
  1123.99988  1113.99988    -0.50000     1.00000     2.00000    21    50.0
LO MagPE 50.000KE/1  Ex=1486.599eV WF=4.000eV Ck=XL Det=MCD Ent=6x12mm Exit=4mm
62717
62950
62772
62655
63739
64215
65246
66422
71307
75808
79372
80499
77364
72849
70336
69162
65788
63117
61951
60835
60127
   711.49994   702.99994    -0.50000     1.00000     2.00000    18    50.0
LO MagPE 50.000KE/1  Ex=1486.599eV WF=4.000eV Ck=XL Det=MCD Ent=6x12mm Exit=4mm
47788
47496
47571
48509
48031
48411
48963
49655
50723
50350
49233
47390
46584
45522
45684
45076
45162
45085
