Fe on Ga203
  1123.99988  1113.99988    -0.50000     1.00000     2.00000    21    50.0
LO MagPE 50.000KE/1  Ex=1486.599eV WF=4.000eV Ck=XL Det=MCD Ent=6x12mm Exit=4mm
31278
32047
33092
33263
35109
37023
41913
50284
60878
76310
88442
86122
70922
57796
46667
40448
36963
34360
32197
30966
30620
   711.49994   702.99994    -0.50000     1.00000     2.00000    18    50.0
LO MagPE 50.000KE/1  Ex=1486.599eV WF=4.000eV Ck=XL Det=MCD Ent=6x12mm Exit=4mm
29367
28893
29858
30241
31087
31169
32336
34069
35067
34298
31936
28740
25708
26077
24506
24666
25168
24804
