Fe on Ga203
  1123.99988  1113.99988    -0.50000     1.00000     2.00000    21    50.0
LO MagPE 50.000KE/1  Ex=1486.599eV WF=4.000eV Ck=XL Det=MCD Ent=6x12mm Exit=4mm
33454
33718
35521
36353
36567
39444
44304
51500
64137
79511
90793
88972
74223
60950
50423
44107
39323
35828
33411
32328
31786
   711.49994   702.99994    -0.50000     1.00000     2.00000    18    50.0
LO MagPE 50.000KE/1  Ex=1486.599eV WF=4.000eV Ck=XL Det=MCD Ent=6x12mm Exit=4mm
30788
31041
31991
30819
31572
32563
32633
34949
36335
36030
34222
30596
28954
26664
26485
27159
26310
26109
