Fe on Ga203
  1123.99988  1113.99988    -0.50000     1.00000     2.00000    21    50.0
LO MagPE 50.000KE/1  Ex=1486.599eV WF=4.000eV Ck=XL Det=MCD Ent=6x12mm Exit=4mm
86235
85359
88120
88433
91330
93714
101949
113506
133414
158289
177080
175678
154351
128802
112739
103815
95191
89373
85732
83510
83955
   711.49994   702.99994    -0.50000     1.00000     2.00000    18    50.0
LO MagPE 50.000KE/1  Ex=1486.599eV WF=4.000eV Ck=XL Det=MCD Ent=6x12mm Exit=4mm
70405
71847
72276
72412
72928
73841
74729
74845
78553
79031
75033
69925
69074
66063
66027
65758
65226
65480
