Fe on Ga203
  1123.99988  1113.99988    -0.50000     1.00000     2.00000    21    50.0
LO MagPE 50.000KE/1  Ex=1486.599eV WF=4.000eV Ck=XL Det=MCD Ent=6x12mm Exit=4mm
30337
31249
31376
32077
31949
35059
37508
41894
50391
61574
66603
68016
61249
50826
43750
38560
35583
35182
33239
32662
30413
   711.49994   702.99994    -0.50000     1.00000     2.00000    18    50.0
LO MagPE 50.000KE/1  Ex=1486.599eV WF=4.000eV Ck=XL Det=MCD Ent=6x12mm Exit=4mm
29504
30015
30768
31115
31075
31729
32643
34910
35595
35590
31818
29090
25590
25482
24946
24579
24060
24251
