Fe on Ga203
  1123.99988  1113.99988    -0.50000     1.00000     2.00000    21    50.0
LO MagPE 50.000KE/1  Ex=1486.599eV WF=4.000eV Ck=XL Det=MCD Ent=6x12mm Exit=4mm
35027
33305
34006
34125
35887
38705
42157
50004
62209
75926
85657
84623
71437
55578
46757
40875
37034
33767
33027
31751
31679
   711.49994   702.99994    -0.50000     1.00000     2.00000    18    50.0
LO MagPE 50.000KE/1  Ex=1486.599eV WF=4.000eV Ck=XL Det=MCD Ent=6x12mm Exit=4mm
31358
32075
32544
32963
33386
33937
36198
38710
40318
39408
35653
31727
29200
29134
27855
26916
28340
27662
