Fe on Ga203
  1123.99988  1113.99988    -0.50000     1.00000     2.00000    21    50.0
LO MagPE 50.000KE/1  Ex=1486.599eV WF=4.000eV Ck=XL Det=MCD Ent=6x12mm Exit=4mm
79624
79718
80680
81068
83365
87068
92869
101405
119253
141894
161038
157934
137615
116143
101533
93957
87029
81254
79137
76696
76185
   711.49994   702.99994    -0.50000     1.00000     2.00000    18    50.0
LO MagPE 50.000KE/1  Ex=1486.599eV WF=4.000eV Ck=XL Det=MCD Ent=6x12mm Exit=4mm
70779
70763
71125
72586
73732
75392
77484
80508
84143
83271
77459
70609
66240
63462
63010
62286
61274
61196
