Fe on Ga203
  1123.99988  1113.99988    -0.50000     1.00000     2.00000    21    50.0
LO MagPE 50.000KE/1  Ex=1486.599eV WF=4.000eV Ck=XL Det=MCD Ent=6x12mm Exit=4mm
74321
74858
75524
75959
76620
77157
79548
83519
90334
99674
106853
108769
101326
92993
86737
83402
79218
76573
73664
73214
72239
   711.49994   702.99994    -0.50000     1.00000     2.00000    18    50.0
LO MagPE 50.000KE/1  Ex=1486.599eV WF=4.000eV Ck=XL Det=MCD Ent=6x12mm Exit=4mm
56774
57660
58240
58599
58924
59433
59980
59705
61413
62771
61358
58065
55857
54683
54220
53669
53507
53699
