Fe on Ga203
  1123.99988  1113.99988    -0.50000     1.00000     2.00000    21    50.0
LO MagPE 50.000KE/1  Ex=1486.599eV WF=4.000eV Ck=XL Det=MCD Ent=6x12mm Exit=4mm
99261
100332
102027
103804
105977
109920
117415
132904
158818
187021
208404
199218
175670
152483
132862
122542
110606
106143
101556
98391
97535
   711.49994   702.99994    -0.50000     1.00000     2.00000    18    50.0
LO MagPE 50.000KE/1  Ex=1486.599eV WF=4.000eV Ck=XL Det=MCD Ent=6x12mm Exit=4mm
85206
87518
86971
87291
88530
90508
91063
94005
93965
94672
90382
85943
82522
78791
78138
78607
76333
77539
