Fe on Ga203
  1123.99988  1113.99988    -0.50000     1.00000     2.00000    21    50.0
LO MagPE 50.000KE/1  Ex=1486.599eV WF=4.000eV Ck=XL Det=MCD Ent=6x12mm Exit=4mm
31375
31422
33808
34102
35629
37557
42003
51691
65816
81901
93182
91136
75376
58619
47706
41701
36161
33948
31635
31616
30751
   711.49994   702.99994    -0.50000     1.00000     2.00000    18    50.0
LO MagPE 50.000KE/1  Ex=1486.599eV WF=4.000eV Ck=XL Det=MCD Ent=6x12mm Exit=4mm
30057
30539
31067
31713
31735
32438
34063
35462
36400
35754
33051
30040
27742
26337
26202
26423
25683
25576
