Fe on Ga203
  1123.99988  1113.99988    -0.50000     1.00000     2.00000    21    50.0
LO MagPE 50.000KE/1  Ex=1486.599eV WF=4.000eV Ck=XL Det=MCD Ent=6x12mm Exit=4mm
55162
55881
55211
55422
55857
55980
57077
58858
60600
65090
67584
68010
65493
62746
61701
60498
57950
55375
54211
53867
53563
   711.49994   702.99994    -0.50000     1.00000     2.00000    18    50.0
LO MagPE 50.000KE/1  Ex=1486.599eV WF=4.000eV Ck=XL Det=MCD Ent=6x12mm Exit=4mm
41083
40995
41864
41269
42021
41629
42079
43466
44117
44515
43055
41375
40242
39036
39214
38950
38915
38931
