Fe on Ga203
  1123.99988  1113.99988    -0.50000     1.00000     2.00000    21    50.0
LO MagPE 50.000KE/1  Ex=1486.599eV WF=4.000eV Ck=XL Det=MCD Ent=6x12mm Exit=4mm
65670
65736
67091
67920
68973
72194
76483
84897
98710
116740
131041
130445
115040
98332
87192
79900
72352
68239
65139
63155
62800
   711.49994   702.99994    -0.50000     1.00000     2.00000    18    50.0
LO MagPE 50.000KE/1  Ex=1486.599eV WF=4.000eV Ck=XL Det=MCD Ent=6x12mm Exit=4mm
58139
57773
59008
59892
60833
60374
63708
65345
67292
67497
64732
58888
54781
52284
51675
50370
51168
50553
