Fe on Ga203
  1123.99988  1113.99988    -0.50000     1.00000     2.00000    21    50.0
LO MagPE 50.000KE/1  Ex=1486.599eV WF=4.000eV Ck=XL Det=MCD Ent=6x12mm Exit=4mm
84266
84752
85889
87076
90170
94485
101077
113977
135100
163216
185693
184856
159728
132533
112506
102013
94596
88648
84285
83922
81603
   711.49994   702.99994    -0.50000     1.00000     2.00000    18    50.0
LO MagPE 50.000KE/1  Ex=1486.599eV WF=4.000eV Ck=XL Det=MCD Ent=6x12mm Exit=4mm
72700
73087
72904
74606
75027
75788
78682
80068
83693
82437
78786
71880
69032
67177
66361
66389
66758
65468
