Fe on Ga203
  1123.99988  1113.99988    -0.50000     1.00000     2.00000    21    50.0
LO MagPE 50.000KE/1  Ex=1486.599eV WF=4.000eV Ck=XL Det=MCD Ent=6x12mm Exit=4mm
33632
35979
36758
36926
38841
41064
46228
55599
70606
84138
94351
94171
76910
58790
49595
43715
40504
35647
33493
32184
31589
   711.49994   702.99994    -0.50000     1.00000     2.00000    18    50.0
LO MagPE 50.000KE/1  Ex=1486.599eV WF=4.000eV Ck=XL Det=MCD Ent=6x12mm Exit=4mm
32002
31428
31764
32611
33492
33635
35183
36488
38507
38099
35358
32765
29664
28440
27812
27715
28020
28032
