Fe on Ga203
  1123.99988  1113.99988    -0.50000     1.00000     2.00000    21    50.0
LO MagPE 50.000KE/1  Ex=1486.599eV WF=4.000eV Ck=XL Det=MCD Ent=6x12mm Exit=4mm
90393
89395
90810
94106
92895
102386
107684
116312
129909
156147
174419
170493
151816
134675
116831
108660
103516
97819
92611
94140
93380
   711.49994   702.99994    -0.50000     1.00000     2.00000    18    50.0
LO MagPE 50.000KE/1  Ex=1486.599eV WF=4.000eV Ck=XL Det=MCD Ent=6x12mm Exit=4mm
83106
81672
83104
84760
84578
85297
91696
93929
97184
97631
88967
80797
75179
72351
69814
69832
71047
70817
