Fe on Ga203
  1123.99988  1113.99988    -0.50000     1.00000     2.00000    21    50.0
LO MagPE 50.000KE/1  Ex=1486.599eV WF=4.000eV Ck=XL Det=MCD Ent=6x12mm Exit=4mm
34377
35961
36079
37340
39045
41861
47667
57629
73604
95742
110569
109234
89479
66769
53453
46496
41148
37970
35067
34294
32685
   711.49994   702.99994    -0.50000     1.00000     2.00000    18    50.0
LO MagPE 50.000KE/1  Ex=1486.599eV WF=4.000eV Ck=XL Det=MCD Ent=6x12mm Exit=4mm
30017
30288
30764
30880
31618
31473
32264
33824
35233
33585
32761
29554
27562
27614
26809
27404
27110
26288
