Fe on Ga203
  1123.99988  1113.99988    -0.50000     1.00000     2.00000    21    50.0
LO MagPE 50.000KE/1  Ex=1486.599eV WF=4.000eV Ck=XL Det=MCD Ent=6x12mm Exit=4mm
38599
38874
38714
39485
39986
39924
41297
43232
45955
50652
54243
54864
51788
48074
46429
44448
42387
39760
38188
37423
37201
   711.49994   702.99994    -0.50000     1.00000     2.00000    18    50.0
LO MagPE 50.000KE/1  Ex=1486.599eV WF=4.000eV Ck=XL Det=MCD Ent=6x12mm Exit=4mm
27444
27679
27858
28033
28541
28917
28711
29935
31149
30875
30385
27734
26299
25595
25391
25391
24709
25282
