Fe on Ga203
  1123.99988  1113.99988    -0.50000     1.00000     2.00000    21    50.0
LO MagPE 50.000KE/1  Ex=1486.599eV WF=4.000eV Ck=XL Det=MCD Ent=6x12mm Exit=4mm
33278
34183
34498
36198
37346
40216
45751
54954
71367
91362
106288
102883
83108
63923
51853
44216
39548
35936
33723
32251
32022
   711.49994   702.99994    -0.50000     1.00000     2.00000    18    50.0
LO MagPE 50.000KE/1  Ex=1486.599eV WF=4.000eV Ck=XL Det=MCD Ent=6x12mm Exit=4mm
31735
31247
32077
31800
32657
32987
33808
35002
37019
35833
33719
31107
28985
28180
27965
27335
27347
27217
