Fe on Ga203
  1123.99988  1113.99988    -0.50000     1.00000     2.00000    21    50.0
LO MagPE 50.000KE/1  Ex=1486.599eV WF=4.000eV Ck=XL Det=MCD Ent=6x12mm Exit=4mm
60070
60270
60684
60113
60836
61689
62015
64108
67353
70866
73143
73868
70641
67602
65499
63957
63013
60505
60057
59426
58918
   711.49994   702.99994    -0.50000     1.00000     2.00000    18    50.0
LO MagPE 50.000KE/1  Ex=1486.599eV WF=4.000eV Ck=XL Det=MCD Ent=6x12mm Exit=4mm
47159
47326
47535
48002
48342
49493
49714
50798
52321
53458
50996
47252
44884
43213
42600
43112
41996
42517
