Fe on Ga203
  1123.99988  1113.99988    -0.50000     1.00000     2.00000    21    50.0
LO MagPE 50.000KE/1  Ex=1486.599eV WF=4.000eV Ck=XL Det=MCD Ent=6x12mm Exit=4mm
31772
31975
31910
34092
35373
37771
44371
53945
70777
91304
103101
101147
81306
60969
47679
41552
36700
33906
31634
31363
29632
   711.49994   702.99994    -0.50000     1.00000     2.00000    18    50.0
LO MagPE 50.000KE/1  Ex=1486.599eV WF=4.000eV Ck=XL Det=MCD Ent=6x12mm Exit=4mm
30143
30969
32243
33075
32971
33295
33582
35425
36499
35549
33517
31338
28334
27050
27573
26787
27360
26298
