Fe on Ga203
  1123.99988  1113.99988    -0.50000     1.00000     2.00000    21    50.0
LO MagPE 50.000KE/1  Ex=1486.599eV WF=4.000eV Ck=XL Det=MCD Ent=6x12mm Exit=4mm
84446
84101
85218
85707
86316
87614
89596
92914
99912
107428
114860
113631
106637
99811
95391
91926
88227
85597
84783
84003
82342
   711.49994   702.99994    -0.50000     1.00000     2.00000    18    50.0
LO MagPE 50.000KE/1  Ex=1486.599eV WF=4.000eV Ck=XL Det=MCD Ent=6x12mm Exit=4mm
68275
69706
70065
70213
71493
73722
75527
79388
81205
80723
74588
67480
71270
61338
60305
64319
59547
60161
