Fe on Ga203
  1123.99988  1113.99988    -0.50000     1.00000     2.00000    21    50.0
LO MagPE 50.000KE/1  Ex=1486.599eV WF=4.000eV Ck=XL Det=MCD Ent=6x12mm Exit=4mm
83285
83908
83328
85331
85314
87548
91055
97074
106611
119290
128485
128973
118823
107131
98273
93786
88779
85123
84282
81632
81173
   711.49994   702.99994    -0.50000     1.00000     2.00000    18    50.0
LO MagPE 50.000KE/1  Ex=1486.599eV WF=4.000eV Ck=XL Det=MCD Ent=6x12mm Exit=4mm
67461
69713
70257
71629
71859
73930
77452
81125
84087
83221
75836
67575
61748
60026
58249
58932
58320
57560
