Fe on Ga203
  1123.99988  1113.99988    -0.50000     1.00000     2.00000    21    50.0
LO MagPE 50.000KE/1  Ex=1486.599eV WF=4.000eV Ck=XL Det=MCD Ent=6x12mm Exit=4mm
77427
77733
79260
79471
81778
83826
88361
96235
109824
127309
137690
136374
124595
108017
98413
90228
85820
80818
77989
75976
75101
   711.49994   702.99994    -0.50000     1.00000     2.00000    18    50.0
LO MagPE 50.000KE/1  Ex=1486.599eV WF=4.000eV Ck=XL Det=MCD Ent=6x12mm Exit=4mm
70762
72576
71863
73865
76308
77403
80343
83861
88037
86919
80370
71655
65245
63321
61652
62211
61125
61338
