Fe on Ga203
  1123.99988  1113.99988    -0.50000     1.00000     2.00000    21    50.0
LO MagPE 50.000KE/1  Ex=1486.599eV WF=4.000eV Ck=XL Det=MCD Ent=6x12mm Exit=4mm
33988
34147
35757
35993
37010
40545
45475
55205
71069
90953
106079
102716
84716
64093
52171
44402
38249
35713
33978
32835
31647
   711.49994   702.99994    -0.50000     1.00000     2.00000    18    50.0
LO MagPE 50.000KE/1  Ex=1486.599eV WF=4.000eV Ck=XL Det=MCD Ent=6x12mm Exit=4mm
29830
32008
31134
31957
31092
32064
33353
33113
34572
34981
33586
30706
28761
26858
26933
27266
27456
26668
