Fe on Ga203
  1123.99988  1113.99988    -0.50000     1.00000     2.00000    21    50.0
LO MagPE 50.000KE/1  Ex=1486.599eV WF=4.000eV Ck=XL Det=MCD Ent=6x12mm Exit=4mm
31745
32571
32284
34275
35536
38099
42967
50855
65322
81213
92202
88567
73110
57098
47090
42037
36417
33908
32304
31448
30892
   711.49994   702.99994    -0.50000     1.00000     2.00000    18    50.0
LO MagPE 50.000KE/1  Ex=1486.599eV WF=4.000eV Ck=XL Det=MCD Ent=6x12mm Exit=4mm
31005
30865
32681
32008
32270
33654
34240
34914
35065
35790
33675
30634
29370
28616
27749
27584
27805
27680
