Fe on Ga203
  1123.99988  1113.99988    -0.50000     1.00000     2.00000    21    50.0
LO MagPE 50.000KE/1  Ex=1486.599eV WF=4.000eV Ck=XL Det=MCD Ent=6x12mm Exit=4mm
38159
38631
39801
40342
42225
43246
47967
56618
70187
85155
95817
93452
78748
63250
52205
46530
41571
38805
36461
35334
35091
   711.49994   702.99994    -0.50000     1.00000     2.00000    18    50.0
LO MagPE 50.000KE/1  Ex=1486.599eV WF=4.000eV Ck=XL Det=MCD Ent=6x12mm Exit=4mm
31471
32913
34058
34971
35325
36091
37460
38771
39053
39191
35847
33230
31420
30303
30004
29642
30514
29515
