Fe on Ga203
  1123.99988  1113.99988    -0.50000     1.00000     2.00000    21    50.0
LO MagPE 50.000KE/1  Ex=1486.599eV WF=4.000eV Ck=XL Det=MCD Ent=6x12mm Exit=4mm
67568
69328
68590
69280
69994
72261
76373
81315
91686
105832
117542
116204
106556
92824
84492
78979
74150
69007
67001
66345
65306
   711.49994   702.99994    -0.50000     1.00000     2.00000    18    50.0
LO MagPE 50.000KE/1  Ex=1486.599eV WF=4.000eV Ck=XL Det=MCD Ent=6x12mm Exit=4mm
58011
57840
58249
58509
59816
61520
62849
65352
68345
68034
63393
56817
52824
51325
50395
50613
50177
50627
