Fe on Ga203
  1123.99988  1113.99988    -0.50000     1.00000     2.00000    21    50.0
LO MagPE 50.000KE/1  Ex=1486.599eV WF=4.000eV Ck=XL Det=MCD Ent=6x12mm Exit=4mm
77930
78633
79054
79284
80048
81639
83709
87663
96273
105397
113908
113964
106899
95833
90130
86285
82750
79500
77378
77663
76077
   711.49994   702.99994    -0.50000     1.00000     2.00000    18    50.0
LO MagPE 50.000KE/1  Ex=1486.599eV WF=4.000eV Ck=XL Det=MCD Ent=6x12mm Exit=4mm
62519
62616
63188
63431
64696
65019
68247
70196
72291
72703
68151
61282
56585
55044
54400
54412
54053
53761
