Fe on Ga203
  1123.99988  1113.99988    -0.50000     1.00000     2.00000    21    50.0
LO MagPE 50.000KE/1  Ex=1486.599eV WF=4.000eV Ck=XL Det=MCD Ent=6x12mm Exit=4mm
35584
35220
36479
36806
39691
41245
45805
54174
68732
83730
96126
95160
79621
62122
52722
47311
40986
35791
34076
33232
33251
   711.49994   702.99994    -0.50000     1.00000     2.00000    18    50.0
LO MagPE 50.000KE/1  Ex=1486.599eV WF=4.000eV Ck=XL Det=MCD Ent=6x12mm Exit=4mm
33403
32973
35221
34217
35435
35051
37288
37776
38925
39038
35764
32613
30037
28146
28143
27566
27185
27486
