Fe on Ga203
  1123.99988  1113.99988    -0.50000     1.00000     2.00000    21    50.0
LO MagPE 50.000KE/1  Ex=1486.599eV WF=4.000eV Ck=XL Det=MCD Ent=6x12mm Exit=4mm
52532
52470
53760
53888
54882
56223
58839
64266
72048
82326
91410
92879
84040
74839
68460
63798
58694
55676
53138
51469
51121
   711.49994   702.99994    -0.50000     1.00000     2.00000    18    50.0
LO MagPE 50.000KE/1  Ex=1486.599eV WF=4.000eV Ck=XL Det=MCD Ent=6x12mm Exit=4mm
43516
44274
44775
44160
45657
45592
47352
49184
50511
49800
47970
44001
41238
39647
39268
38649
39332
38696
