Fe on Ga203
  1123.99988  1113.99988    -0.50000     1.00000     2.00000    21    50.0
LO MagPE 50.000KE/1  Ex=1486.599eV WF=4.000eV Ck=XL Det=MCD Ent=6x12mm Exit=4mm
34891
35393
35496
36718
37538
39204
43212
50158
60551
73859
84866
82969
70779
57728
49743
45042
39486
36573
35941
34644
34217
   711.49994   702.99994    -0.50000     1.00000     2.00000    18    50.0
LO MagPE 50.000KE/1  Ex=1486.599eV WF=4.000eV Ck=XL Det=MCD Ent=6x12mm Exit=4mm
32059
32267
32048
32290
32940
34676
36073
38174
38689
38593
36155
31305
28654
27808
26632
26339
25956
25536
