Fe on Ga203
  1123.99988  1113.99988    -0.50000     1.00000     2.00000    21    50.0
LO MagPE 50.000KE/1  Ex=1486.599eV WF=4.000eV Ck=XL Det=MCD Ent=6x12mm Exit=4mm
31980
31814
32684
33389
34519
37251
41793
48984
62858
78355
91419
86461
72599
57374
48177
41657
36982
33908
32414
30934
30300
   711.49994   702.99994    -0.50000     1.00000     2.00000    18    50.0
LO MagPE 50.000KE/1  Ex=1486.599eV WF=4.000eV Ck=XL Det=MCD Ent=6x12mm Exit=4mm
30141
30806
30753
31164
32731
32866
33027
35758
36278
35505
32379
30064
27417
26801
26451
26633
25607
25927
