Fe on Ga203
  1123.99988  1113.99988    -0.50000     1.00000     2.00000    21    50.0
LO MagPE 50.000KE/1  Ex=1486.599eV WF=4.000eV Ck=XL Det=MCD Ent=6x12mm Exit=4mm
71265
71373
72187
71972
72683
73379
75326
78527
84670
92416
99027
98916
93713
85887
80237
77533
73894
71194
69781
68914
68758
   711.49994   702.99994    -0.50000     1.00000     2.00000    18    50.0
LO MagPE 50.000KE/1  Ex=1486.599eV WF=4.000eV Ck=XL Det=MCD Ent=6x12mm Exit=4mm
53925
54373
54869
55763
56332
57884
59137
61841
63411
63279
58966
53913
50063
49405
48537
48204
47686
47612
