Fe on Ga203
  1123.99988  1113.99988    -0.50000     1.00000     2.00000    21    50.0
LO MagPE 50.000KE/1  Ex=1486.599eV WF=4.000eV Ck=XL Det=MCD Ent=6x12mm Exit=4mm
33042
32382
32685
33038
34584
36220
39663
46034
56751
68828
78226
75765
64710
51853
44480
39355
35405
32910
32209
30960
30667
   711.49994   702.99994    -0.50000     1.00000     2.00000    18    50.0
LO MagPE 50.000KE/1  Ex=1486.599eV WF=4.000eV Ck=XL Det=MCD Ent=6x12mm Exit=4mm
30530
30833
31311
30897
31963
34180
35750
37871
39530
38073
34938
30493
28804
27050
27077
26950
27045
26595
