Fe on Ga203
  1123.99988  1113.99988    -0.50000     1.00000     2.00000    21    50.0
LO MagPE 50.000KE/1  Ex=1486.599eV WF=4.000eV Ck=XL Det=MCD Ent=6x12mm Exit=4mm
90462
91946
91134
94520
96728
99532
105153
117796
135509
153509
174120
174177
154684
133721
119271
107768
100394
95988
92408
90277
89262
   711.49994   702.99994    -0.50000     1.00000     2.00000    18    50.0
LO MagPE 50.000KE/1  Ex=1486.599eV WF=4.000eV Ck=XL Det=MCD Ent=6x12mm Exit=4mm
77218
79751
82858
84069
84108
85412
89541
94308
97017
94858
88423
79690
73616
73132
71421
70844
71017
70474
