Fe on Ga203
  1123.99988  1113.99988    -0.50000     1.00000     2.00000    21    50.0
LO MagPE 50.000KE/1  Ex=1486.599eV WF=4.000eV Ck=XL Det=MCD Ent=6x12mm Exit=4mm
27978
28563
29125
29552
31043
32604
35762
41406
52085
65419
75536
74208
62332
49564
41233
35783
32501
29632
28851
27673
27014
   711.49994   702.99994    -0.50000     1.00000     2.00000    18    50.0
LO MagPE 50.000KE/1  Ex=1486.599eV WF=4.000eV Ck=XL Det=MCD Ent=6x12mm Exit=4mm
24664
25251
25319
26089
26267
26793
28206
28359
30104
30237
28132
23860
22610
21445
21264
21288
21248
21118
