Fe on Ga203
  1123.99988  1113.99988    -0.50000     1.00000     2.00000    21    50.0
LO MagPE 50.000KE/1  Ex=1486.599eV WF=4.000eV Ck=XL Det=MCD Ent=6x12mm Exit=4mm
56247
56287
57254
56720
57723
58539
59539
61994
65990
70969
74911
75422
71526
66112
63374
61812
59224
56804
55609
54892
54630
   711.49994   702.99994    -0.50000     1.00000     2.00000    18    50.0
LO MagPE 50.000KE/1  Ex=1486.599eV WF=4.000eV Ck=XL Det=MCD Ent=6x12mm Exit=4mm
43008
44163
44043
44353
44724
45425
46853
48325
60612
49510
47746
50101
41233
40586
39759
39824
41968
39785
