Fe on Ga203
  1123.99988  1113.99988    -0.50000     1.00000     2.00000    21    50.0
LO MagPE 50.000KE/1  Ex=1486.599eV WF=4.000eV Ck=XL Det=MCD Ent=6x12mm Exit=4mm
49875
50313
50323
50657
50679
51012
52455
54705
57179
62636
65581
66664
63258
59160
57203
54032
52028
50816
48894
48682
47869
   711.49994   702.99994    -0.50000     1.00000     2.00000    18    50.0
LO MagPE 50.000KE/1  Ex=1486.599eV WF=4.000eV Ck=XL Det=MCD Ent=6x12mm Exit=4mm
37270
37128
37628
38453
38255
38717
39483
39977
40779
40617
39633
37869
36705
36105
35246
35784
35344
35296
