Fe on Ga203
  1123.99988  1113.99988    -0.50000     1.00000     2.00000    21    50.0
LO MagPE 50.000KE/1  Ex=1486.599eV WF=4.000eV Ck=XL Det=MCD Ent=6x12mm Exit=4mm
39200
38809
39350
39602
39794
40814
42582
44648
48184
53610
58243
58689
55064
51092
48466
46048
42662
39703
38452
37050
36956
   711.49994   702.99994    -0.50000     1.00000     2.00000    18    50.0
LO MagPE 50.000KE/1  Ex=1486.599eV WF=4.000eV Ck=XL Det=MCD Ent=6x12mm Exit=4mm
28746
29093
29183
29342
29835
29867
31064
32530
32727
33013
32058
28969
27277
26962
26484
26251
25788
25711
