Fe on Ga203
  1123.99988  1113.99988    -0.50000     1.00000     2.00000    21    50.0
LO MagPE 50.000KE/1  Ex=1486.599eV WF=4.000eV Ck=XL Det=MCD Ent=6x12mm Exit=4mm
31280
31272
31386
31372
32033
32416
33398
35059
36968
40855
43389
44197
42016
39522
38579
37156
34582
32601
30938
29715
29706
   711.49994   702.99994    -0.50000     1.00000     2.00000    18    50.0
LO MagPE 50.000KE/1  Ex=1486.599eV WF=4.000eV Ck=XL Det=MCD Ent=6x12mm Exit=4mm
20500
20975
20558
20838
20764
21181
21553
22163
22806
22770
22006
20594
19398
18891
18565
18630
18431
18753
