Fe on Ga203
  1123.99988  1113.99988    -0.50000     1.00000     2.00000    21    50.0
LO MagPE 50.000KE/1  Ex=1486.599eV WF=4.000eV Ck=XL Det=MCD Ent=6x12mm Exit=4mm
45825
45971
46051
46574
47080
47383
49025
51706
55510
61448
65799
67050
63116
57682
54605
52560
48582
46448
45014
44511
44314
   711.49994   702.99994    -0.50000     1.00000     2.00000    18    50.0
LO MagPE 50.000KE/1  Ex=1486.599eV WF=4.000eV Ck=XL Det=MCD Ent=6x12mm Exit=4mm
36845
37828
37512
38737
37973
38747
39984
40930
42498
42515
40571
37339
34586
33220
33346
33310
33190
32858
