Fe on Ga203
  1123.99988  1113.99988    -0.50000     1.00000     2.00000    21    50.0
LO MagPE 50.000KE/1  Ex=1486.599eV WF=4.000eV Ck=XL Det=MCD Ent=6x12mm Exit=4mm
79070
79032
80131
80267
81578
82262
85667
90459
97345
107664
117212
117896
109776
101486
94913
88896
85310
81453
78340
77211
76323
   711.49994   702.99994    -0.50000     1.00000     2.00000    18    50.0
LO MagPE 50.000KE/1  Ex=1486.599eV WF=4.000eV Ck=XL Det=MCD Ent=6x12mm Exit=4mm
61343
61503
61533
61903
61736
62601
62309
64364
66221
66894
64364
61415
59207
58412
58110
57945
57368
57577
