Fe on Ga203
  1123.99988  1113.99988    -0.50000     1.00000     2.00000    21    50.0
LO MagPE 50.000KE/1  Ex=1486.599eV WF=4.000eV Ck=XL Det=MCD Ent=6x12mm Exit=4mm
91925
91456
92219
93748
95569
100311
106878
118410
137779
162216
183757
183033
160167
136326
119158
108282
99925
94218
91103
90853
88015
   711.49994   702.99994    -0.50000     1.00000     2.00000    18    50.0
LO MagPE 50.000KE/1  Ex=1486.599eV WF=4.000eV Ck=XL Det=MCD Ent=6x12mm Exit=4mm
73994
73050
74115
73921
74511
76298
77858
78009
80122
79635
77131
71802
70031
67889
67378
66939
68022
67603
