Fe on Ga203
  1123.99988  1113.99988    -0.50000     1.00000     2.00000    21    50.0
LO MagPE 50.000KE/1  Ex=1486.599eV WF=4.000eV Ck=XL Det=MCD Ent=6x12mm Exit=4mm
31390
32208
32938
32970
34811
37289
41782
50190
63270
78867
89391
87571
72758
58452
48362
42838
38211
35900
34400
32547
32357
   711.49994   702.99994    -0.50000     1.00000     2.00000    18    50.0
LO MagPE 50.000KE/1  Ex=1486.599eV WF=4.000eV Ck=XL Det=MCD Ent=6x12mm Exit=4mm
32157
32318
32818
33837
33478
34750
36406
36628
38069
38149
35733
32884
29631
28539
28193
28067
27578
27246
