Fe on Ga203
  1123.99988  1113.99988    -0.50000     1.00000     2.00000    21    50.0
LO MagPE 50.000KE/1  Ex=1486.599eV WF=4.000eV Ck=XL Det=MCD Ent=6x12mm Exit=4mm
44929
44642
45101
45380
45045
45782
46127
48034
51096
54678
58058
58306
55350
52419
50786
49217
47166
44800
43877
43636
43462
   711.49994   702.99994    -0.50000     1.00000     2.00000    18    50.0
LO MagPE 50.000KE/1  Ex=1486.599eV WF=4.000eV Ck=XL Det=MCD Ent=6x12mm Exit=4mm
33645
34099
34323
34617
35005
36045
36893
38198
39003
40417
38117
34385
31677
30465
30431
30126
29976
29662
