Fe on Ga203
  1123.99988  1113.99988    -0.50000     1.00000     2.00000    21    50.0
LO MagPE 50.000KE/1  Ex=1486.599eV WF=4.000eV Ck=XL Det=MCD Ent=6x12mm Exit=4mm
33464
34255
35676
36087
37740
39556
45012
51989
64245
80411
91614
90211
75099
60151
49434
44195
38963
36440
34170
33728
32832
   711.49994   702.99994    -0.50000     1.00000     2.00000    18    50.0
LO MagPE 50.000KE/1  Ex=1486.599eV WF=4.000eV Ck=XL Det=MCD Ent=6x12mm Exit=4mm
33260
32589
32525
33161
34376
35574
36385
37843
40033
39484
36959
32389
29384
28825
28372
27444
27565
26405
