Fe on Ga203
  1123.99988  1113.99988    -0.50000     1.00000     2.00000    21    50.0
LO MagPE 50.000KE/1  Ex=1486.599eV WF=4.000eV Ck=XL Det=MCD Ent=6x12mm Exit=4mm
91101
93171
93401
94616
97108
101083
108601
118956
139327
162734
182458
176973
158199
134103
116244
105605
96854
91546
87523
87354
87150
   711.49994   702.99994    -0.50000     1.00000     2.00000    18    50.0
LO MagPE 50.000KE/1  Ex=1486.599eV WF=4.000eV Ck=XL Det=MCD Ent=6x12mm Exit=4mm
82598
81826
83013
84405
82906
86044
89027
93245
97038
95771
90271
81924
73913
71158
69717
69653
67788
68668
