Fe on Ga203
  1123.99988  1113.99988    -0.50000     1.00000     2.00000    21    50.0
LO MagPE 50.000KE/1  Ex=1486.599eV WF=4.000eV Ck=XL Det=MCD Ent=6x12mm Exit=4mm
29978
31941
32446
31832
33356
36527
39019
46078
55808
68472
78823
77529
65832
52642
42869
39758
35757
32217
30318
30630
30363
   711.49994   702.99994    -0.50000     1.00000     2.00000    18    50.0
LO MagPE 50.000KE/1  Ex=1486.599eV WF=4.000eV Ck=XL Det=MCD Ent=6x12mm Exit=4mm
27718
27941
28864
27541
29249
29234
29108
33744
33360
31907
31726
28312
25239
24410
24676
26018
23112
23592
