Fe on Ga203
  1123.99988  1113.99988    -0.50000     1.00000     2.00000    21    50.0
LO MagPE 50.000KE/1  Ex=1486.599eV WF=4.000eV Ck=XL Det=MCD Ent=6x12mm Exit=4mm
79773
78674
80061
80433
81995
84010
86905
94053
104705
118964
130607
132287
119659
106854
97587
90582
85780
80741
78306
76722
76051
   711.49994   702.99994    -0.50000     1.00000     2.00000    18    50.0
LO MagPE 50.000KE/1  Ex=1486.599eV WF=4.000eV Ck=XL Det=MCD Ent=6x12mm Exit=4mm
62308
63025
62469
63418
64002
64236
65539
66934
68305
68582
65738
62448
59471
59000
57621
57213
57058
56936
