Fe on Ga203
  1123.99988  1113.99988    -0.50000     1.00000     2.00000    21    50.0
LO MagPE 50.000KE/1  Ex=1486.599eV WF=4.000eV Ck=XL Det=MCD Ent=6x12mm Exit=4mm
28443
28306
28920
29928
30698
33110
36587
42058
52357
64385
74850
71094
61168
48119
41222
35891
32841
30513
28798
28364
27913
   711.49994   702.99994    -0.50000     1.00000     2.00000    18    50.0
LO MagPE 50.000KE/1  Ex=1486.599eV WF=4.000eV Ck=XL Det=MCD Ent=6x12mm Exit=4mm
26447
27825
27253
27737
29212
28961
29768
31202
32586
32494
30461
26560
24880
24104
24287
23597
22976
23303
