Fe on Ga203
  1123.99988  1113.99988    -0.50000     1.00000     2.00000    21    50.0
LO MagPE 50.000KE/1  Ex=1486.599eV WF=4.000eV Ck=XL Det=MCD Ent=6x12mm Exit=4mm
33361
33581
34042
35472
36158
38379
42454
49247
61117
75657
88133
85027
71252
56269
45925
39271
37285
33877
32478
31902
32073
   711.49994   702.99994    -0.50000     1.00000     2.00000    18    50.0
LO MagPE 50.000KE/1  Ex=1486.599eV WF=4.000eV Ck=XL Det=MCD Ent=6x12mm Exit=4mm
31177
31816
30962
32883
33198
34152
35609
36144
38690
37503
33059
30624
27514
26631
26342
26675
27724
26951
