Fe on Ga203
  1123.99988  1113.99988    -0.50000     1.00000     2.00000    21    50.0
LO MagPE 50.000KE/1  Ex=1486.599eV WF=4.000eV Ck=XL Det=MCD Ent=6x12mm Exit=4mm
32686
33625
33285
34453
37408
40273
45270
52703
64438
79439
91559
89547
74350
59547
49437
42889
38566
36929
35533
33810
32454
   711.49994   702.99994    -0.50000     1.00000     2.00000    18    50.0
LO MagPE 50.000KE/1  Ex=1486.599eV WF=4.000eV Ck=XL Det=MCD Ent=6x12mm Exit=4mm
30951
32537
32528
32539
32738
32898
34678
35230
36870
37283
35824
31950
29867
28157
27639
27656
27893
27484
