Fe on Ga203
  1123.99988  1113.99988    -0.50000     1.00000     2.00000    21    50.0
LO MagPE 50.000KE/1  Ex=1486.599eV WF=4.000eV Ck=XL Det=MCD Ent=6x12mm Exit=4mm
83638
83873
83728
85152
87302
88287
93012
101531
111952
128749
141466
141707
127979
113602
103328
96824
89854
85352
81807
79969
79070
   711.49994   702.99994    -0.50000     1.00000     2.00000    18    50.0
LO MagPE 50.000KE/1  Ex=1486.599eV WF=4.000eV Ck=XL Det=MCD Ent=6x12mm Exit=4mm
66261
67941
68942
68419
69173
69807
71325
72405
74954
73893
71038
67408
63643
61967
61849
61697
61607
61454
