Fe on Ga203
  1123.99988  1113.99988    -0.50000     1.00000     2.00000    21    50.0
LO MagPE 50.000KE/1  Ex=1486.599eV WF=4.000eV Ck=XL Det=MCD Ent=6x12mm Exit=4mm
27439
27419
27805
28288
29911
32245
34753
41614
51212
64611
74143
73881
63221
49155
39352
34810
31469
29417
27564
27136
26001
   711.49994   702.99994    -0.50000     1.00000     2.00000    18    50.0
LO MagPE 50.000KE/1  Ex=1486.599eV WF=4.000eV Ck=XL Det=MCD Ent=6x12mm Exit=4mm
23955
24295
24775
24446
25809
26671
26951
28723
29523
29196
26021
22905
21395
21476
20732
20052
19787
20380
