Fe on Ga203
  1123.99988  1113.99988    -0.50000     1.00000     2.00000    21    50.0
LO MagPE 50.000KE/1  Ex=1486.599eV WF=4.000eV Ck=XL Det=MCD Ent=6x12mm Exit=4mm
38043
38138
38317
38207
38888
39759
41063
43609
46968
53338
57340
58314
54139
50122
47174
45316
41858
38947
36904
36445
36135
   711.49994   702.99994    -0.50000     1.00000     2.00000    18    50.0
LO MagPE 50.000KE/1  Ex=1486.599eV WF=4.000eV Ck=XL Det=MCD Ent=6x12mm Exit=4mm
25760
26900
27107
27028
26869
27983
28144
28934
29886
29879
28910
26889
25199
24496
23978
24011
23929
23870
