Fe on Ga203
  1123.99988  1113.99988    -0.50000     1.00000     2.00000    21    50.0
LO MagPE 50.000KE/1  Ex=1486.599eV WF=4.000eV Ck=XL Det=MCD Ent=6x12mm Exit=4mm
28049
28556
28504
29198
30207
32621
35787
42552
52880
65171
74760
75085
62641
49868
41752
36191
32331
29688
28699
28004
26443
   711.49994   702.99994    -0.50000     1.00000     2.00000    18    50.0
LO MagPE 50.000KE/1  Ex=1486.599eV WF=4.000eV Ck=XL Det=MCD Ent=6x12mm Exit=4mm
25200
26312
26773
26813
27062
28442
29679
30677
31784
31535
27506
25616
22615
22067
20968
20851
21939
21246
