Fe on Ga203
  1123.99988  1113.99988    -0.50000     1.00000     2.00000    21    50.0
LO MagPE 50.000KE/1  Ex=1486.599eV WF=4.000eV Ck=XL Det=MCD Ent=6x12mm Exit=4mm
80205
81065
81899
83046
84467
87477
94893
105692
123580
146190
163175
162846
141054
120043
106738
98336
90168
83984
79406
77621
77876
   711.49994   702.99994    -0.50000     1.00000     2.00000    18    50.0
LO MagPE 50.000KE/1  Ex=1486.599eV WF=4.000eV Ck=XL Det=MCD Ent=6x12mm Exit=4mm
69604
71859
73597
72614
75017
74735
78016
78789
81900
80959
77808
72475
66755
65002
63799
64118
64655
63337
