Fe on Ga203
  1123.99988  1113.99988    -0.50000     1.00000     2.00000    21    50.0
LO MagPE 50.000KE/1  Ex=1486.599eV WF=4.000eV Ck=XL Det=MCD Ent=6x12mm Exit=4mm
28439
28466
29501
30270
31219
33168
36616
44206
54546
68403
78913
76980
63223
50554
40737
36341
32370
29261
27936
27051
27286
   711.49994   702.99994    -0.50000     1.00000     2.00000    18    50.0
LO MagPE 50.000KE/1  Ex=1486.599eV WF=4.000eV Ck=XL Det=MCD Ent=6x12mm Exit=4mm
27406
27393
27753
27900
28229
28913
30380
30815
31864
31788
29783
26476
24725
24345
24790
23386
23988
23700
