Fe on Ga203
  1123.99988  1113.99988    -0.50000     1.00000     2.00000    21    50.0
LO MagPE 50.000KE/1  Ex=1486.599eV WF=4.000eV Ck=XL Det=MCD Ent=6x12mm Exit=4mm
80047
79952
81016
81833
82458
84638
87626
94189
104636
118779
130195
129994
118822
104180
95477
89705
85234
80402
78591
77394
77505
   711.49994   702.99994    -0.50000     1.00000     2.00000    18    50.0
LO MagPE 50.000KE/1  Ex=1486.599eV WF=4.000eV Ck=XL Det=MCD Ent=6x12mm Exit=4mm
67014
68133
68175
69655
70238
72851
74765
78692
80084
80648
72920
66725
60945
59943
57582
57352
57530
57131
