Fe on Ga203
  1123.99988  1113.99988    -0.50000     1.00000     2.00000    21    50.0
LO MagPE 50.000KE/1  Ex=1486.599eV WF=4.000eV Ck=XL Det=MCD Ent=6x12mm Exit=4mm
52254
52263
52304
53354
53597
54720
56560
59830
65372
73182
81043
80948
75470
69167
64039
60299
56552
54006
52030
50749
49699
   711.49994   702.99994    -0.50000     1.00000     2.00000    18    50.0
LO MagPE 50.000KE/1  Ex=1486.599eV WF=4.000eV Ck=XL Det=MCD Ent=6x12mm Exit=4mm
41535
42131
42988
43309
43277
44353
44365
46791
48949
48413
45710
41996
39185
38489
38204
38077
37644
36880
