Fe on Ga203
  1123.99988  1113.99988    -0.50000     1.00000     2.00000    21    50.0
LO MagPE 50.000KE/1  Ex=1486.599eV WF=4.000eV Ck=XL Det=MCD Ent=6x12mm Exit=4mm
75826
75994
76044
76194
77288
79693
81058
87485
95580
107602
116578
116635
107705
95705
88795
84101
80462
76591
74489
74052
73726
   711.49994   702.99994    -0.50000     1.00000     2.00000    18    50.0
LO MagPE 50.000KE/1  Ex=1486.599eV WF=4.000eV Ck=XL Det=MCD Ent=6x12mm Exit=4mm
63426
62741
63581
64055
65330
66739
69312
74278
74332
73302
68136
62192
57160
54635
54603
54388
53439
53970
