Fe on Ga203
  1123.99988  1113.99988    -0.50000     1.00000     2.00000    21    50.0
LO MagPE 50.000KE/1  Ex=1486.599eV WF=4.000eV Ck=XL Det=MCD Ent=6x12mm Exit=4mm
74785
75567
76206
76596
77303
78332
81542
87614
96502
107978
117318
116208
108038
97614
90723
85712
80538
77207
75124
73904
73097
   711.49994   702.99994    -0.50000     1.00000     2.00000    18    50.0
LO MagPE 50.000KE/1  Ex=1486.599eV WF=4.000eV Ck=XL Det=MCD Ent=6x12mm Exit=4mm
61700
61829
62942
63887
63736
65372
67961
70018
72948
72669
69084
61786
58131
55520
54659
54448
53739
53243
