Fe on Ga203
  1123.99988  1113.99988    -0.50000     1.00000     2.00000    21    50.0
LO MagPE 50.000KE/1  Ex=1486.599eV WF=4.000eV Ck=XL Det=MCD Ent=6x12mm Exit=4mm
33700
33821
33463
34116
34663
34705
36153
37757
41216
44765
47769
47846
45295
41726
39925
38322
36123
34210
33442
33220
32121
   711.49994   702.99994    -0.50000     1.00000     2.00000    18    50.0
LO MagPE 50.000KE/1  Ex=1486.599eV WF=4.000eV Ck=XL Det=MCD Ent=6x12mm Exit=4mm
23453
23307
23826
23379
23956
24385
25326
25860
26138
26667
25317
23866
22032
21537
21683
21072
20755
21076
