Fe on Ga203
  1123.99988  1113.99988    -0.50000     1.00000     2.00000    21    50.0
LO MagPE 50.000KE/1  Ex=1486.599eV WF=4.000eV Ck=XL Det=MCD Ent=6x12mm Exit=4mm
35484
35806
36438
38052
38965
40065
45004
51332
65009
79440
93302
90966
76036
60550
49929
46462
41901
36689
35273
34681
33426
   711.49994   702.99994    -0.50000     1.00000     2.00000    18    50.0
LO MagPE 50.000KE/1  Ex=1486.599eV WF=4.000eV Ck=XL Det=MCD Ent=6x12mm Exit=4mm
30763
31195
30995
31501
32552
32492
33815
34099
35252
34856
32671
29646
29890
28452
28270
28085
27864
26879
