Fe on Ga203
  1123.99988  1113.99988    -0.50000     1.00000     2.00000    21    50.0
LO MagPE 50.000KE/1  Ex=1486.599eV WF=4.000eV Ck=XL Det=MCD Ent=6x12mm Exit=4mm
84562
85858
86401
87389
88836
91627
96426
103387
117941
132083
145939
144707
131494
115419
104420
97006
91805
88292
85097
83827
82579
   711.49994   702.99994    -0.50000     1.00000     2.00000    18    50.0
LO MagPE 50.000KE/1  Ex=1486.599eV WF=4.000eV Ck=XL Det=MCD Ent=6x12mm Exit=4mm
72049
72335
73422
74644
76427
78397
81492
86045
87755
86666
78349
69503
64241
62062
61356
61338
60972
61089
