Fe on Ga203
  1123.99988  1113.99988    -0.50000     1.00000     2.00000    21    50.0
LO MagPE 50.000KE/1  Ex=1486.599eV WF=4.000eV Ck=XL Det=MCD Ent=6x12mm Exit=4mm
92328
92559
94437
96384
96403
99977
107391
119916
139578
166628
187397
187709
165175
137362
119085
108829
100881
95432
91995
91024
88811
   711.49994   702.99994    -0.50000     1.00000     2.00000    18    50.0
LO MagPE 50.000KE/1  Ex=1486.599eV WF=4.000eV Ck=XL Det=MCD Ent=6x12mm Exit=4mm
72478
73377
74000
73361
74047
75506
77785
78037
79858
78639
75923
72726
69392
68220
68631
67295
67000
67452
