Fe on Ga203
  1123.99988  1113.99988    -0.50000     1.00000     2.00000    21    50.0
LO MagPE 50.000KE/1  Ex=1486.599eV WF=4.000eV Ck=XL Det=MCD Ent=6x12mm Exit=4mm
33488
32979
32825
35233
36481
37594
42078
48445
59546
74496
83100
79978
68800
56112
48446
42556
38343
35625
33853
32215
30731
   711.49994   702.99994    -0.50000     1.00000     2.00000    18    50.0
LO MagPE 50.000KE/1  Ex=1486.599eV WF=4.000eV Ck=XL Det=MCD Ent=6x12mm Exit=4mm
32260
33811
33981
33162
32796
34478
36474
39955
40215
38639
34412
31005
29060
28473
27787
27888
27638
27484
