Fe on Ga203
  1123.99988  1113.99988    -0.50000     1.00000     2.00000    21    50.0
LO MagPE 50.000KE/1  Ex=1486.599eV WF=4.000eV Ck=XL Det=MCD Ent=6x12mm Exit=4mm
87389
88191
88385
89925
90964
94044
97700
105494
119057
136373
150143
149167
135808
119690
108646
103063
96404
91008
87640
86826
84603
   711.49994   702.99994    -0.50000     1.00000     2.00000    18    50.0
LO MagPE 50.000KE/1  Ex=1486.599eV WF=4.000eV Ck=XL Det=MCD Ent=6x12mm Exit=4mm
68791
70105
68675
70230
70666
70897
72788
73989
74643
73735
72771
68441
65536
63489
64289
64517
63028
64641
