Fe on Ga203
  1123.99988  1113.99988    -0.50000     1.00000     2.00000    21    50.0
LO MagPE 50.000KE/1  Ex=1486.599eV WF=4.000eV Ck=XL Det=MCD Ent=6x12mm Exit=4mm
63135
63648
63936
65048
66180
69012
72958
80653
93117
108722
122345
122321
109068
94227
83644
76007
69855
65301
62914
61664
60727
   711.49994   702.99994    -0.50000     1.00000     2.00000    18    50.0
LO MagPE 50.000KE/1  Ex=1486.599eV WF=4.000eV Ck=XL Det=MCD Ent=6x12mm Exit=4mm
53570
53820
55307
55199
56281
55770
56921
59504
61231
61714
58457
53276
50359
49256
48658
47751
48658
48864
