Fe on Ga203
  1123.99988  1113.99988    -0.50000     1.00000     2.00000    21    50.0
LO MagPE 50.000KE/1  Ex=1486.599eV WF=4.000eV Ck=XL Det=MCD Ent=6x12mm Exit=4mm
74060
74988
74454
76223
77923
80641
85899
97777
114298
135970
153530
152940
134081
111425
96303
88038
81852
77265
73277
71910
70318
   711.49994   702.99994    -0.50000     1.00000     2.00000    18    50.0
LO MagPE 50.000KE/1  Ex=1486.599eV WF=4.000eV Ck=XL Det=MCD Ent=6x12mm Exit=4mm
60823
62647
61239
62053
62687
63219
64634
66620
68583
69881
65255
60836
56891
55848
55679
55311
54612
55077
