Fe on Ga203
  1123.99988  1113.99988    -0.50000     1.00000     2.00000    21    50.0
LO MagPE 50.000KE/1  Ex=1486.599eV WF=4.000eV Ck=XL Det=MCD Ent=6x12mm Exit=4mm
50765
51032
51354
52290
52746
54122
56058
59910
67075
75942
83494
84966
77756
68741
62484
58440
54611
52350
50087
49098
48644
   711.49994   702.99994    -0.50000     1.00000     2.00000    18    50.0
LO MagPE 50.000KE/1  Ex=1486.599eV WF=4.000eV Ck=XL Det=MCD Ent=6x12mm Exit=4mm
39194
39380
40367
40793
41113
42003
42892
44203
46663
46394
43490
39754
36353
34936
34653
34056
33923
33783
