Fe on Ga203
  1123.99988  1113.99988    -0.50000     1.00000     2.00000    21    50.0
LO MagPE 50.000KE/1  Ex=1486.599eV WF=4.000eV Ck=XL Det=MCD Ent=6x12mm Exit=4mm
32207
32579
33172
34667
36321
38831
44414
54597
70238
88680
100632
96475
79915
61816
49916
43301
37950
35247
32731
31179
31436
   711.49994   702.99994    -0.50000     1.00000     2.00000    18    50.0
LO MagPE 50.000KE/1  Ex=1486.599eV WF=4.000eV Ck=XL Det=MCD Ent=6x12mm Exit=4mm
30596
30172
31503
32306
31877
32484
33891
35231
35016
34827
32915
30473
28045
27849
27474
27652
27356
27631
