Fe on Ga203
  1123.99988  1113.99988    -0.50000     1.00000     2.00000    21    50.0
LO MagPE 50.000KE/1  Ex=1486.599eV WF=4.000eV Ck=XL Det=MCD Ent=6x12mm Exit=4mm
64962
64762
64987
65125
66293
67297
69300
72392
77625
84709
90739
91082
86457
80101
75788
73346
69146
65391
63539
63111
62700
   711.49994   702.99994    -0.50000     1.00000     2.00000    18    50.0
LO MagPE 50.000KE/1  Ex=1486.599eV WF=4.000eV Ck=XL Det=MCD Ent=6x12mm Exit=4mm
49160
49418
50056
51124
50926
52214
52665
53510
54631
54664
53345
50370
48123
47419
46806
47240
46447
47548
