Fe on Ga203
  1123.99988  1113.99988    -0.50000     1.00000     2.00000    21    50.0
LO MagPE 50.000KE/1  Ex=1486.599eV WF=4.000eV Ck=XL Det=MCD Ent=6x12mm Exit=4mm
51725
52240
51853
51872
51978
53128
53813
55292
59052
61524
64699
65712
63077
60662
59169
58661
56112
53301
52347
52263
51611
   711.49994   702.99994    -0.50000     1.00000     2.00000    18    50.0
LO MagPE 50.000KE/1  Ex=1486.599eV WF=4.000eV Ck=XL Det=MCD Ent=6x12mm Exit=4mm
37803
38203
38605
39047
38822
39234
39634
39390
40527
40854
39556
37887
36927
36632
36817
36013
35901
35744
