Fe on Ga203
  1123.99988  1113.99988    -0.50000     1.00000     2.00000    21    50.0
LO MagPE 50.000KE/1  Ex=1486.599eV WF=4.000eV Ck=XL Det=MCD Ent=6x12mm Exit=4mm
101196
100901
101352
103137
100637
106460
113192
118066
140668
160521
178710
177783
154830
135420
127776
119430
108910
100343
98507
97980
97975
   711.49994   702.99994    -0.50000     1.00000     2.00000    18    50.0
LO MagPE 50.000KE/1  Ex=1486.599eV WF=4.000eV Ck=XL Det=MCD Ent=6x12mm Exit=4mm
80345
82584
86676
87720
90610
91666
95189
99554
103324
100554
92578
82320
77248
73729
71176
71346
70936
70684
