Fe on Ga203
  1123.99988  1113.99988    -0.50000     1.00000     2.00000    21    50.0
LO MagPE 50.000KE/1  Ex=1486.599eV WF=4.000eV Ck=XL Det=MCD Ent=6x12mm Exit=4mm
35000
35498
35637
37646
39558
41579
48296
57892
75123
94786
110120
106260
87476
67844
54334
46320
40486
37152
35768
33862
33591
   711.49994   702.99994    -0.50000     1.00000     2.00000    18    50.0
LO MagPE 50.000KE/1  Ex=1486.599eV WF=4.000eV Ck=XL Det=MCD Ent=6x12mm Exit=4mm
30543
31173
32410
31999
31603
32234
33940
34412
34753
35318
32135
29681
28675
28121
27770
27703
27218
28101
