Fe on Ga203
  1123.99988  1113.99988    -0.50000     1.00000     2.00000    21    50.0
LO MagPE 50.000KE/1  Ex=1486.599eV WF=4.000eV Ck=XL Det=MCD Ent=6x12mm Exit=4mm
32722
32676
34016
33678
35865
37926
42017
47411
57933
70435
79815
77990
66836
54006
46197
41442
36516
34168
32694
32399
31786
   711.49994   702.99994    -0.50000     1.00000     2.00000    18    50.0
LO MagPE 50.000KE/1  Ex=1486.599eV WF=4.000eV Ck=XL Det=MCD Ent=6x12mm Exit=4mm
31097
30793
31546
32528
33781
33783
36244
38090
37944
39267
36306
30465
26867
26381
25852
25401
26130
25941
