Fe on Ga203
  1123.99988  1113.99988    -0.50000     1.00000     2.00000    21    50.0
LO MagPE 50.000KE/1  Ex=1486.599eV WF=4.000eV Ck=XL Det=MCD Ent=6x12mm Exit=4mm
82025
83360
83587
84194
84674
87048
90759
96682
107297
120786
133102
133577
123351
110705
101553
95789
89428
84921
82883
81329
80258
   711.49994   702.99994    -0.50000     1.00000     2.00000    18    50.0
LO MagPE 50.000KE/1  Ex=1486.599eV WF=4.000eV Ck=XL Det=MCD Ent=6x12mm Exit=4mm
65872
66108
66369
67335
68500
67477
69513
72653
74070
75201
71698
66823
62629
60977
61292
59842
59380
59967
