Fe on Ga203
  1123.99988  1113.99988    -0.50000     1.00000     2.00000    21    50.0
LO MagPE 50.000KE/1  Ex=1486.599eV WF=4.000eV Ck=XL Det=MCD Ent=6x12mm Exit=4mm
79738
81118
80085
82185
83272
84674
87634
94872
105005
118081
129771
129311
119096
105420
97072
90899
85300
81980
79426
79072
77926
   711.49994   702.99994    -0.50000     1.00000     2.00000    18    50.0
LO MagPE 50.000KE/1  Ex=1486.599eV WF=4.000eV Ck=XL Det=MCD Ent=6x12mm Exit=4mm
64115
65665
65992
68101
69332
69590
73183
76852
79750
79182
72970
64116
59204
58229
56019
56032
55763
56279
