Fe on Ga203
  1123.99988  1113.99988    -0.50000     1.00000     2.00000    21    50.0
LO MagPE 50.000KE/1  Ex=1486.599eV WF=4.000eV Ck=XL Det=MCD Ent=6x12mm Exit=4mm
71959
72687
73525
75204
74884
76353
79023
85456
95415
107530
117383
117093
108789
95624
87581
83185
78182
74678
72487
71846
70294
   711.49994   702.99994    -0.50000     1.00000     2.00000    18    50.0
LO MagPE 50.000KE/1  Ex=1486.599eV WF=4.000eV Ck=XL Det=MCD Ent=6x12mm Exit=4mm
61626
60623
60853
62671
64363
65339
67071
69407
71710
72564
67153
59784
56022
53707
52584
51628
52235
52026
