Fe on Ga203
  1123.99988  1113.99988    -0.50000     1.00000     2.00000    21    50.0
LO MagPE 50.000KE/1  Ex=1486.599eV WF=4.000eV Ck=XL Det=MCD Ent=6x12mm Exit=4mm
32666
31992
31448
31995
33718
34420
38964
44401
55422
67920
78822
78931
64893
50811
43556
38206
33404
31826
29846
29656
28890
   711.49994   702.99994    -0.50000     1.00000     2.00000    18    50.0
LO MagPE 50.000KE/1  Ex=1486.599eV WF=4.000eV Ck=XL Det=MCD Ent=6x12mm Exit=4mm
27636
28620
29238
30218
30670
31516
32466
34325
35753
34917
32234
28602
26240
25146
25099
24635
24479
23572
