Fe on Ga203
  1123.99988  1113.99988    -0.50000     1.00000     2.00000    21    50.0
LO MagPE 50.000KE/1  Ex=1486.599eV WF=4.000eV Ck=XL Det=MCD Ent=6x12mm Exit=4mm
33115
32651
32582
33831
34638
37795
41572
49090
61289
74725
87394
86081
70208
55874
46150
42074
36249
33852
32140
32106
30821
   711.49994   702.99994    -0.50000     1.00000     2.00000    18    50.0
LO MagPE 50.000KE/1  Ex=1486.599eV WF=4.000eV Ck=XL Det=MCD Ent=6x12mm Exit=4mm
31868
32419
31758
33071
33090
33791
35656
36120
38077
37206
35571
31752
30263
28699
27544
28667
28277
27895
