Fe on Ga203
  1123.99988  1113.99988    -0.50000     1.00000     2.00000    21    50.0
LO MagPE 50.000KE/1  Ex=1486.599eV WF=4.000eV Ck=XL Det=MCD Ent=6x12mm Exit=4mm
97824
99718
99315
101647
102133
109461
116700
131978
156732
184127
205898
204738
178078
150269
130212
119958
111163
103376
98849
98374
96068
   711.49994   702.99994    -0.50000     1.00000     2.00000    18    50.0
LO MagPE 50.000KE/1  Ex=1486.599eV WF=4.000eV Ck=XL Det=MCD Ent=6x12mm Exit=4mm
84414
84593
84581
85255
86135
85498
89895
93215
94202
95030
90439
83141
79611
77521
77561
76598
76283
77702
