Fe on Ga203
  1123.99988  1113.99988    -0.50000     1.00000     2.00000    21    50.0
LO MagPE 50.000KE/1  Ex=1486.599eV WF=4.000eV Ck=XL Det=MCD Ent=6x12mm Exit=4mm
95665
96528
94439
100662
104095
101967
112586
129473
149564
185688
204577
195717
166480
139509
127795
118486
108539
101688
98782
96481
94408
   711.49994   702.99994    -0.50000     1.00000     2.00000    18    50.0
LO MagPE 50.000KE/1  Ex=1486.599eV WF=4.000eV Ck=XL Det=MCD Ent=6x12mm Exit=4mm
84857
87066
88939
91036
90931
93577
98357
103182
104662
102466
97212
86510
79354
75534
75326
77410
76507
75171
