Fe on Ga203
  1123.99988  1113.99988    -0.50000     1.00000     2.00000    21    50.0
LO MagPE 50.000KE/1  Ex=1486.599eV WF=4.000eV Ck=XL Det=MCD Ent=6x12mm Exit=4mm
90356
92913
94289
93742
97378
102658
110599
122982
149268
178809
201053
195320
169508
142794
121245
111331
99716
95414
92235
90654
87398
   711.49994   702.99994    -0.50000     1.00000     2.00000    18    50.0
LO MagPE 50.000KE/1  Ex=1486.599eV WF=4.000eV Ck=XL Det=MCD Ent=6x12mm Exit=4mm
77730
79547
80424
82528
80585
79798
82070
84207
86610
88493
85475
78946
74276
74124
73753
70976
72198
73232
