Fe on Ga203
  1123.99988  1113.99988    -0.50000     1.00000     2.00000    21    50.0
LO MagPE 50.000KE/1  Ex=1486.599eV WF=4.000eV Ck=XL Det=MCD Ent=6x12mm Exit=4mm
33644
33819
35268
36104
37934
40814
43980
50266
63117
77083
88876
88421
75589
60602
49365
45222
40402
37355
33227
33240
33976
   711.49994   702.99994    -0.50000     1.00000     2.00000    18    50.0
LO MagPE 50.000KE/1  Ex=1486.599eV WF=4.000eV Ck=XL Det=MCD Ent=6x12mm Exit=4mm
31532
30605
31563
33187
33665
34523
37301
37348
38065
38012
35171
31457
27479
28571
28107
27802
28183
27844
