Fe on Ga203
  1123.99988  1113.99988    -0.50000     1.00000     2.00000    21    50.0
LO MagPE 50.000KE/1  Ex=1486.599eV WF=4.000eV Ck=XL Det=MCD Ent=6x12mm Exit=4mm
61718
62282
62528
63985
64749
66438
69647
76690
86665
100530
110621
111418
101831
89262
80742
74799
69005
63625
61298
60753
58649
   711.49994   702.99994    -0.50000     1.00000     2.00000    18    50.0
LO MagPE 50.000KE/1  Ex=1486.599eV WF=4.000eV Ck=XL Det=MCD Ent=6x12mm Exit=4mm
52232
54204
54092
54183
55165
56148
58068
59651
62435
62163
58456
53654
49388
48509
46922
46837
47451
46878
