Fe on Ga203
  1123.99988  1113.99988    -0.50000     1.00000     2.00000    21    50.0
LO MagPE 50.000KE/1  Ex=1486.599eV WF=4.000eV Ck=XL Det=MCD Ent=6x12mm Exit=4mm
79704
79442
81193
81683
83282
85252
90486
99382
114635
133788
149126
148015
133629
113808
101297
93327
86923
81789
78935
76573
76789
   711.49994   702.99994    -0.50000     1.00000     2.00000    18    50.0
LO MagPE 50.000KE/1  Ex=1486.599eV WF=4.000eV Ck=XL Det=MCD Ent=6x12mm Exit=4mm
61461
61382
61721
62682
63109
64027
64732
66137
67460
67847
65443
62323
58517
57572
57619
57539
57448
57255
