Fe on Ga203
  1123.99988  1113.99988    -0.50000     1.00000     2.00000    21    50.0
LO MagPE 50.000KE/1  Ex=1486.599eV WF=4.000eV Ck=XL Det=MCD Ent=6x12mm Exit=4mm
42570
42181
42550
43344
43170
44399
46120
48967
54024
60038
65716
66249
62190
57103
53479
50947
46969
43950
41743
40943
40910
   711.49994   702.99994    -0.50000     1.00000     2.00000    18    50.0
LO MagPE 50.000KE/1  Ex=1486.599eV WF=4.000eV Ck=XL Det=MCD Ent=6x12mm Exit=4mm
32168
32892
33460
33691
33298
34373
34646
36135
37159
37608
36464
33229
30709
29886
29650
29175
29350
28984
