Fe on Ga203
  1123.99988  1113.99988    -0.50000     1.00000     2.00000    21    50.0
LO MagPE 50.000KE/1  Ex=1486.599eV WF=4.000eV Ck=XL Det=MCD Ent=6x12mm Exit=4mm
29429
29573
29363
30496
31690
34167
37410
44491
54849
69202
79961
78556
65592
52370
41469
37104
34627
31119
29813
29065
28806
   711.49994   702.99994    -0.50000     1.00000     2.00000    18    50.0
LO MagPE 50.000KE/1  Ex=1486.599eV WF=4.000eV Ck=XL Det=MCD Ent=6x12mm Exit=4mm
26020
26253
27206
26903
27412
29062
30004
30588
32502
31521
28749
25386
22804
22617
22215
22107
21376
21656
