Fe on Ga203
  1123.99988  1113.99988    -0.50000     1.00000     2.00000    21    50.0
LO MagPE 50.000KE/1  Ex=1486.599eV WF=4.000eV Ck=XL Det=MCD Ent=6x12mm Exit=4mm
71485
71636
72381
72277
72182
73584
75758
78717
82941
90150
95313
96718
91838
85039
81638
78471
75547
72310
70783
69988
69567
   711.49994   702.99994    -0.50000     1.00000     2.00000    18    50.0
LO MagPE 50.000KE/1  Ex=1486.599eV WF=4.000eV Ck=XL Det=MCD Ent=6x12mm Exit=4mm
54290
54405
54971
54866
55372
55548
56739
57095
57697
57871
57037
54426
53320
52159
51956
51687
52162
51211
