Fe on Ga203
  1123.99988  1113.99988    -0.50000     1.00000     2.00000    21    50.0
LO MagPE 50.000KE/1  Ex=1486.599eV WF=4.000eV Ck=XL Det=MCD Ent=6x12mm Exit=4mm
90304
88257
89002
89696
92397
98306
106454
119044
144863
176472
194435
189577
165383
136464
120234
110051
100700
94252
90601
87899
86779
   711.49994   702.99994    -0.50000     1.00000     2.00000    18    50.0
LO MagPE 50.000KE/1  Ex=1486.599eV WF=4.000eV Ck=XL Det=MCD Ent=6x12mm Exit=4mm
78653
79578
80129
80346
81158
79628
83765
88047
86467
87337
85242
77115
74467
73392
70916
71396
70731
68402
