Fe on Ga203
  1123.99988  1113.99988    -0.50000     1.00000     2.00000    21    50.0
LO MagPE 50.000KE/1  Ex=1486.599eV WF=4.000eV Ck=XL Det=MCD Ent=6x12mm Exit=4mm
90005
91052
91005
93495
94902
100037
105621
119980
144111
170053
192421
190830
167986
140615
119760
108354
99755
94605
90506
87789
86778
   711.49994   702.99994    -0.50000     1.00000     2.00000    18    50.0
LO MagPE 50.000KE/1  Ex=1486.599eV WF=4.000eV Ck=XL Det=MCD Ent=6x12mm Exit=4mm
74124
74268
74840
74319
75539
76797
77910
79982
83740
82346
78217
73126
69473
68130
68096
66712
67390
67840
