Fe on Ga203
  1123.99988  1113.99988    -0.50000     1.00000     2.00000    21    50.0
LO MagPE 50.000KE/1  Ex=1486.599eV WF=4.000eV Ck=XL Det=MCD Ent=6x12mm Exit=4mm
93526
95134
96753
99125
99923
106146
115471
132152
155135
189508
211467
203604
174927
142888
123488
112052
103175
96265
93883
92652
91906
   711.49994   702.99994    -0.50000     1.00000     2.00000    18    50.0
LO MagPE 50.000KE/1  Ex=1486.599eV WF=4.000eV Ck=XL Det=MCD Ent=6x12mm Exit=4mm
83175
85515
85053
85571
85923
86853
87538
91168
94083
93150
88450
84559
78410
77287
76550
76124
77383
75869
