Fe on Ga203
  1123.99988  1113.99988    -0.50000     1.00000     2.00000    21    50.0
LO MagPE 50.000KE/1  Ex=1486.599eV WF=4.000eV Ck=XL Det=MCD Ent=6x12mm Exit=4mm
84714
84662
84939
86135
87645
88748
94165
100465
109961
125537
138391
137038
123111
110027
101564
94837
89125
86523
84943
83201
82158
   711.49994   702.99994    -0.50000     1.00000     2.00000    18    50.0
LO MagPE 50.000KE/1  Ex=1486.599eV WF=4.000eV Ck=XL Det=MCD Ent=6x12mm Exit=4mm
70779
71545
72853
73751
74712
78202
80719
85250
86564
84299
77514
67485
62645
60225
61078
59652
60711
59995
