Fe on Ga203
  1123.99988  1113.99988    -0.50000     1.00000     2.00000    21    50.0
LO MagPE 50.000KE/1  Ex=1486.599eV WF=4.000eV Ck=XL Det=MCD Ent=6x12mm Exit=4mm
71140
70956
70582
71558
71116
71702
74471
77368
82169
87997
93047
93429
88542
83485
79079
76329
74387
71064
70054
69604
68616
   711.49994   702.99994    -0.50000     1.00000     2.00000    18    50.0
LO MagPE 50.000KE/1  Ex=1486.599eV WF=4.000eV Ck=XL Det=MCD Ent=6x12mm Exit=4mm
56920
57152
57735
58400
58717
60729
61701
64546
65981
65456
61240
56232
51897
50872
49614
50573
51159
48708
