Fe on Ga203
  1123.99988  1113.99988    -0.50000     1.00000     2.00000    21    50.0
LO MagPE 50.000KE/1  Ex=1486.599eV WF=4.000eV Ck=XL Det=MCD Ent=6x12mm Exit=4mm
25276
25177
25094
26237
26696
28428
32369
37213
46078
57244
65506
64431
55187
43215
36462
32347
29126
26982
25774
24304
24320
   711.49994   702.99994    -0.50000     1.00000     2.00000    18    50.0
LO MagPE 50.000KE/1  Ex=1486.599eV WF=4.000eV Ck=XL Det=MCD Ent=6x12mm Exit=4mm
22800
23533
23347
23867
24213
24891
26440
27250
28538
28005
24187
22283
20670
19550
19545
18668
19374
18722
