Fe on Ga203
  1123.99988  1113.99988    -0.50000     1.00000     2.00000    21    50.0
LO MagPE 50.000KE/1  Ex=1486.599eV WF=4.000eV Ck=XL Det=MCD Ent=6x12mm Exit=4mm
98679
97279
97217
96526
99147
103911
108138
123002
144791
179917
203255
201090
178036
149779
130342
118907
109054
103597
100331
96953
94910
   711.49994   702.99994    -0.50000     1.00000     2.00000    18    50.0
LO MagPE 50.000KE/1  Ex=1486.599eV WF=4.000eV Ck=XL Det=MCD Ent=6x12mm Exit=4mm
88554
90188
89370
90498
91975
94526
98440
101300
105483
102570
97575
87442
81233
79780
78174
77263
77186
77062
