Fe on Ga203
  1123.99988  1113.99988    -0.50000     1.00000     2.00000    21    50.0
LO MagPE 50.000KE/1  Ex=1486.599eV WF=4.000eV Ck=XL Det=MCD Ent=6x12mm Exit=4mm
30229
30974
32059
33710
34302
37573
42357
50830
66034
82435
93773
89602
73917
57698
46774
40582
35542
33070
30927
29528
29691
   711.49994   702.99994    -0.50000     1.00000     2.00000    18    50.0
LO MagPE 50.000KE/1  Ex=1486.599eV WF=4.000eV Ck=XL Det=MCD Ent=6x12mm Exit=4mm
32061
31785
32869
33151
34080
34501
36192
38190
39735
39409
35532
31776
28417
27588
27449
27414
26254
25894
