Fe on Ga203
  1123.99988  1113.99988    -0.50000     1.00000     2.00000    21    50.0
LO MagPE 50.000KE/1  Ex=1486.599eV WF=4.000eV Ck=XL Det=MCD Ent=6x12mm Exit=4mm
76233
77532
78387
80266
81803
85707
91449
101897
120270
140661
157161
155883
138435
116196
103021
93252
85332
80016
77472
76005
74605
   711.49994   702.99994    -0.50000     1.00000     2.00000    18    50.0
LO MagPE 50.000KE/1  Ex=1486.599eV WF=4.000eV Ck=XL Det=MCD Ent=6x12mm Exit=4mm
69178
70098
70569
70600
72273
73318
75819
76791
79318
79082
76089
68921
65415
62673
62632
61920
61535
62388
