Fe on Ga203
  1123.99988  1113.99988    -0.50000     1.00000     2.00000    21    50.0
LO MagPE 50.000KE/1  Ex=1486.599eV WF=4.000eV Ck=XL Det=MCD Ent=6x12mm Exit=4mm
29838
30651
31602
32104
33406
35731
40017
47561
61694
78606
91687
88796
72910
57078
45272
39200
35406
32509
30277
29769
28723
   711.49994   702.99994    -0.50000     1.00000     2.00000    18    50.0
LO MagPE 50.000KE/1  Ex=1486.599eV WF=4.000eV Ck=XL Det=MCD Ent=6x12mm Exit=4mm
28014
27551
28082
28682
29905
30334
31356
32563
33677
33344
29778
27648
24642
23603
22967
22644
23170
23796
