Fe on Ga203
  1123.99988  1113.99988    -0.50000     1.00000     2.00000    21    50.0
LO MagPE 50.000KE/1  Ex=1486.599eV WF=4.000eV Ck=XL Det=MCD Ent=6x12mm Exit=4mm
25392
25900
25558
26834
27652
28708
31696
36620
44303
54333
61927
60869
52178
41916
35681
31946
28704
26545
25433
24888
24119
   711.49994   702.99994    -0.50000     1.00000     2.00000    18    50.0
LO MagPE 50.000KE/1  Ex=1486.599eV WF=4.000eV Ck=XL Det=MCD Ent=6x12mm Exit=4mm
24446
24348
25140
25734
25856
26830
27914
29224
30181
29893
27617
24083
22010
20923
20323
20538
20377
20470
