Fe on Ga203
  1123.99988  1113.99988    -0.50000     1.00000     2.00000    21    50.0
LO MagPE 50.000KE/1  Ex=1486.599eV WF=4.000eV Ck=XL Det=MCD Ent=6x12mm Exit=4mm
70334
70047
70566
71118
71110
72761
74303
77277
82627
90670
97494
98009
92017
86512
82361
78663
74807
71535
69013
68100
67041
   711.49994   702.99994    -0.50000     1.00000     2.00000    18    50.0
LO MagPE 50.000KE/1  Ex=1486.599eV WF=4.000eV Ck=XL Det=MCD Ent=6x12mm Exit=4mm
53317
53815
53965
54362
54633
54690
55288
56558
57435
57244
55912
53140
51211
50560
50323
50709
50676
49978
