Fe on Ga203
  1123.99988  1113.99988    -0.50000     1.00000     2.00000    21    50.0
LO MagPE 50.000KE/1  Ex=1486.599eV WF=4.000eV Ck=XL Det=MCD Ent=6x12mm Exit=4mm
85864
85706
86883
88145
91021
93290
97787
109141
122608
143616
157659
158372
140666
118864
107012
99339
93568
88319
85818
84571
83803
   711.49994   702.99994    -0.50000     1.00000     2.00000    18    50.0
LO MagPE 50.000KE/1  Ex=1486.599eV WF=4.000eV Ck=XL Det=MCD Ent=6x12mm Exit=4mm
74937
76292
77303
78837
78022
81017
84628
88699
91564
89781
82093
73921
67896
65706
64986
64015
63954
64519
