Fe on Ga203
  1123.99988  1113.99988    -0.50000     1.00000     2.00000    21    50.0
LO MagPE 50.000KE/1  Ex=1486.599eV WF=4.000eV Ck=XL Det=MCD Ent=6x12mm Exit=4mm
60217
60573
60795
61144
63217
63700
66381
71518
80777
92338
102093
103527
93296
82168
74304
69599
64408
61912
59245
58059
57701
   711.49994   702.99994    -0.50000     1.00000     2.00000    18    50.0
LO MagPE 50.000KE/1  Ex=1486.599eV WF=4.000eV Ck=XL Det=MCD Ent=6x12mm Exit=4mm
48826
50090
51088
50004
51701
52468
53385
55435
57592
57449
53662
48670
46557
44581
44907
44393
43574
44158
