Fe on Ga203
  1123.99988  1113.99988    -0.50000     1.00000     2.00000    21    50.0
LO MagPE 50.000KE/1  Ex=1486.599eV WF=4.000eV Ck=XL Det=MCD Ent=6x12mm Exit=4mm
78547
79227
79603
80684
82931
85937
91092
101280
119573
137483
154255
153278
136778
115528
103440
94220
87021
80731
78451
76948
76809
   711.49994   702.99994    -0.50000     1.00000     2.00000    18    50.0
LO MagPE 50.000KE/1  Ex=1486.599eV WF=4.000eV Ck=XL Det=MCD Ent=6x12mm Exit=4mm
71691
71977
71391
72761
75220
74942
75794
79332
81836
82654
77962
71601
67248
63935
64508
63516
63907
63410
