Fe on Ga203
  1123.99988  1113.99988    -0.50000     1.00000     2.00000    21    50.0
LO MagPE 50.000KE/1  Ex=1486.599eV WF=4.000eV Ck=XL Det=MCD Ent=6x12mm Exit=4mm
75329
75564
76278
75961
76571
77595
79240
83647
88020
95201
101544
103966
96892
91027
86637
84252
79320
76782
74712
73123
73142
   711.49994   702.99994    -0.50000     1.00000     2.00000    18    50.0
LO MagPE 50.000KE/1  Ex=1486.599eV WF=4.000eV Ck=XL Det=MCD Ent=6x12mm Exit=4mm
57863
58256
58612
58294
58908
58930
60066
61288
62193
61845
61186
58143
56136
56487
55583
55958
55627
55630
