Fe on Ga203
  1123.99988  1113.99988    -0.50000     1.00000     2.00000    21    50.0
LO MagPE 50.000KE/1  Ex=1486.599eV WF=4.000eV Ck=XL Det=MCD Ent=6x12mm Exit=4mm
88204
89233
89129
91100
93151
95926
103510
114835
132571
158589
176531
176560
156367
130638
115899
105378
97126
91211
88620
86483
85009
   711.49994   702.99994    -0.50000     1.00000     2.00000    18    50.0
LO MagPE 50.000KE/1  Ex=1486.599eV WF=4.000eV Ck=XL Det=MCD Ent=6x12mm Exit=4mm
71668
73182
72374
74160
73886
73318
75972
77641
80096
78938
76876
71665
68605
67092
66358
66496
66082
67165
