Fe on Ga203
  1123.99988  1113.99988    -0.50000     1.00000     2.00000    21    50.0
LO MagPE 50.000KE/1  Ex=1486.599eV WF=4.000eV Ck=XL Det=MCD Ent=6x12mm Exit=4mm
28349
28688
29628
29582
31897
32662
36922
45276
57232
72361
83076
83308
70379
54370
44265
38355
33190
30055
28409
28128
27308
   711.49994   702.99994    -0.50000     1.00000     2.00000    18    50.0
LO MagPE 50.000KE/1  Ex=1486.599eV WF=4.000eV Ck=XL Det=MCD Ent=6x12mm Exit=4mm
23981
25043
25102
25086
26773
26724
27140
28964
30866
29630
27171
23704
21784
20516
20138
20298
20773
20183
