Fe on Ga203
  1123.99988  1113.99988    -0.50000     1.00000     2.00000    21    50.0
LO MagPE 50.000KE/1  Ex=1486.599eV WF=4.000eV Ck=XL Det=MCD Ent=6x12mm Exit=4mm
62499
62416
63101
63374
64573
66876
70396
76570
85908
99514
111352
110678
101523
88520
80609
75114
69078
64430
62343
60771
59649
   711.49994   702.99994    -0.50000     1.00000     2.00000    18    50.0
LO MagPE 50.000KE/1  Ex=1486.599eV WF=4.000eV Ck=XL Det=MCD Ent=6x12mm Exit=4mm
48684
50015
49729
49841
51052
51355
52475
54207
54781
54564
52635
49216
47378
46146
46353
45177
45058
45957
