Fe on Ga203
  1123.99988  1113.99988    -0.50000     1.00000     2.00000    21    50.0
LO MagPE 50.000KE/1  Ex=1486.599eV WF=4.000eV Ck=XL Det=MCD Ent=6x12mm Exit=4mm
31348
30924
32214
32546
33406
35573
41075
45930
57757
74561
85846
83911
69214
56218
46206
39582
35603
33026
31015
30290
29808
   711.49994   702.99994    -0.50000     1.00000     2.00000    18    50.0
LO MagPE 50.000KE/1  Ex=1486.599eV WF=4.000eV Ck=XL Det=MCD Ent=6x12mm Exit=4mm
27151
27828
28454
29143
29138
29787
31022
31838
33218
32361
29979
26433
25228
24116
23687
23150
22508
22491
