Fe on Ga203
  1123.99988  1113.99988    -0.50000     1.00000     2.00000    21    50.0
LO MagPE 50.000KE/1  Ex=1486.599eV WF=4.000eV Ck=XL Det=MCD Ent=6x12mm Exit=4mm
30163
30689
32027
32704
33784
35871
37937
41787
49937
60763
66807
68169
58648
49089
43257
38414
35096
32288
31263
30110
30445
   711.49994   702.99994    -0.50000     1.00000     2.00000    18    50.0
LO MagPE 50.000KE/1  Ex=1486.599eV WF=4.000eV Ck=XL Det=MCD Ent=6x12mm Exit=4mm
27945
27621
27730
28491
29530
31048
32442
33801
35674
34959
30793
27788
25465
23643
23524
23117
22675
22393
