Fe on Ga203
  1123.99988  1113.99988    -0.50000     1.00000     2.00000    21    50.0
LO MagPE 50.000KE/1  Ex=1486.599eV WF=4.000eV Ck=XL Det=MCD Ent=6x12mm Exit=4mm
59784
59911
59891
60393
60671
61116
62897
65676
70495
76571
80981
80494
76558
71184
67369
64724
62794
59796
58899
58090
57450
   711.49994   702.99994    -0.50000     1.00000     2.00000    18    50.0
LO MagPE 50.000KE/1  Ex=1486.599eV WF=4.000eV Ck=XL Det=MCD Ent=6x12mm Exit=4mm
46743
48270
47225
48092
48515
49972
50689
52978
53557
54410
51636
47338
44699
43702
42888
43428
42561
42850
