Fe on Ga203
  1123.99988  1113.99988    -0.50000     1.00000     2.00000    21    50.0
LO MagPE 50.000KE/1  Ex=1486.599eV WF=4.000eV Ck=XL Det=MCD Ent=6x12mm Exit=4mm
31660
31888
32311
32733
33932
35990
40711
46645
58259
72577
82459
78697
65980
50417
42301
38745
34535
32010
31010
29930
29574
   711.49994   702.99994    -0.50000     1.00000     2.00000    18    50.0
LO MagPE 50.000KE/1  Ex=1486.599eV WF=4.000eV Ck=XL Det=MCD Ent=6x12mm Exit=4mm
28662
30014
30560
31504
30838
30904
32633
33750
34802
34596
32147
28240
26915
25153
25538
26372
26794
26312
