Fe on Ga203
  1123.99988  1113.99988    -0.50000     1.00000     2.00000    21    50.0
LO MagPE 50.000KE/1  Ex=1486.599eV WF=4.000eV Ck=XL Det=MCD Ent=6x12mm Exit=4mm
29361
29014
29365
30473
31394
34780
37736
45934
58208
73289
84075
83702
68732
54316
43179
37892
33086
30542
29179
27802
27110
   711.49994   702.99994    -0.50000     1.00000     2.00000    18    50.0
LO MagPE 50.000KE/1  Ex=1486.599eV WF=4.000eV Ck=XL Det=MCD Ent=6x12mm Exit=4mm
27492
28143
29103
29355
30444
30646
32624
33485
34892
34780
31405
27791
25011
24182
24299
23090
23059
23471
