Fe on Ga203
  1123.99988  1113.99988    -0.50000     1.00000     2.00000    21    50.0
LO MagPE 50.000KE/1  Ex=1486.599eV WF=4.000eV Ck=XL Det=MCD Ent=6x12mm Exit=4mm
32881
32697
33879
34912
36637
39447
44603
54143
68546
86787
100585
95407
78235
60452
49408
43386
37892
34472
33406
31726
32031
   711.49994   702.99994    -0.50000     1.00000     2.00000    18    50.0
LO MagPE 50.000KE/1  Ex=1486.599eV WF=4.000eV Ck=XL Det=MCD Ent=6x12mm Exit=4mm
32506
33150
32994
33217
34265
34904
36159
38283
39631
37741
35815
31333
29377
27931
28771
28355
27681
27941
