Fe on Ga203
  1123.99988  1113.99988    -0.50000     1.00000     2.00000    21    50.0
LO MagPE 50.000KE/1  Ex=1486.599eV WF=4.000eV Ck=XL Det=MCD Ent=6x12mm Exit=4mm
88166
87742
88686
90479
91138
93301
97195
104396
116544
131252
142595
142499
131495
116213
106533
98913
95034
90672
86392
86078
86728
   711.49994   702.99994    -0.50000     1.00000     2.00000    18    50.0
LO MagPE 50.000KE/1  Ex=1486.599eV WF=4.000eV Ck=XL Det=MCD Ent=6x12mm Exit=4mm
74384
75921
76698
77440
78692
81414
85076
88569
92566
91008
81747
71975
67626
64243
63302
61216
61476
61600
