Fe on Ga203
  1123.99988  1113.99988    -0.50000     1.00000     2.00000    21    50.0
LO MagPE 50.000KE/1  Ex=1486.599eV WF=4.000eV Ck=XL Det=MCD Ent=6x12mm Exit=4mm
73445
73996
75415
75265
76694
77628
81688
87512
96507
109912
119932
119112
108640
98044
88966
84260
79591
76046
74326
72463
71551
   711.49994   702.99994    -0.50000     1.00000     2.00000    18    50.0
LO MagPE 50.000KE/1  Ex=1486.599eV WF=4.000eV Ck=XL Det=MCD Ent=6x12mm Exit=4mm
60744
61645
62341
63185
63381
65561
68501
70875
73139
72539
67583
60133
56698
54377
52910
52774
52628
53069
