Fe on Ga203
  1123.99988  1113.99988    -0.50000     1.00000     2.00000    21    50.0
LO MagPE 50.000KE/1  Ex=1486.599eV WF=4.000eV Ck=XL Det=MCD Ent=6x12mm Exit=4mm
33813
34373
34972
35682
37155
39677
44865
54314
69076
83954
98081
95381
79709
62143
53115
46122
40881
37567
36587
34038
33639
   711.49994   702.99994    -0.50000     1.00000     2.00000    18    50.0
LO MagPE 50.000KE/1  Ex=1486.599eV WF=4.000eV Ck=XL Det=MCD Ent=6x12mm Exit=4mm
32549
34160
33945
34519
33660
33957
35469
36454
38119
37923
36423
33525
31546
30030
29422
29507
29054
29637
