Fe on Ga203
  1123.99988  1113.99988    -0.50000     1.00000     2.00000    21    50.0
LO MagPE 50.000KE/1  Ex=1486.599eV WF=4.000eV Ck=XL Det=MCD Ent=6x12mm Exit=4mm
81515
85250
86501
89210
90280
95053
100719
110437
135310
162480
182988
180819
158940
130799
112782
104666
95967
93714
90470
85177
87031
   711.49994   702.99994    -0.50000     1.00000     2.00000    18    50.0
LO MagPE 50.000KE/1  Ex=1486.599eV WF=4.000eV Ck=XL Det=MCD Ent=6x12mm Exit=4mm
79909
80662
81587
80222
79321
81361
87403
91549
93252
92408
86767
78055
73806
71917
71581
70592
70598
71044
