Fe on Ga203
  1123.99988  1113.99988    -0.50000     1.00000     2.00000    21    50.0
LO MagPE 50.000KE/1  Ex=1486.599eV WF=4.000eV Ck=XL Det=MCD Ent=6x12mm Exit=4mm
71675
72300
73040
73370
73057
73965
75570
78560
84766
90949
97213
97411
92333
85952
81273
78510
75709
72728
70641
69719
69166
   711.49994   702.99994    -0.50000     1.00000     2.00000    18    50.0
LO MagPE 50.000KE/1  Ex=1486.599eV WF=4.000eV Ck=XL Det=MCD Ent=6x12mm Exit=4mm
54395
54374
55123
54756
54722
55472
56415
58049
58433
58947
57233
54967
52348
51355
51722
51946
51213
51601
