Fe on Ga203
  1123.99988  1113.99988    -0.50000     1.00000     2.00000    21    50.0
LO MagPE 50.000KE/1  Ex=1486.599eV WF=4.000eV Ck=XL Det=MCD Ent=6x12mm Exit=4mm
64369
64650
64310
64603
65617
66176
66991
68737
71721
76243
80711
80218
77012
72568
70222
68851
66356
64279
62999
62401
62295
   711.49994   702.99994    -0.50000     1.00000     2.00000    18    50.0
LO MagPE 50.000KE/1  Ex=1486.599eV WF=4.000eV Ck=XL Det=MCD Ent=6x12mm Exit=4mm
50420
51680
51667
52418
53086
53753
54814
56852
57609
57838
55366
50806
48243
46971
46681
46750
46247
46039
