Fe on Ga203
  1123.99988  1113.99988    -0.50000     1.00000     2.00000    21    50.0
LO MagPE 50.000KE/1  Ex=1486.599eV WF=4.000eV Ck=XL Det=MCD Ent=6x12mm Exit=4mm
89686
89448
85918
88971
91761
96426
103282
122402
151607
184033
208447
204780
174167
142426
122059
109851
99615
92510
87636
87416
85954
   711.49994   702.99994    -0.50000     1.00000     2.00000    18    50.0
LO MagPE 50.000KE/1  Ex=1486.599eV WF=4.000eV Ck=XL Det=MCD Ent=6x12mm Exit=4mm
76844
78793
81436
79455
82440
83110
81834
82763
87409
88505
82487
76625
74804
72219
72269
70042
68562
69261
