Fe on Ga203
  1123.99988  1113.99988    -0.50000     1.00000     2.00000    21    50.0
LO MagPE 50.000KE/1  Ex=1486.599eV WF=4.000eV Ck=XL Det=MCD Ent=6x12mm Exit=4mm
32052
31714
32720
33555
35370
38857
43166
53250
66660
84522
95560
92349
75214
58999
48026
41683
37069
34392
32461
30951
30149
   711.49994   702.99994    -0.50000     1.00000     2.00000    18    50.0
LO MagPE 50.000KE/1  Ex=1486.599eV WF=4.000eV Ck=XL Det=MCD Ent=6x12mm Exit=4mm
32254
32795
33869
34444
34695
35267
37415
37864
41390
39284
37191
32210
28750
27447
27144
27242
26912
26630
