Fe on Ga203
  1123.99988  1113.99988    -0.50000     1.00000     2.00000    21    50.0
LO MagPE 50.000KE/1  Ex=1486.599eV WF=4.000eV Ck=XL Det=MCD Ent=6x12mm Exit=4mm
96988
98202
98499
102923
108025
114050
124012
139577
165415
195479
218850
219181
191113
158375
137791
125001
111977
103524
100648
101110
100139
   711.49994   702.99994    -0.50000     1.00000     2.00000    18    50.0
LO MagPE 50.000KE/1  Ex=1486.599eV WF=4.000eV Ck=XL Det=MCD Ent=6x12mm Exit=4mm
91216
90750
91912
90725
91726
93836
95302
98981
104163
102765
98935
91163
84829
83404
82742
81645
80533
80471
