Fe on Ga203
  1123.99988  1113.99988    -0.50000     1.00000     2.00000    21    50.0
LO MagPE 50.000KE/1  Ex=1486.599eV WF=4.000eV Ck=XL Det=MCD Ent=6x12mm Exit=4mm
87450
87292
87420
91194
94737
98537
106889
123653
147754
181766
201201
202001
172859
140795
118355
108244
98345
91817
86352
87435
84240
   711.49994   702.99994    -0.50000     1.00000     2.00000    18    50.0
LO MagPE 50.000KE/1  Ex=1486.599eV WF=4.000eV Ck=XL Det=MCD Ent=6x12mm Exit=4mm
75953
74989
77013
78897
78360
78465
81767
86916
87898
86939
85085
77678
71302
71666
71695
69865
71029
69865
