Fe on Ga203
  1123.99988  1113.99988    -0.50000     1.00000     2.00000    21    50.0
LO MagPE 50.000KE/1  Ex=1486.599eV WF=4.000eV Ck=XL Det=MCD Ent=6x12mm Exit=4mm
30100
29989
30765
31725
32427
33916
37122
42261
51243
61247
72422
71444
62243
50675
44113
39784
35425
33334
32362
31381
31261
   711.49994   702.99994    -0.50000     1.00000     2.00000    18    50.0
LO MagPE 50.000KE/1  Ex=1486.599eV WF=4.000eV Ck=XL Det=MCD Ent=6x12mm Exit=4mm
28855
28394
29505
30533
31488
31792
32336
34015
35556
33864
31301
28838
27096
25197
24923
24916
24370
24158
