Fe on Ga203
  1123.99988  1113.99988    -0.50000     1.00000     2.00000    21    50.0
LO MagPE 50.000KE/1  Ex=1486.599eV WF=4.000eV Ck=XL Det=MCD Ent=6x12mm Exit=4mm
35510
35556
36429
37822
39983
41835
47838
56518
68726
85086
97063
92855
78025
59999
50326
43381
37926
35487
32983
31830
31899
   711.49994   702.99994    -0.50000     1.00000     2.00000    18    50.0
LO MagPE 50.000KE/1  Ex=1486.599eV WF=4.000eV Ck=XL Det=MCD Ent=6x12mm Exit=4mm
32273
33301
33266
33267
34419
33799
34989
37053
38377
38651
37165
34037
31207
31075
29946
29634
29858
30122
