Fe on Ga203
  1123.99988  1113.99988    -0.50000     1.00000     2.00000    21    50.0
LO MagPE 50.000KE/1  Ex=1486.599eV WF=4.000eV Ck=XL Det=MCD Ent=6x12mm Exit=4mm
61845
62386
62515
63453
63417
63891
66399
68850
74928
81500
88212
88567
83417
77278
73504
71036
66392
62686
61178
59715
59382
   711.49994   702.99994    -0.50000     1.00000     2.00000    18    50.0
LO MagPE 50.000KE/1  Ex=1486.599eV WF=4.000eV Ck=XL Det=MCD Ent=6x12mm Exit=4mm
47559
47934
48017
47897
47636
49149
49324
50598
51691
51178
50447
47315
46079
43968
44667
44646
44349
43979
