Fe on Ga203
  1123.99988  1113.99988    -0.50000     1.00000     2.00000    21    50.0
LO MagPE 50.000KE/1  Ex=1486.599eV WF=4.000eV Ck=XL Det=MCD Ent=6x12mm Exit=4mm
33734
33796
33958
34326
34054
35523
36374
38441
41671
46245
50530
50864
47771
44079
42075
39953
36814
34637
33170
32329
32107
   711.49994   702.99994    -0.50000     1.00000     2.00000    18    50.0
LO MagPE 50.000KE/1  Ex=1486.599eV WF=4.000eV Ck=XL Det=MCD Ent=6x12mm Exit=4mm
24144
23908
23881
24043
24479
24934
25281
25820
26775
26746
26005
24166
22364
21941
21393
21428
21031
21240
