Fe on Ga203
  1123.99988  1113.99988    -0.50000     1.00000     2.00000    21    50.0
LO MagPE 50.000KE/1  Ex=1486.599eV WF=4.000eV Ck=XL Det=MCD Ent=6x12mm Exit=4mm
28623
28696
28891
30179
31028
32692
36818
44028
54808
67624
78631
77832
65639
51116
42449
36806
32431
30576
28941
27259
26968
   711.49994   702.99994    -0.50000     1.00000     2.00000    18    50.0
LO MagPE 50.000KE/1  Ex=1486.599eV WF=4.000eV Ck=XL Det=MCD Ent=6x12mm Exit=4mm
26813
26846
27953
27835
28130
28983
30000
31220
33096
31637
29258
25530
24096
23878
22660
22657
21833
21606
