Fe on Ga203
  1123.99988  1113.99988    -0.50000     1.00000     2.00000    21    50.0
LO MagPE 50.000KE/1  Ex=1486.599eV WF=4.000eV Ck=XL Det=MCD Ent=6x12mm Exit=4mm
61367
62064
62193
62881
63670
65827
67791
73974
82587
94089
103668
104968
95753
83857
75359
71550
66735
63306
60393
59638
58978
   711.49994   702.99994    -0.50000     1.00000     2.00000    18    50.0
LO MagPE 50.000KE/1  Ex=1486.599eV WF=4.000eV Ck=XL Det=MCD Ent=6x12mm Exit=4mm
49661
50336
51500
51912
52406
53057
54156
55630
57571
58502
54473
50337
47649
46197
45160
45444
44515
44865
