Fe on Ga203
  1123.99988  1113.99988    -0.50000     1.00000     2.00000    21    50.0
LO MagPE 50.000KE/1  Ex=1486.599eV WF=4.000eV Ck=XL Det=MCD Ent=6x12mm Exit=4mm
28175
28819
29260
30706
31034
33044
36859
43511
54094
68367
78209
78113
65009
52170
41435
36934
33388
30814
29726
28074
26884
   711.49994   702.99994    -0.50000     1.00000     2.00000    18    50.0
LO MagPE 50.000KE/1  Ex=1486.599eV WF=4.000eV Ck=XL Det=MCD Ent=6x12mm Exit=4mm
25715
27724
27618
27740
28154
29469
31131
31252
32706
33076
29778
25807
24255
23177
22924
22399
22495
22029
