Fe on Ga203
  1123.99988  1113.99988    -0.50000     1.00000     2.00000    21    50.0
LO MagPE 50.000KE/1  Ex=1486.599eV WF=4.000eV Ck=XL Det=MCD Ent=6x12mm Exit=4mm
79115
79587
79863
81698
84097
85646
90578
99986
115627
135065
151059
151645
134545
115114
102985
94450
88064
82459
80200
78341
76659
   711.49994   702.99994    -0.50000     1.00000     2.00000    18    50.0
LO MagPE 50.000KE/1  Ex=1486.599eV WF=4.000eV Ck=XL Det=MCD Ent=6x12mm Exit=4mm
65812
66489
67209
68335
68487
70489
69993
73179
75694
73512
70935
65470
61564
60271
59681
59427
58996
59354
