Fe on Ga203
  1123.99988  1113.99988    -0.50000     1.00000     2.00000    21    50.0
LO MagPE 50.000KE/1  Ex=1486.599eV WF=4.000eV Ck=XL Det=MCD Ent=6x12mm Exit=4mm
53364
52956
53643
54018
54157
55447
56192
59088
63484
68513
72821
72833
69338
64763
61151
58803
56309
54358
52796
51506
51880
   711.49994   702.99994    -0.50000     1.00000     2.00000    18    50.0
LO MagPE 50.000KE/1  Ex=1486.599eV WF=4.000eV Ck=XL Det=MCD Ent=6x12mm Exit=4mm
41795
41849
42188
42418
43800
44588
45778
46656
48308
48591
46045
42269
39919
39351
38192
38005
37551
37314
