Fe on Ga203
  1123.99988  1113.99988    -0.50000     1.00000     2.00000    21    50.0
LO MagPE 50.000KE/1  Ex=1486.599eV WF=4.000eV Ck=XL Det=MCD Ent=6x12mm Exit=4mm
77794
78104
79251
80028
81949
83659
88409
97366
110498
126755
141048
139358
124999
110163
99403
91938
85042
80585
78031
75978
75374
   711.49994   702.99994    -0.50000     1.00000     2.00000    18    50.0
LO MagPE 50.000KE/1  Ex=1486.599eV WF=4.000eV Ck=XL Det=MCD Ent=6x12mm Exit=4mm
71407
72740
73770
75326
74537
77111
81431
85128
87575
86848
81923
70699
65778
62970
62516
62824
61364
60726
