Fe on Ga203
  1123.99988  1113.99988    -0.50000     1.00000     2.00000    21    50.0
LO MagPE 50.000KE/1  Ex=1486.599eV WF=4.000eV Ck=XL Det=MCD Ent=6x12mm Exit=4mm
76708
77163
77322
78139
79228
82751
86454
95095
107851
125269
139231
138201
123780
107745
95609
89498
83220
78435
76156
75030
74819
   711.49994   702.99994    -0.50000     1.00000     2.00000    18    50.0
LO MagPE 50.000KE/1  Ex=1486.599eV WF=4.000eV Ck=XL Det=MCD Ent=6x12mm Exit=4mm
66880
66852
68225
69648
69903
72858
74807
79103
80502
80209
75644
65035
60968
59277
57672
58365
57084
57122
