Fe on Ga203
  1123.99988  1113.99988    -0.50000     1.00000     2.00000    21    50.0
LO MagPE 50.000KE/1  Ex=1486.599eV WF=4.000eV Ck=XL Det=MCD Ent=6x12mm Exit=4mm
63275
64578
65205
65637
67537
70061
74188
82042
94690
112593
127159
126261
112876
94941
83106
76701
69820
65679
62803
61422
60943
   711.49994   702.99994    -0.50000     1.00000     2.00000    18    50.0
LO MagPE 50.000KE/1  Ex=1486.599eV WF=4.000eV Ck=XL Det=MCD Ent=6x12mm Exit=4mm
53346
54732
55476
56221
56370
57005
58686
60918
62639
63354
59629
55205
50903
50429
50272
49263
49157
48721
