Fe on Ga203
  1123.99988  1113.99988    -0.50000     1.00000     2.00000    21    50.0
LO MagPE 50.000KE/1  Ex=1486.599eV WF=4.000eV Ck=XL Det=MCD Ent=6x12mm Exit=4mm
85455
86182
86161
86051
87254
89469
92815
98311
107313
119007
127562
128071
118380
107166
99831
95284
90961
88531
85423
84670
84238
   711.49994   702.99994    -0.50000     1.00000     2.00000    18    50.0
LO MagPE 50.000KE/1  Ex=1486.599eV WF=4.000eV Ck=XL Det=MCD Ent=6x12mm Exit=4mm
70449
71712
72687
74372
75778
76815
80344
84009
88179
84972
77991
69788
64030
61409
61121
60081
60391
60074
