Fe on Ga203
  1123.99988  1113.99988    -0.50000     1.00000     2.00000    21    50.0
LO MagPE 50.000KE/1  Ex=1486.599eV WF=4.000eV Ck=XL Det=MCD Ent=6x12mm Exit=4mm
83915
84334
85112
86464
86352
90342
95268
101811
116895
134609
151140
150985
134946
116180
104250
97431
91585
86015
82348
81655
80215
   711.49994   702.99994    -0.50000     1.00000     2.00000    18    50.0
LO MagPE 50.000KE/1  Ex=1486.599eV WF=4.000eV Ck=XL Det=MCD Ent=6x12mm Exit=4mm
65021
65474
66275
66832
65913
67499
68798
70590
71408
72687
69513
65175
61819
60280
60621
59941
60315
59141
