Fe on Ga203
  1123.99988  1113.99988    -0.50000     1.00000     2.00000    21    50.0
LO MagPE 50.000KE/1  Ex=1486.599eV WF=4.000eV Ck=XL Det=MCD Ent=6x12mm Exit=4mm
30013
30442
30446
30993
32139
32845
36287
41217
48583
59089
68992
68871
59879
49696
43104
38492
35538
32808
31049
30579
30642
   711.49994   702.99994    -0.50000     1.00000     2.00000    18    50.0
LO MagPE 50.000KE/1  Ex=1486.599eV WF=4.000eV Ck=XL Det=MCD Ent=6x12mm Exit=4mm
27840
27538
28297
29759
29302
30792
32738
34157
36543
34186
30466
26776
24284
24024
23156
23169
21863
22030
