Fe on Ga203
  1123.99988  1113.99988    -0.50000     1.00000     2.00000    21    50.0
LO MagPE 50.000KE/1  Ex=1486.599eV WF=4.000eV Ck=XL Det=MCD Ent=6x12mm Exit=4mm
68223
68778
68954
69097
69849
71043
72386
75212
81421
88427
94171
94495
88497
81633
78411
74655
71785
69210
67520
67186
66560
   711.49994   702.99994    -0.50000     1.00000     2.00000    18    50.0
LO MagPE 50.000KE/1  Ex=1486.599eV WF=4.000eV Ck=XL Det=MCD Ent=6x12mm Exit=4mm
54377
54507
55492
55658
55810
58413
59560
61954
63537
63909
59768
53382
50013
47978
47436
47256
46816
46763
