Fe on Ga203
  1123.99988  1113.99988    -0.50000     1.00000     2.00000    21    50.0
LO MagPE 50.000KE/1  Ex=1486.599eV WF=4.000eV Ck=XL Det=MCD Ent=6x12mm Exit=4mm
69359
70101
70786
70624
71473
73088
75927
80204
90274
100659
112588
111555
103093
91435
83244
78533
74902
70499
68677
67207
66352
   711.49994   702.99994    -0.50000     1.00000     2.00000    18    50.0
LO MagPE 50.000KE/1  Ex=1486.599eV WF=4.000eV Ck=XL Det=MCD Ent=6x12mm Exit=4mm
53835
53885
54381
55072
55003
55494
56686
58333
59564
59262
58363
54814
52290
50370
51384
50911
50877
50749
