Fe on Ga203
  1123.99988  1113.99988    -0.50000     1.00000     2.00000    21    50.0
LO MagPE 50.000KE/1  Ex=1486.599eV WF=4.000eV Ck=XL Det=MCD Ent=6x12mm Exit=4mm
32942
33553
34215
35100
36297
40402
45415
55801
70770
91422
104571
103763
83879
63855
51954
44319
38898
34999
33289
32732
30976
   711.49994   702.99994    -0.50000     1.00000     2.00000    18    50.0
LO MagPE 50.000KE/1  Ex=1486.599eV WF=4.000eV Ck=XL Det=MCD Ent=6x12mm Exit=4mm
29898
29547
29903
30156
31231
32172
33048
34030
35209
34019
33347
30210
27521
28026
27212
26935
26523
27164
