Fe on Ga203
  1123.99988  1113.99988    -0.50000     1.00000     2.00000    21    50.0
LO MagPE 50.000KE/1  Ex=1486.599eV WF=4.000eV Ck=XL Det=MCD Ent=6x12mm Exit=4mm
37452
38668
39205
40325
41451
43355
45677
52048
66047
83377
96984
95245
80166
62263
52838
45875
41772
37632
35680
34438
35042
   711.49994   702.99994    -0.50000     1.00000     2.00000    18    50.0
LO MagPE 50.000KE/1  Ex=1486.599eV WF=4.000eV Ck=XL Det=MCD Ent=6x12mm Exit=4mm
32389
32126
35164
35594
35870
36101
36776
39398
40511
40120
37067
33467
31234
30692
29882
30034
30709
30469
