Fe on Ga203
  1123.99988  1113.99988    -0.50000     1.00000     2.00000    21    50.0
LO MagPE 50.000KE/1  Ex=1486.599eV WF=4.000eV Ck=XL Det=MCD Ent=6x12mm Exit=4mm
86977
86684
87250
88986
89404
91710
95437
102766
112141
125327
136705
137556
124944
111717
103743
96068
91882
90211
86581
85667
84475
   711.49994   702.99994    -0.50000     1.00000     2.00000    18    50.0
LO MagPE 50.000KE/1  Ex=1486.599eV WF=4.000eV Ck=XL Det=MCD Ent=6x12mm Exit=4mm
72653
74052
74426
75642
76679
79243
83048
86100
90856
88776
79795
70325
65026
63062
61633
62076
61557
61028
