Fe on Ga203
  1123.99988  1113.99988    -0.50000     1.00000     2.00000    21    50.0
LO MagPE 50.000KE/1  Ex=1486.599eV WF=4.000eV Ck=XL Det=MCD Ent=6x12mm Exit=4mm
76940
77027
77863
78199
80244
83370
87873
96561
111852
130001
146787
146413
128722
110550
97899
90421
84371
78887
76125
75270
73637
   711.49994   702.99994    -0.50000     1.00000     2.00000    18    50.0
LO MagPE 50.000KE/1  Ex=1486.599eV WF=4.000eV Ck=XL Det=MCD Ent=6x12mm Exit=4mm
60060
60951
61484
62534
62051
62906
64564
66682
67658
67804
64353
60882
57238
55519
55667
55796
54678
55788
