Fe on Ga203
  1123.99988  1113.99988    -0.50000     1.00000     2.00000    21    50.0
LO MagPE 50.000KE/1  Ex=1486.599eV WF=4.000eV Ck=XL Det=MCD Ent=6x12mm Exit=4mm
29410
29697
30076
31108
32587
34622
38255
44698
54181
68705
77163
76741
64704
52139
42849
38858
34396
31914
30029
30184
29016
   711.49994   702.99994    -0.50000     1.00000     2.00000    18    50.0
LO MagPE 50.000KE/1  Ex=1486.599eV WF=4.000eV Ck=XL Det=MCD Ent=6x12mm Exit=4mm
25098
26156
26068
26661
27015
28270
29461
30349
31401
30742
27521
24263
22886
22328
21475
21815
21359
20916
