Fe on Ga203
  1123.99988  1113.99988    -0.50000     1.00000     2.00000    21    50.0
LO MagPE 50.000KE/1  Ex=1486.599eV WF=4.000eV Ck=XL Det=MCD Ent=6x12mm Exit=4mm
32674
33709
34260
35749
37829
40592
47225
57861
74398
97325
112189
108018
87801
67407
53004
45327
39737
35334
33043
32552
30832
   711.49994   702.99994    -0.50000     1.00000     2.00000    18    50.0
LO MagPE 50.000KE/1  Ex=1486.599eV WF=4.000eV Ck=XL Det=MCD Ent=6x12mm Exit=4mm
31573
31746
32558
32876
33827
34227
33975
35932
36682
37176
33916
31370
28834
27443
27238
26488
27107
25901
