Fe on Ga203
  1123.99988  1113.99988    -0.50000     1.00000     2.00000    21    50.0
LO MagPE 50.000KE/1  Ex=1486.599eV WF=4.000eV Ck=XL Det=MCD Ent=6x12mm Exit=4mm
63072
63376
63358
64877
66496
68541
72685
81188
92950
110243
123829
123859
109543
93892
83196
76249
69766
64124
62030
60645
59947
   711.49994   702.99994    -0.50000     1.00000     2.00000    18    50.0
LO MagPE 50.000KE/1  Ex=1486.599eV WF=4.000eV Ck=XL Det=MCD Ent=6x12mm Exit=4mm
53064
52794
54229
54404
55075
55454
58309
59516
61413
61131
58836
53446
50290
48889
48104
46890
48627
47150
