Fe on Ga203
  1123.99988  1113.99988    -0.50000     1.00000     2.00000    21    50.0
LO MagPE 50.000KE/1  Ex=1486.599eV WF=4.000eV Ck=XL Det=MCD Ent=6x12mm Exit=4mm
54842
55527
55548
55715
56069
56999
57626
59897
63300
68369
73090
72673
69707
66061
63581
61268
58829
55838
54218
53353
53290
   711.49994   702.99994    -0.50000     1.00000     2.00000    18    50.0
LO MagPE 50.000KE/1  Ex=1486.599eV WF=4.000eV Ck=XL Det=MCD Ent=6x12mm Exit=4mm
40784
40829
41266
40951
41637
41805
41805
42413
43351
43429
42684
40559
39266
39297
39344
38843
39175
39063
