Fe on Ga203
  1123.99988  1113.99988    -0.50000     1.00000     2.00000    21    50.0
LO MagPE 50.000KE/1  Ex=1486.599eV WF=4.000eV Ck=XL Det=MCD Ent=6x12mm Exit=4mm
29000
30155
29275
30934
32398
34599
37237
43511
54563
68180
78881
77082
65603
51348
43039
38012
33702
30601
29378
28487
28676
   711.49994   702.99994    -0.50000     1.00000     2.00000    18    50.0
LO MagPE 50.000KE/1  Ex=1486.599eV WF=4.000eV Ck=XL Det=MCD Ent=6x12mm Exit=4mm
25730
25770
26671
26745
26675
28159
28791
30964
31839
31614
27665
24372
22289
22039
21781
21272
21458
21163
