Fe on Ga203
  1123.99988  1113.99988    -0.50000     1.00000     2.00000    21    50.0
LO MagPE 50.000KE/1  Ex=1486.599eV WF=4.000eV Ck=XL Det=MCD Ent=6x12mm Exit=4mm
83833
83434
84601
84946
85995
87155
89702
92854
99973
109783
116092
115532
108779
101281
95047
91684
88358
84578
82806
82880
81804
   711.49994   702.99994    -0.50000     1.00000     2.00000    18    50.0
LO MagPE 50.000KE/1  Ex=1486.599eV WF=4.000eV Ck=XL Det=MCD Ent=6x12mm Exit=4mm
68147
69248
68989
70667
72092
73060
76146
78849
81214
79850
75033
67095
62573
60516
60680
59576
59601
59041
