Fe on Ga203
  1123.99988  1113.99988    -0.50000     1.00000     2.00000    21    50.0
LO MagPE 50.000KE/1  Ex=1486.599eV WF=4.000eV Ck=XL Det=MCD Ent=6x12mm Exit=4mm
90807
92209
96179
97988
100724
101833
110526
129823
148153
175783
199370
199254
173889
140569
126436
115423
105660
100415
99013
97088
93234
   711.49994   702.99994    -0.50000     1.00000     2.00000    18    50.0
LO MagPE 50.000KE/1  Ex=1486.599eV WF=4.000eV Ck=XL Det=MCD Ent=6x12mm Exit=4mm
85433
86443
87362
88458
89080
91119
93522
93867
96701
95831
91828
85922
79394
77379
76190
75306
75509
74550
