Fe on Ga203
  1123.99988  1113.99988    -0.50000     1.00000     2.00000    21    50.0
LO MagPE 50.000KE/1  Ex=1486.599eV WF=4.000eV Ck=XL Det=MCD Ent=6x12mm Exit=4mm
77268
78200
78263
79248
81689
84521
89905
99274
113750
134465
148898
149265
132612
113448
100647
92032
84977
80254
77269
76863
74758
   711.49994   702.99994    -0.50000     1.00000     2.00000    18    50.0
LO MagPE 50.000KE/1  Ex=1486.599eV WF=4.000eV Ck=XL Det=MCD Ent=6x12mm Exit=4mm
67800
67447
67989
68831
69797
70840
74322
77805
79408
78791
74812
67085
62321
60351
59566
59225
59123
58487
