Fe on Ga203
  1123.99988  1113.99988    -0.50000     1.00000     2.00000    21    50.0
LO MagPE 50.000KE/1  Ex=1486.599eV WF=4.000eV Ck=XL Det=MCD Ent=6x12mm Exit=4mm
88418
89885
89856
90654
95019
100492
107273
120410
141281
166435
186974
184843
163642
133028
117533
108230
99354
94119
90597
88836
87372
   711.49994   702.99994    -0.50000     1.00000     2.00000    18    50.0
LO MagPE 50.000KE/1  Ex=1486.599eV WF=4.000eV Ck=XL Det=MCD Ent=6x12mm Exit=4mm
81575
82924
83886
83938
83181
84826
86631
89911
93455
94348
88044
81033
75484
72100
72992
71841
72379
72545
