Fe on Ga203
  1123.99988  1113.99988    -0.50000     1.00000     2.00000    21    50.0
LO MagPE 50.000KE/1  Ex=1486.599eV WF=4.000eV Ck=XL Det=MCD Ent=6x12mm Exit=4mm
27093
28257
28305
29055
30250
31685
35754
41726
52464
65733
76403
75248
63787
50002
40851
35250
32418
29855
28174
27347
27189
   711.49994   702.99994    -0.50000     1.00000     2.00000    18    50.0
LO MagPE 50.000KE/1  Ex=1486.599eV WF=4.000eV Ck=XL Det=MCD Ent=6x12mm Exit=4mm
25058
25304
25598
25538
26357
26767
28244
30270
30238
29749
27029
23841
22184
21340
20686
20961
20844
20728
