Fe on Ga203
  1123.99988  1113.99988    -0.50000     1.00000     2.00000    21    50.0
LO MagPE 50.000KE/1  Ex=1486.599eV WF=4.000eV Ck=XL Det=MCD Ent=6x12mm Exit=4mm
83453
84237
84110
84789
85006
86775
89584
93249
99765
110548
117147
117656
110179
100649
94485
90802
87932
84718
83075
81994
82190
   711.49994   702.99994    -0.50000     1.00000     2.00000    18    50.0
LO MagPE 50.000KE/1  Ex=1486.599eV WF=4.000eV Ck=XL Det=MCD Ent=6x12mm Exit=4mm
68208
68729
69453
71548
72128
73779
76485
78610
81863
80831
74337
66171
61369
60115
60014
59685
58432
59421
