Fe on Ga203
  1123.99988  1113.99988    -0.50000     1.00000     2.00000    21    50.0
LO MagPE 50.000KE/1  Ex=1486.599eV WF=4.000eV Ck=XL Det=MCD Ent=6x12mm Exit=4mm
92894
94720
94780
96738
98872
102797
109303
121175
143230
168018
188588
187093
162515
137086
122590
111639
104542
97309
94346
93145
91009
   711.49994   702.99994    -0.50000     1.00000     2.00000    18    50.0
LO MagPE 50.000KE/1  Ex=1486.599eV WF=4.000eV Ck=XL Det=MCD Ent=6x12mm Exit=4mm
80115
80784
81006
82827
82007
83740
85678
88285
91872
91556
85192
79551
75508
74044
72944
73421
73208
72457
