Fe on Ga203
  1123.99988  1113.99988    -0.50000     1.00000     2.00000    21    50.0
LO MagPE 50.000KE/1  Ex=1486.599eV WF=4.000eV Ck=XL Det=MCD Ent=6x12mm Exit=4mm
84019
109280
86274
88224
109369
93645
100756
111976
131913
172701
178112
175363
153145
128654
112609
101875
93735
88286
83573
82885
82564
   711.49994   702.99994    -0.50000     1.00000     2.00000    18    50.0
LO MagPE 50.000KE/1  Ex=1486.599eV WF=4.000eV Ck=XL Det=MCD Ent=6x12mm Exit=4mm
71045
69699
71791
72498
72279
72757
74022
75654
77558
77490
73406
70308
66955
66590
66242
66435
65216
65715
