Fe on Ga203
  1123.99988  1113.99988    -0.50000     1.00000     2.00000    21    50.0
LO MagPE 50.000KE/1  Ex=1486.599eV WF=4.000eV Ck=XL Det=MCD Ent=6x12mm Exit=4mm
66661
65811
67096
67193
69526
70597
74126
81259
91017
106565
119038
118627
105239
91831
83634
77407
73343
68287
65982
64166
63376
   711.49994   702.99994    -0.50000     1.00000     2.00000    18    50.0
LO MagPE 50.000KE/1  Ex=1486.599eV WF=4.000eV Ck=XL Det=MCD Ent=6x12mm Exit=4mm
55175
56110
57073
57893
57574
58552
59980
62888
64654
64681
61535
55656
51281
50617
51067
50225
49054
49112
