Fe on Ga203
  1123.99988  1113.99988    -0.50000     1.00000     2.00000    21    50.0
LO MagPE 50.000KE/1  Ex=1486.599eV WF=4.000eV Ck=XL Det=MCD Ent=6x12mm Exit=4mm
40172
40457
40510
40516
41672
41907
42565
44054
46696
50436
52567
53573
50492
48128
46211
44992
42796
41119
39773
39237
38927
   711.49994   702.99994    -0.50000     1.00000     2.00000    18    50.0
LO MagPE 50.000KE/1  Ex=1486.599eV WF=4.000eV Ck=XL Det=MCD Ent=6x12mm Exit=4mm
28977
29540
29915
30091
30355
30919
31621
32491
34011
33670
32482
29472
27503
26559
26396
26128
26595
26112
