Fe on Ga203
  1123.99988  1113.99988    -0.50000     1.00000     2.00000    21    50.0
LO MagPE 50.000KE/1  Ex=1486.599eV WF=4.000eV Ck=XL Det=MCD Ent=6x12mm Exit=4mm
90660
93225
93129
94942
98018
102481
110908
125674
150881
184473
205160
199200
173384
143244
123023
110779
101745
95510
92096
90656
88584
   711.49994   702.99994    -0.50000     1.00000     2.00000    18    50.0
LO MagPE 50.000KE/1  Ex=1486.599eV WF=4.000eV Ck=XL Det=MCD Ent=6x12mm Exit=4mm
80496
81104
80116
82717
82658
87809
89036
90907
93866
94614
88915
83085
77711
75941
73405
74274
73776
75171
