Fe on Ga203
  1123.99988  1113.99988    -0.50000     1.00000     2.00000    21    50.0
LO MagPE 50.000KE/1  Ex=1486.599eV WF=4.000eV Ck=XL Det=MCD Ent=6x12mm Exit=4mm
46234
47048
46458
47104
48444
49831
51269
55098
61015
68992
75258
76219
70816
63754
58915
55008
51129
47328
46159
44957
44498
   711.49994   702.99994    -0.50000     1.00000     2.00000    18    50.0
LO MagPE 50.000KE/1  Ex=1486.599eV WF=4.000eV Ck=XL Det=MCD Ent=6x12mm Exit=4mm
36605
36974
37170
37568
37625
38539
39538
41219
41978
42713
40127
37454
35125
33436
33312
32732
32314
32999
