Fe on Ga203
  1123.99988  1113.99988    -0.50000     1.00000     2.00000    21    50.0
LO MagPE 50.000KE/1  Ex=1486.599eV WF=4.000eV Ck=XL Det=MCD Ent=6x12mm Exit=4mm
52908
52913
52880
53704
53662
55132
56855
59951
64634
71749
76361
76025
71084
65360
60914
57928
55568
52904
51453
50617
49752
   711.49994   702.99994    -0.50000     1.00000     2.00000    18    50.0
LO MagPE 50.000KE/1  Ex=1486.599eV WF=4.000eV Ck=XL Det=MCD Ent=6x12mm Exit=4mm
41628
41350
41967
42383
42834
42721
44692
45966
47179
48066
45231
41464
38470
37176
36733
36239
36363
36512
