Fe on Ga203
  1123.99988  1113.99988    -0.50000     1.00000     2.00000    21    50.0
LO MagPE 50.000KE/1  Ex=1486.599eV WF=4.000eV Ck=XL Det=MCD Ent=6x12mm Exit=4mm
55988
56499
56883
57654
59855
59599
63880
69517
79214
92046
101783
103456
94175
81935
73459
68455
61635
57577
55206
54230
53579
   711.49994   702.99994    -0.50000     1.00000     2.00000    18    50.0
LO MagPE 50.000KE/1  Ex=1486.599eV WF=4.000eV Ck=XL Det=MCD Ent=6x12mm Exit=4mm
43399
45558
45647
45828
46492
45949
46815
49787
50127
50092
47917
45808
42312
41026
41052
40579
40484
39888
