Fe on Ga203
  1123.99988  1113.99988    -0.50000     1.00000     2.00000    21    50.0
LO MagPE 50.000KE/1  Ex=1486.599eV WF=4.000eV Ck=XL Det=MCD Ent=6x12mm Exit=4mm
68277
69677
69498
70197
72061
73784
77513
84951
97380
113480
126355
127588
113800
97685
88215
81111
74723
70573
68675
68764
68838
   711.49994   702.99994    -0.50000     1.00000     2.00000    18    50.0
LO MagPE 50.000KE/1  Ex=1486.599eV WF=4.000eV Ck=XL Det=MCD Ent=6x12mm Exit=4mm
54585
55105
55820
56029
55687
56269
57308
58859
60519
60507
57648
55370
52643
52501
51345
50401
50588
49965
