Fe on Ga203
  1123.99988  1113.99988    -0.50000     1.00000     2.00000    21    50.0
LO MagPE 50.000KE/1  Ex=1486.599eV WF=4.000eV Ck=XL Det=MCD Ent=6x12mm Exit=4mm
74038
75068
74911
76035
77947
80579
85971
95799
111181
130715
146162
145639
126805
109230
95185
88362
81303
75356
73272
72038
71187
   711.49994   702.99994    -0.50000     1.00000     2.00000    18    50.0
LO MagPE 50.000KE/1  Ex=1486.599eV WF=4.000eV Ck=XL Det=MCD Ent=6x12mm Exit=4mm
58711
59318
59123
59895
60642
61558
63337
64087
65357
65577
62729
58464
56485
55074
54644
54302
54097
54661
