Fe on Ga203
  1123.99988  1113.99988    -0.50000     1.00000     2.00000    21    50.0
LO MagPE 50.000KE/1  Ex=1486.599eV WF=4.000eV Ck=XL Det=MCD Ent=6x12mm Exit=4mm
77312
76821
78214
79784
81214
83604
88933
100148
116053
135719
153998
152598
134473
113058
99735
91785
84702
79226
76956
74677
74257
   711.49994   702.99994    -0.50000     1.00000     2.00000    18    50.0
LO MagPE 50.000KE/1  Ex=1486.599eV WF=4.000eV Ck=XL Det=MCD Ent=6x12mm Exit=4mm
65120
66101
66261
67842
67576
70027
71026
73903
75553
76534
72378
66310
62343
59660
59162
59282
59236
58623
