Fe on Ga203
  1123.99988  1113.99988    -0.50000     1.00000     2.00000    21    50.0
LO MagPE 50.000KE/1  Ex=1486.599eV WF=4.000eV Ck=XL Det=MCD Ent=6x12mm Exit=4mm
44068
44149
43960
43876
44260
44836
46399
47384
50417
54383
57810
58139
55857
52425
50608
49008
46952
44395
43382
42599
41915
   711.49994   702.99994    -0.50000     1.00000     2.00000    18    50.0
LO MagPE 50.000KE/1  Ex=1486.599eV WF=4.000eV Ck=XL Det=MCD Ent=6x12mm Exit=4mm
33124
33049
33071
33270
33419
34050
34543
35127
35768
35831
35122
33099
31509
30954
30952
30228
30589
30623
