Fe on Ga203
  1123.99988  1113.99988    -0.50000     1.00000     2.00000    21    50.0
LO MagPE 50.000KE/1  Ex=1486.599eV WF=4.000eV Ck=XL Det=MCD Ent=6x12mm Exit=4mm
34876
35411
35346
35616
35189
37068
42144
47235
58571
69417
76894
77802
68844
55377
46996
41642
38230
36720
34155
32993
33165
   711.49994   702.99994    -0.50000     1.00000     2.00000    18    50.0
LO MagPE 50.000KE/1  Ex=1486.599eV WF=4.000eV Ck=XL Det=MCD Ent=6x12mm Exit=4mm
27756
28329
28467
28730
29096
30114
30115
31199
32928
32029
30756
28606
25673
26232
25784
25450
26235
25818
