Fe on Ga203
  1123.99988  1113.99988    -0.50000     1.00000     2.00000    21    50.0
LO MagPE 50.000KE/1  Ex=1486.599eV WF=4.000eV Ck=XL Det=MCD Ent=6x12mm Exit=4mm
30212
30095
31204
31074
33068
34102
38328
44489
54712
69125
78135
78489
66084
52265
43505
39108
34951
31818
30102
29875
28473
   711.49994   702.99994    -0.50000     1.00000     2.00000    18    50.0
LO MagPE 50.000KE/1  Ex=1486.599eV WF=4.000eV Ck=XL Det=MCD Ent=6x12mm Exit=4mm
25784
25491
26087
26277
27256
27895
29606
30223
31351
31152
29000
25044
22761
22402
22173
21323
21183
21201
