Fe on Ga203
  1123.99988  1113.99988    -0.50000     1.00000     2.00000    21    50.0
LO MagPE 50.000KE/1  Ex=1486.599eV WF=4.000eV Ck=XL Det=MCD Ent=6x12mm Exit=4mm
69174
69796
70166
70329
71880
73629
77208
82899
93464
105675
117679
115863
107650
93746
85419
79618
74230
71001
68310
68157
67762
   711.49994   702.99994    -0.50000     1.00000     2.00000    18    50.0
LO MagPE 50.000KE/1  Ex=1486.599eV WF=4.000eV Ck=XL Det=MCD Ent=6x12mm Exit=4mm
57714
57908
59067
59259
62094
62467
65446
67165
70762
69653
64197
57507
52861
50953
50424
50625
50350
50162
