Fe on Ga203
  1123.99988  1113.99988    -0.50000     1.00000     2.00000    21    50.0
LO MagPE 50.000KE/1  Ex=1486.599eV WF=4.000eV Ck=XL Det=MCD Ent=6x12mm Exit=4mm
32191
33068
33706
34899
36526
40040
44536
54849
70880
90483
104828
102018
83487
63983
51239
43710
37964
34247
33108
31315
31455
   711.49994   702.99994    -0.50000     1.00000     2.00000    18    50.0
LO MagPE 50.000KE/1  Ex=1486.599eV WF=4.000eV Ck=XL Det=MCD Ent=6x12mm Exit=4mm
30697
31654
31115
31473
31350
32878
33607
34007
34531
34437
33821
30071
28817
27382
27592
26733
26857
27094
