Fe on Ga203
  1123.99988  1113.99988    -0.50000     1.00000     2.00000    21    50.0
LO MagPE 50.000KE/1  Ex=1486.599eV WF=4.000eV Ck=XL Det=MCD Ent=6x12mm Exit=4mm
75866
76604
76730
77423
78587
81512
85880
95168
107808
125935
140050
140836
125849
108280
96597
89415
82340
79034
75170
73898
72366
   711.49994   702.99994    -0.50000     1.00000     2.00000    18    50.0
LO MagPE 50.000KE/1  Ex=1486.599eV WF=4.000eV Ck=XL Det=MCD Ent=6x12mm Exit=4mm
60577
62027
61921
61221
63053
64688
67057
67853
70472
70113
67342
61418
57743
56328
56529
57646
55368
55654
