Fe on Ga203
  1123.99988  1113.99988    -0.50000     1.00000     2.00000    21    50.0
LO MagPE 50.000KE/1  Ex=1486.599eV WF=4.000eV Ck=XL Det=MCD Ent=6x12mm Exit=4mm
43333
43572
45003
46130
45282
45845
47258
50396
55951
64992
71499
72850
66222
58746
54816
51566
48053
43952
42870
41881
41153
   711.49994   702.99994    -0.50000     1.00000     2.00000    18    50.0
LO MagPE 50.000KE/1  Ex=1486.599eV WF=4.000eV Ck=XL Det=MCD Ent=6x12mm Exit=4mm
32448
33034
34066
33376
33758
34411
36009
36152
37721
37684
35553
32656
31033
29646
29160
29562
28908
29197
