Fe on Ga203
  1123.99988  1113.99988    -0.50000     1.00000     2.00000    21    50.0
LO MagPE 50.000KE/1  Ex=1486.599eV WF=4.000eV Ck=XL Det=MCD Ent=6x12mm Exit=4mm
61042
61694
61602
61908
63671
65353
67407
72669
81726
92981
102399
103539
94037
82164
75253
71637
66400
63038
60735
59542
58766
   711.49994   702.99994    -0.50000     1.00000     2.00000    18    50.0
LO MagPE 50.000KE/1  Ex=1486.599eV WF=4.000eV Ck=XL Det=MCD Ent=6x12mm Exit=4mm
50106
50744
51694
51815
51261
51980
53424
55550
56566
57536
54247
49699
47348
45320
45115
45146
44865
44421
