Fe on Ga203
  1123.99988  1113.99988    -0.50000     1.00000     2.00000    21    50.0
LO MagPE 50.000KE/1  Ex=1486.599eV WF=4.000eV Ck=XL Det=MCD Ent=6x12mm Exit=4mm
82617
82892
83638
85230
86529
90073
94687
104320
121001
142343
158660
157975
139918
118547
104655
96485
89933
84592
81571
79631
79608
   711.49994   702.99994    -0.50000     1.00000     2.00000    18    50.0
LO MagPE 50.000KE/1  Ex=1486.599eV WF=4.000eV Ck=XL Det=MCD Ent=6x12mm Exit=4mm
62064
63144
64428
64301
64807
65345
67318
67869
69955
69724
66691
62336
59866
59572
59344
58213
59077
59229
