Fe on Ga203
  1123.99988  1113.99988    -0.50000     1.00000     2.00000    21    50.0
LO MagPE 50.000KE/1  Ex=1486.599eV WF=4.000eV Ck=XL Det=MCD Ent=6x12mm Exit=4mm
56885
57603
57780
57869
58800
59569
61392
63791
68092
74327
78676
78797
74504
69770
65303
62823
60427
57646
56943
56154
55650
   711.49994   702.99994    -0.50000     1.00000     2.00000    18    50.0
LO MagPE 50.000KE/1  Ex=1486.599eV WF=4.000eV Ck=XL Det=MCD Ent=6x12mm Exit=4mm
44986
45669
46070
46280
47000
47337
48767
50665
52397
52629
49652
46455
42891
42340
41484
41833
41491
40881
