Fe on Ga203
  1123.99988  1113.99988    -0.50000     1.00000     2.00000    21    50.0
LO MagPE 50.000KE/1  Ex=1486.599eV WF=4.000eV Ck=XL Det=MCD Ent=6x12mm Exit=4mm
34729
35302
35966
36973
37736
40886
45946
54707
69698
85704
97995
94701
78480
62130
51901
45570
39594
36505
34860
34848
34253
   711.49994   702.99994    -0.50000     1.00000     2.00000    18    50.0
LO MagPE 50.000KE/1  Ex=1486.599eV WF=4.000eV Ck=XL Det=MCD Ent=6x12mm Exit=4mm
33039
33239
34044
34559
34300
35317
36213
38118
38784
38095
34514
31595
29348
28804
27863
28276
27422
27324
