Fe on Ga203
  1123.99988  1113.99988    -0.50000     1.00000     2.00000    21    50.0
LO MagPE 50.000KE/1  Ex=1486.599eV WF=4.000eV Ck=XL Det=MCD Ent=6x12mm Exit=4mm
56839
57175
57086
56620
57330
57780
58891
59239
62683
65974
68818
68974
66569
64089
61519
60004
58606
56944
56209
55079
55587
   711.49994   702.99994    -0.50000     1.00000     2.00000    18    50.0
LO MagPE 50.000KE/1  Ex=1486.599eV WF=4.000eV Ck=XL Det=MCD Ent=6x12mm Exit=4mm
43853
44262
44487
44688
45423
46000
47035
48676
50151
50690
48307
43654
41593
40354
40190
39640
39576
39515
