Fe on Ga203
  1123.99988  1113.99988    -0.50000     1.00000     2.00000    21    50.0
LO MagPE 50.000KE/1  Ex=1486.599eV WF=4.000eV Ck=XL Det=MCD Ent=6x12mm Exit=4mm
33393
32179
33816
34548
35576
37867
42424
50873
63557
79462
91140
87085
72552
57534
47449
41585
37432
35152
32974
32481
30584
   711.49994   702.99994    -0.50000     1.00000     2.00000    18    50.0
LO MagPE 50.000KE/1  Ex=1486.599eV WF=4.000eV Ck=XL Det=MCD Ent=6x12mm Exit=4mm
30235
31165
31438
32162
32009
32836
33842
34672
36113
35333
33578
31080
28609
27351
27622
27451
27448
28030
