Fe on Ga203
  1123.99988  1113.99988    -0.50000     1.00000     2.00000    21    50.0
LO MagPE 50.000KE/1  Ex=1486.599eV WF=4.000eV Ck=XL Det=MCD Ent=6x12mm Exit=4mm
86599
86389
87368
87577
88248
90261
93237
99309
106845
118459
128404
129489
118403
108095
100192
94889
91144
87813
86275
84879
84715
   711.49994   702.99994    -0.50000     1.00000     2.00000    18    50.0
LO MagPE 50.000KE/1  Ex=1486.599eV WF=4.000eV Ck=XL Det=MCD Ent=6x12mm Exit=4mm
70111
70083
72468
71997
73636
75402
78406
81460
83913
82825
75833
68652
64604
61764
60904
60323
59989
59757
