Fe on Ga203
  1123.99988  1113.99988    -0.50000     1.00000     2.00000    21    50.0
LO MagPE 50.000KE/1  Ex=1486.599eV WF=4.000eV Ck=XL Det=MCD Ent=6x12mm Exit=4mm
85182
84167
85793
87013
87698
90129
96345
103810
116581
135298
148966
146900
132331
115300
104901
97244
92058
87352
85642
82873
82144
   711.49994   702.99994    -0.50000     1.00000     2.00000    18    50.0
LO MagPE 50.000KE/1  Ex=1486.599eV WF=4.000eV Ck=XL Det=MCD Ent=6x12mm Exit=4mm
71767
73118
74447
74517
76848
79973
81806
86816
88109
87009
78854
71043
64333
62996
61988
61689
60959
61296
