Fe on Ga203
  1123.99988  1113.99988    -0.50000     1.00000     2.00000    21    50.0
LO MagPE 50.000KE/1  Ex=1486.599eV WF=4.000eV Ck=XL Det=MCD Ent=6x12mm Exit=4mm
82974
83772
84648
85074
85912
88727
93098
102274
115097
132272
145973
147102
132065
114708
103534
95390
90436
86142
81987
80166
79691
   711.49994   702.99994    -0.50000     1.00000     2.00000    18    50.0
LO MagPE 50.000KE/1  Ex=1486.599eV WF=4.000eV Ck=XL Det=MCD Ent=6x12mm Exit=4mm
63647
63936
65720
65530
66379
66164
68215
69622
71299
71397
69222
64392
61528
60090
60358
59458
59641
59451
