Fe on Ga203
  1123.99988  1113.99988    -0.50000     1.00000     2.00000    21    50.0
LO MagPE 50.000KE/1  Ex=1486.599eV WF=4.000eV Ck=XL Det=MCD Ent=6x12mm Exit=4mm
83587
83338
84277
85083
87148
88216
94938
103893
120172
141262
157139
157852
139318
119821
105372
97166
90060
85619
82166
81152
80428
   711.49994   702.99994    -0.50000     1.00000     2.00000    18    50.0
LO MagPE 50.000KE/1  Ex=1486.599eV WF=4.000eV Ck=XL Det=MCD Ent=6x12mm Exit=4mm
63884
63329
64647
65101
65869
65842
66657
68478
69161
71071
67752
63887
61470
60218
59745
59303
58855
58986
