Fe on Ga203
  1123.99988  1113.99988    -0.50000     1.00000     2.00000    21    50.0
LO MagPE 50.000KE/1  Ex=1486.599eV WF=4.000eV Ck=XL Det=MCD Ent=6x12mm Exit=4mm
79956
79657
80607
81585
83024
85664
89075
98673
112015
128696
142395
142291
128252
110842
100578
94023
87505
81333
79448
78821
76989
   711.49994   702.99994    -0.50000     1.00000     2.00000    18    50.0
LO MagPE 50.000KE/1  Ex=1486.599eV WF=4.000eV Ck=XL Det=MCD Ent=6x12mm Exit=4mm
65144
64489
64576
65852
65811
66210
68195
70031
70471
71814
67856
64332
60864
59530
59201
58729
57888
58666
