Fe on Ga203
  1123.99988  1113.99988    -0.50000     1.00000     2.00000    21    50.0
LO MagPE 50.000KE/1  Ex=1486.599eV WF=4.000eV Ck=XL Det=MCD Ent=6x12mm Exit=4mm
78448
78381
79008
80669
81586
83933
88977
97792
110468
129428
140967
143117
127282
110752
99294
91286
85524
80705
79095
77583
76732
   711.49994   702.99994    -0.50000     1.00000     2.00000    18    50.0
LO MagPE 50.000KE/1  Ex=1486.599eV WF=4.000eV Ck=XL Det=MCD Ent=6x12mm Exit=4mm
66945
68080
69494
69543
71464
71892
74675
75904
79272
79184
73058
66066
61800
59055
59607
58172
57863
58502
