Fe on Ga203
  1123.99988  1113.99988    -0.50000     1.00000     2.00000    21    50.0
LO MagPE 50.000KE/1  Ex=1486.599eV WF=4.000eV Ck=XL Det=MCD Ent=6x12mm Exit=4mm
41487
41981
42260
42591
43358
43396
44749
46714
50360
55724
59329
59869
57039
52918
50112
48456
45650
42829
41092
40250
39844
   711.49994   702.99994    -0.50000     1.00000     2.00000    18    50.0
LO MagPE 50.000KE/1  Ex=1486.599eV WF=4.000eV Ck=XL Det=MCD Ent=6x12mm Exit=4mm
29411
30187
29593
30187
30177
30542
31044
31622
32566
32743
31317
29483
28338
27283
27392
27392
27303
27320
