Fe on Ga203
  1123.99988  1113.99988    -0.50000     1.00000     2.00000    21    50.0
LO MagPE 50.000KE/1  Ex=1486.599eV WF=4.000eV Ck=XL Det=MCD Ent=6x12mm Exit=4mm
43061
43507
43152
43963
43676
44408
45533
48420
52062
56539
59796
60107
56647
53219
50278
48992
46224
44228
42700
41412
41884
   711.49994   702.99994    -0.50000     1.00000     2.00000    18    50.0
LO MagPE 50.000KE/1  Ex=1486.599eV WF=4.000eV Ck=XL Det=MCD Ent=6x12mm Exit=4mm
32067
32989
32881
33214
33337
34362
34810
36007
37542
37688
35790
33097
30796
29533
29680
29518
29570
29552
