Fe on Ga203
  1123.99988  1113.99988    -0.50000     1.00000     2.00000    21    50.0
LO MagPE 50.000KE/1  Ex=1486.599eV WF=4.000eV Ck=XL Det=MCD Ent=6x12mm Exit=4mm
31165
31593
31856
33967
35287
36447
40804
49502
64069
80159
92850
90332
73867
58771
47917
40411
36328
33518
31835
30970
30231
   711.49994   702.99994    -0.50000     1.00000     2.00000    18    50.0
LO MagPE 50.000KE/1  Ex=1486.599eV WF=4.000eV Ck=XL Det=MCD Ent=6x12mm Exit=4mm
29446
30045
31213
30750
31623
32434
33209
34493
36453
35454
33510
28704
26754
26726
24683
25317
24796
24995
