Fe on Ga203
  1123.99988  1113.99988    -0.50000     1.00000     2.00000    21    50.0
LO MagPE 50.000KE/1  Ex=1486.599eV WF=4.000eV Ck=XL Det=MCD Ent=6x12mm Exit=4mm
31526
33676
33212
33638
34337
35694
39100
45178
53677
66455
79440
77950
64779
52566
45951
40566
36948
34173
31454
31038
31311
   711.49994   702.99994    -0.50000     1.00000     2.00000    18    50.0
LO MagPE 50.000KE/1  Ex=1486.599eV WF=4.000eV Ck=XL Det=MCD Ent=6x12mm Exit=4mm
30262
29675
30668
31154
31404
31566
33005
36362
39131
37941
33199
30962
28401
27171
26953
25363
25621
25425
