Fe on Ga203
  1123.99988  1113.99988    -0.50000     1.00000     2.00000    21    50.0
LO MagPE 50.000KE/1  Ex=1486.599eV WF=4.000eV Ck=XL Det=MCD Ent=6x12mm Exit=4mm
34506
33932
34426
35182
35654
37671
41788
49298
61052
76551
86531
84624
72070
56654
47187
40760
37541
34521
33128
31886
32630
   711.49994   702.99994    -0.50000     1.00000     2.00000    18    50.0
LO MagPE 50.000KE/1  Ex=1486.599eV WF=4.000eV Ck=XL Det=MCD Ent=6x12mm Exit=4mm
32571
32862
32564
33168
33233
34097
35724
37474
39225
38235
36144
32216
30132
29301
28461
28831
28518
27383
