Fe on Ga203
  1123.99988  1113.99988    -0.50000     1.00000     2.00000    21    50.0
LO MagPE 50.000KE/1  Ex=1486.599eV WF=4.000eV Ck=XL Det=MCD Ent=6x12mm Exit=4mm
84628
85912
87110
88998
91112
95184
102687
114615
136411
162229
181167
180441
156398
131270
115240
104535
96179
89746
85357
84686
82511
   711.49994   702.99994    -0.50000     1.00000     2.00000    18    50.0
LO MagPE 50.000KE/1  Ex=1486.599eV WF=4.000eV Ck=XL Det=MCD Ent=6x12mm Exit=4mm
70902
71985
73316
73010
74498
74707
75658
78330
79522
79214
76894
71649
68429
66918
67340
66087
66386
65773
