Fe on Ga203
  1123.99988  1113.99988    -0.50000     1.00000     2.00000    21    50.0
LO MagPE 50.000KE/1  Ex=1486.599eV WF=4.000eV Ck=XL Det=MCD Ent=6x12mm Exit=4mm
82038
83249
83509
83597
84381
85394
87766
92566
100141
110448
117777
117552
110290
101772
95654
91519
88554
85033
83113
80634
81346
   711.49994   702.99994    -0.50000     1.00000     2.00000    18    50.0
LO MagPE 50.000KE/1  Ex=1486.599eV WF=4.000eV Ck=XL Det=MCD Ent=6x12mm Exit=4mm
68056
68638
69399
71649
71519
73970
76178
79581
82581
81447
74967
66269
61904
60544
59235
59018
59018
58687
