Fe on Ga203
  1123.99988  1113.99988    -0.50000     1.00000     2.00000    21    50.0
LO MagPE 50.000KE/1  Ex=1486.599eV WF=4.000eV Ck=XL Det=MCD Ent=6x12mm Exit=4mm
31389
32106
33077
34170
36633
39465
44946
55021
71760
91738
106774
102885
84305
63560
50997
44425
38016
34070
32834
30889
30007
   711.49994   702.99994    -0.50000     1.00000     2.00000    18    50.0
LO MagPE 50.000KE/1  Ex=1486.599eV WF=4.000eV Ck=XL Det=MCD Ent=6x12mm Exit=4mm
40894
30590
41357
31786
32575
33543
33777
41671
36330
36202
33496
30789
28249
27550
27036
27205
26478
27109
