Fe on Ga203
  1123.99988  1113.99988    -0.50000     1.00000     2.00000    21    50.0
LO MagPE 50.000KE/1  Ex=1486.599eV WF=4.000eV Ck=XL Det=MCD Ent=6x12mm Exit=4mm
30747
30204
32199
32819
33966
35415
37160
43949
54393
64736
73353
72922
59588
47468
41812
37332
33908
30781
29158
29421
28755
   711.49994   702.99994    -0.50000     1.00000     2.00000    18    50.0
LO MagPE 50.000KE/1  Ex=1486.599eV WF=4.000eV Ck=XL Det=MCD Ent=6x12mm Exit=4mm
29920
30891
31345
30719
30978
33472
34779
36131
37807
36273
35547
29403
27310
25290
25654
25535
25086
25240
