Fe on Ga203
  1123.99988  1113.99988    -0.50000     1.00000     2.00000    21    50.0
LO MagPE 50.000KE/1  Ex=1486.599eV WF=4.000eV Ck=XL Det=MCD Ent=6x12mm Exit=4mm
50761
51250
51062
51303
51983
52764
53635
55689
58900
63391
67294
67420
63444
60873
57741
56248
53664
50911
50368
49381
49348
   711.49994   702.99994    -0.50000     1.00000     2.00000    18    50.0
LO MagPE 50.000KE/1  Ex=1486.599eV WF=4.000eV Ck=XL Det=MCD Ent=6x12mm Exit=4mm
39379
39988
40475
41203
41665
41936
43109
44620
45863
46004
43924
41041
36920
35602
34996
35612
35198
34991
