Fe on Ga203
  1123.99988  1113.99988    -0.50000     1.00000     2.00000    21    50.0
LO MagPE 50.000KE/1  Ex=1486.599eV WF=4.000eV Ck=XL Det=MCD Ent=6x12mm Exit=4mm
79562
79419
79949
79668
80538
82629
85370
90466
99017
109691
121203
121016
112321
100861
93730
88457
83749
80895
78371
77288
76770
   711.49994   702.99994    -0.50000     1.00000     2.00000    18    50.0
LO MagPE 50.000KE/1  Ex=1486.599eV WF=4.000eV Ck=XL Det=MCD Ent=6x12mm Exit=4mm
59463
59165
59999
60926
61200
60848
62210
63290
64522
64949
63321
59704
58745
56989
56474
56914
56174
56348
