Fe on Ga203
  1123.99988  1113.99988    -0.50000     1.00000     2.00000    21    50.0
LO MagPE 50.000KE/1  Ex=1486.599eV WF=4.000eV Ck=XL Det=MCD Ent=6x12mm Exit=4mm
86652
87473
88101
89827
89949
92758
96816
103362
116557
134159
145725
146239
133251
118339
107972
100728
94517
89721
86909
85683
85016
   711.49994   702.99994    -0.50000     1.00000     2.00000    18    50.0
LO MagPE 50.000KE/1  Ex=1486.599eV WF=4.000eV Ck=XL Det=MCD Ent=6x12mm Exit=4mm
70203
69382
71295
71133
72692
72833
74042
76898
77310
77847
75989
71012
67200
66044
65767
66255
65706
65166
