Fe on Ga203
  1123.99988  1113.99988    -0.50000     1.00000     2.00000    21    50.0
LO MagPE 50.000KE/1  Ex=1486.599eV WF=4.000eV Ck=XL Det=MCD Ent=6x12mm Exit=4mm
89423
90443
91640
93138
96289
99808
107184
120717
141731
169911
190985
188673
165005
137901
119522
109025
98246
93837
88020
87463
85325
   711.49994   702.99994    -0.50000     1.00000     2.00000    18    50.0
LO MagPE 50.000KE/1  Ex=1486.599eV WF=4.000eV Ck=XL Det=MCD Ent=6x12mm Exit=4mm
79926
80778
80460
81864
83549
83630
86852
90085
92820
89186
86036
80422
75715
71796
72140
70709
70513
69852
