Fe on Ga203
  1123.99988  1113.99988    -0.50000     1.00000     2.00000    21    50.0
LO MagPE 50.000KE/1  Ex=1486.599eV WF=4.000eV Ck=XL Det=MCD Ent=6x12mm Exit=4mm
91414
93001
94088
96413
98607
102700
110968
125387
150351
180092
197917
198544
174874
143023
123533
112108
101856
96037
92847
90638
86775
   711.49994   702.99994    -0.50000     1.00000     2.00000    18    50.0
LO MagPE 50.000KE/1  Ex=1486.599eV WF=4.000eV Ck=XL Det=MCD Ent=6x12mm Exit=4mm
78738
79807
81370
81704
81799
82296
88590
91776
93026
90825
84155
78659
76728
75591
71558
73416
74750
74209
