Fe on Ga203
  1123.99988  1113.99988    -0.50000     1.00000     2.00000    21    50.0
LO MagPE 50.000KE/1  Ex=1486.599eV WF=4.000eV Ck=XL Det=MCD Ent=6x12mm Exit=4mm
45412
45939
45572
46162
46132
47399
48859
51130
55140
59573
64916
65200
61454
56406
53783
51346
48549
46283
44900
44493
43804
   711.49994   702.99994    -0.50000     1.00000     2.00000    18    50.0
LO MagPE 50.000KE/1  Ex=1486.599eV WF=4.000eV Ck=XL Det=MCD Ent=6x12mm Exit=4mm
35124
35353
35939
36145
36567
37113
38381
39476
40413
40407
38919
35653
33794
32054
31658
32155
31622
31770
