Fe on Ga203
  1123.99988  1113.99988    -0.50000     1.00000     2.00000    21    50.0
LO MagPE 50.000KE/1  Ex=1486.599eV WF=4.000eV Ck=XL Det=MCD Ent=6x12mm Exit=4mm
105589
107496
108293
111611
113216
120830
129458
147053
174707
205599
234480
232873
198759
167500
143510
131114
120403
112316
108069
105998
104138
   711.49994   702.99994    -0.50000     1.00000     2.00000    18    50.0
LO MagPE 50.000KE/1  Ex=1486.599eV WF=4.000eV Ck=XL Det=MCD Ent=6x12mm Exit=4mm
88741
89545
88965
91785
91864
92459
96004
96697
101793
99599
93309
85482
82530
79906
80549
80444
80680
81703
