Fe on Ga203
  1123.99988  1113.99988    -0.50000     1.00000     2.00000    21    50.0
LO MagPE 50.000KE/1  Ex=1486.599eV WF=4.000eV Ck=XL Det=MCD Ent=6x12mm Exit=4mm
52652
52184
52566
52273
53456
53537
54583
55958
59146
62303
65664
65234
62424
60113
57664
56159
54612
52803
50763
51156
50954
   711.49994   702.99994    -0.50000     1.00000     2.00000    18    50.0
LO MagPE 50.000KE/1  Ex=1486.599eV WF=4.000eV Ck=XL Det=MCD Ent=6x12mm Exit=4mm
39638
40025
40116
40116
40678
41639
42551
43364
45044
44678
42820
39964
37918
36568
35882
36075
35407
35575
