Fe on Ga203
  1123.99988  1113.99988    -0.50000     1.00000     2.00000    21    50.0
LO MagPE 50.000KE/1  Ex=1486.599eV WF=4.000eV Ck=XL Det=MCD Ent=6x12mm Exit=4mm
32486
33844
34277
34772
37498
38712
43751
52316
66047
82735
93391
90270
74405
58535
48353
42111
37999
35988
33665
32736
31474
   711.49994   702.99994    -0.50000     1.00000     2.00000    18    50.0
LO MagPE 50.000KE/1  Ex=1486.599eV WF=4.000eV Ck=XL Det=MCD Ent=6x12mm Exit=4mm
32993
33440
33010
32942
33829
34835
36084
38735
39605
38806
35522
32531
30478
29277
29058
28989
28583
28222
