Fe on Ga203
  1123.99988  1113.99988    -0.50000     1.00000     2.00000    21    50.0
LO MagPE 50.000KE/1  Ex=1486.599eV WF=4.000eV Ck=XL Det=MCD Ent=6x12mm Exit=4mm
27841
28342
28515
31909
30450
31865
34284
39950
48957
59919
67715
67850
56225
46115
39213
33926
32071
29984
27680
27367
27025
   711.49994   702.99994    -0.50000     1.00000     2.00000    18    50.0
LO MagPE 50.000KE/1  Ex=1486.599eV WF=4.000eV Ck=XL Det=MCD Ent=6x12mm Exit=4mm
27240
26920
27658
28403
28769
29668
30648
32310
33629
32976
30383
26567
24655
23404
23619
23093
23268
23399
