Fe on Ga203
  1123.99988  1113.99988    -0.50000     1.00000     2.00000    21    50.0
LO MagPE 50.000KE/1  Ex=1486.599eV WF=4.000eV Ck=XL Det=MCD Ent=6x12mm Exit=4mm
46296
46622
46802
46547
47383
48099
49361
50972
54914
59967
64086
65231
60720
56565
53365
51411
48921
47002
45619
45148
44485
   711.49994   702.99994    -0.50000     1.00000     2.00000    18    50.0
LO MagPE 50.000KE/1  Ex=1486.599eV WF=4.000eV Ck=XL Det=MCD Ent=6x12mm Exit=4mm
34832
35395
35549
35587
35666
36438
37796
39115
40287
40938
39152
34573
32625
31345
31161
30598
30690
30751
