Fe on Ga203
  1123.99988  1113.99988    -0.50000     1.00000     2.00000    21    50.0
LO MagPE 50.000KE/1  Ex=1486.599eV WF=4.000eV Ck=XL Det=MCD Ent=6x12mm Exit=4mm
62298
62282
62743
64576
65552
67503
71517
79827
90444
104599
117411
117688
105363
90830
80160
75559
70239
65609
62258
61198
60111
   711.49994   702.99994    -0.50000     1.00000     2.00000    18    50.0
LO MagPE 50.000KE/1  Ex=1486.599eV WF=4.000eV Ck=XL Det=MCD Ent=6x12mm Exit=4mm
53880
54810
54182
54844
55989
55896
57529
60208
60848
60724
58898
53174
50130
49273
48715
47755
48706
47995
