Fe on Ga203
  1123.99988  1113.99988    -0.50000     1.00000     2.00000    21    50.0
LO MagPE 50.000KE/1  Ex=1486.599eV WF=4.000eV Ck=XL Det=MCD Ent=6x12mm Exit=4mm
92009
94070
95991
99088
99588
101014
107574
120382
135237
157080
174749
170980
151944
132673
117730
109398
102756
99216
94379
94450
92165
   711.49994   702.99994    -0.50000     1.00000     2.00000    18    50.0
LO MagPE 50.000KE/1  Ex=1486.599eV WF=4.000eV Ck=XL Det=MCD Ent=6x12mm Exit=4mm
81007
83379
82341
84470
84549
87140
91383
96077
99662
97547
86298
76912
70812
67831
68390
66091
65937
66182
