Fe on Ga203
  1123.99988  1113.99988    -0.50000     1.00000     2.00000    21    50.0
LO MagPE 50.000KE/1  Ex=1486.599eV WF=4.000eV Ck=XL Det=MCD Ent=6x12mm Exit=4mm
33051
33619
34007
34547
34547
36270
40244
47080
57689
71934
84245
83177
68321
54715
45737
40206
37482
35372
33313
32962
32196
   711.49994   702.99994    -0.50000     1.00000     2.00000    18    50.0
LO MagPE 50.000KE/1  Ex=1486.599eV WF=4.000eV Ck=XL Det=MCD Ent=6x12mm Exit=4mm
30107
30491
31525
31626
32791
32819
34011
36168
36258
35996
33313
29469
27379
26033
26026
26041
25222
24763
