Fe on Ga203
  1123.99988  1113.99988    -0.50000     1.00000     2.00000    21    50.0
LO MagPE 50.000KE/1  Ex=1486.599eV WF=4.000eV Ck=XL Det=MCD Ent=6x12mm Exit=4mm
31680
30742
30661
30989
31951
33576
37123
42256
50285
61287
71233
69436
61012
50100
41466
38844
34657
32975
31176
31353
30723
   711.49994   702.99994    -0.50000     1.00000     2.00000    18    50.0
LO MagPE 50.000KE/1  Ex=1486.599eV WF=4.000eV Ck=XL Det=MCD Ent=6x12mm Exit=4mm
28635
29208
29719
29909
30297
34042
34318
36173
37884
36650
32332
29669
27094
25726
25765
24782
24056
24276
