Fe on Ga203
  1123.99988  1113.99988    -0.50000     1.00000     2.00000    21    50.0
LO MagPE 50.000KE/1  Ex=1486.599eV WF=4.000eV Ck=XL Det=MCD Ent=6x12mm Exit=4mm
71775
71921
72155
72610
72453
74107
75826
79296
84937
93530
98932
98821
93934
85748
80907
78076
74682
71894
70068
70735
69201
   711.49994   702.99994    -0.50000     1.00000     2.00000    18    50.0
LO MagPE 50.000KE/1  Ex=1486.599eV WF=4.000eV Ck=XL Det=MCD Ent=6x12mm Exit=4mm
54577
54836
55697
55744
57582
57393
59039
61732
64085
62863
60105
54218
49935
49089
48703
48800
48441
48998
