Fe on Ga203
  1123.99988  1113.99988    -0.50000     1.00000     2.00000    21    50.0
LO MagPE 50.000KE/1  Ex=1486.599eV WF=4.000eV Ck=XL Det=MCD Ent=6x12mm Exit=4mm
30634
30026
31701
32737
33314
36273
40444
49670
63241
78252
91047
86619
71359
55319
46330
39164
34503
32080
29759
28278
28640
   711.49994   702.99994    -0.50000     1.00000     2.00000    18    50.0
LO MagPE 50.000KE/1  Ex=1486.599eV WF=4.000eV Ck=XL Det=MCD Ent=6x12mm Exit=4mm
29027
29312
28946
30676
30204
30683
31923
32899
33422
33010
31488
28981
27471
26668
26064
25820
25859
26006
