Fe on Ga203
  1123.99988  1113.99988    -0.50000     1.00000     2.00000    21    50.0
LO MagPE 50.000KE/1  Ex=1486.599eV WF=4.000eV Ck=XL Det=MCD Ent=6x12mm Exit=4mm
64833
64747
64859
65777
65700
66947
67270
69577
73834
78336
82073
82199
79275
75844
72744
70974
68641
65418
63776
63171
62191
   711.49994   702.99994    -0.50000     1.00000     2.00000    18    50.0
LO MagPE 50.000KE/1  Ex=1486.599eV WF=4.000eV Ck=XL Det=MCD Ent=6x12mm Exit=4mm
49762
49727
50350
50931
50731
50661
52089
53286
53774
54084
52782
50698
48307
47301
47334
47023
47280
47296
