Fe on Ga203
  1123.99988  1113.99988    -0.50000     1.00000     2.00000    21    50.0
LO MagPE 50.000KE/1  Ex=1486.599eV WF=4.000eV Ck=XL Det=MCD Ent=6x12mm Exit=4mm
30249
30984
31455
32447
33235
36537
40997
49347
62613
78392
91083
87768
71642
55915
46451
39747
35431
32492
29710
29459
29292
   711.49994   702.99994    -0.50000     1.00000     2.00000    18    50.0
LO MagPE 50.000KE/1  Ex=1486.599eV WF=4.000eV Ck=XL Det=MCD Ent=6x12mm Exit=4mm
30836
31361
31431
32508
33353
34034
35472
37399
39183
37496
34064
30134
27737
26710
26888
25661
25843
24995
