Fe on Ga203
  1123.99988  1113.99988    -0.50000     1.00000     2.00000    21    50.0
LO MagPE 50.000KE/1  Ex=1486.599eV WF=4.000eV Ck=XL Det=MCD Ent=6x12mm Exit=4mm
75398
75880
75785
76586
76748
77217
79239
82235
87840
93715
99202
99716
94100
88773
83803
82345
78753
75825
74761
74037
73250
   711.49994   702.99994    -0.50000     1.00000     2.00000    18    50.0
LO MagPE 50.000KE/1  Ex=1486.599eV WF=4.000eV Ck=XL Det=MCD Ent=6x12mm Exit=4mm
61102
62340
61929
62326
64485
65194
67175
69692
71056
71362
66859
61448
56537
56192
55201
54524
54505
53920
