Fe on Ga203
  1123.99988  1113.99988    -0.50000     1.00000     2.00000    21    50.0
LO MagPE 50.000KE/1  Ex=1486.599eV WF=4.000eV Ck=XL Det=MCD Ent=6x12mm Exit=4mm
32626
32855
32951
32917
33770
35371
38001
43520
51619
63798
71829
71153
60849
50505
44034
39495
35555
33897
32232
31681
30732
   711.49994   702.99994    -0.50000     1.00000     2.00000    18    50.0
LO MagPE 50.000KE/1  Ex=1486.599eV WF=4.000eV Ck=XL Det=MCD Ent=6x12mm Exit=4mm
28461
28282
28728
29423
30356
31721
32538
34281
35850
35124
32389
28731
25509
24478
23669
23830
23272
24111
