Fe on Ga203
  1123.99988  1113.99988    -0.50000     1.00000     2.00000    21    50.0
LO MagPE 50.000KE/1  Ex=1486.599eV WF=4.000eV Ck=XL Det=MCD Ent=6x12mm Exit=4mm
97850
98463
100561
102108
101610
105168
116506
130910
152367
181540
204191
201481
175877
146054
128165
116994
109139
103531
98275
98260
95373
   711.49994   702.99994    -0.50000     1.00000     2.00000    18    50.0
LO MagPE 50.000KE/1  Ex=1486.599eV WF=4.000eV Ck=XL Det=MCD Ent=6x12mm Exit=4mm
83162
84948
88758
90742
92820
95355
97415
102935
106461
105875
99390
88476
80069
77999
78722
77698
75192
77010
