Fe on Ga203
  1123.99988  1113.99988    -0.50000     1.00000     2.00000    21    50.0
LO MagPE 50.000KE/1  Ex=1486.599eV WF=4.000eV Ck=XL Det=MCD Ent=6x12mm Exit=4mm
80090
80421
80911
81196
83043
83313
88313
94947
104952
119729
132959
133817
123408
108157
98617
92486
87575
82986
79614
79236
78691
   711.49994   702.99994    -0.50000     1.00000     2.00000    18    50.0
LO MagPE 50.000KE/1  Ex=1486.599eV WF=4.000eV Ck=XL Det=MCD Ent=6x12mm Exit=4mm
62639
63327
63248
63905
63484
65042
65823
67856
68588
69766
66976
63334
59722
58489
58834
58440
58824
59077
