Fe on Ga203
  1123.99988  1113.99988    -0.50000     1.00000     2.00000    21    50.0
LO MagPE 50.000KE/1  Ex=1486.599eV WF=4.000eV Ck=XL Det=MCD Ent=6x12mm Exit=4mm
87231
86778
88349
88334
89305
92491
96993
105769
120304
136472
151899
150500
136641
119460
108058
100528
94799
88111
85131
85042
84225
   711.49994   702.99994    -0.50000     1.00000     2.00000    18    50.0
LO MagPE 50.000KE/1  Ex=1486.599eV WF=4.000eV Ck=XL Det=MCD Ent=6x12mm Exit=4mm
68054
68595
69860
69157
71200
71339
73590
75781
76774
76437
72830
69831
66127
63705
63202
62486
62778
62903
