Fe on Ga203
  1123.99988  1113.99988    -0.50000     1.00000     2.00000    21    50.0
LO MagPE 50.000KE/1  Ex=1486.599eV WF=4.000eV Ck=XL Det=MCD Ent=6x12mm Exit=4mm
67399
68091
68195
68946
71121
73445
77732
86055
98463
114396
129262
127971
115238
99528
88137
81241
74524
70364
66680
65740
64233
   711.49994   702.99994    -0.50000     1.00000     2.00000    18    50.0
LO MagPE 50.000KE/1  Ex=1486.599eV WF=4.000eV Ck=XL Det=MCD Ent=6x12mm Exit=4mm
59309
59310
60454
60852
61523
62366
62593
65439
67903
67551
65274
58611
55665
53400
53017
52978
52053
52541
