Fe on Ga203
  1123.99988  1113.99988    -0.50000     1.00000     2.00000    21    50.0
LO MagPE 50.000KE/1  Ex=1486.599eV WF=4.000eV Ck=XL Det=MCD Ent=6x12mm Exit=4mm
93220
93554
94686
96062
96425
102071
110375
126007
151682
182479
210219
206479
178599
147057
126868
115358
105085
99002
94542
92889
89501
   711.49994   702.99994    -0.50000     1.00000     2.00000    18    50.0
LO MagPE 50.000KE/1  Ex=1486.599eV WF=4.000eV Ck=XL Det=MCD Ent=6x12mm Exit=4mm
84075
84257
85915
86100
86337
88433
91842
93057
95998
91209
89540
83024
79427
79009
77536
76282
77824
76553
