Fe on Ga203
  1123.99988  1113.99988    -0.50000     1.00000     2.00000    21    50.0
LO MagPE 50.000KE/1  Ex=1486.599eV WF=4.000eV Ck=XL Det=MCD Ent=6x12mm Exit=4mm
93331
94437
91878
94945
99438
103324
110083
123599
150445
187148
203583
204413
172273
138870
117978
105476
99444
92960
89741
86853
87394
   711.49994   702.99994    -0.50000     1.00000     2.00000    18    50.0
LO MagPE 50.000KE/1  Ex=1486.599eV WF=4.000eV Ck=XL Det=MCD Ent=6x12mm Exit=4mm
84825
84274
85729
83291
86146
89513
92441
96908
99247
96792
92143
83440
77026
75452
73629
74329
70737
70503
