Fe on Ga203
  1123.99988  1113.99988    -0.50000     1.00000     2.00000    21    50.0
LO MagPE 50.000KE/1  Ex=1486.599eV WF=4.000eV Ck=XL Det=MCD Ent=6x12mm Exit=4mm
84348
85595
86677
88350
90223
94317
99705
112922
132541
158326
176982
175201
153640
126981
111302
102638
93951
88576
85401
83539
82637
   711.49994   702.99994    -0.50000     1.00000     2.00000    18    50.0
LO MagPE 50.000KE/1  Ex=1486.599eV WF=4.000eV Ck=XL Det=MCD Ent=6x12mm Exit=4mm
75795
75746
77642
78849
79143
80807
82326
85926
88965
88252
84894
75542
70977
69091
68424
67052
67730
66474
