Fe on Ga203
  1123.99988  1113.99988    -0.50000     1.00000     2.00000    21    50.0
LO MagPE 50.000KE/1  Ex=1486.599eV WF=4.000eV Ck=XL Det=MCD Ent=6x12mm Exit=4mm
31028
32696
32274
32512
34063
35080
36135
41285
49732
59787
69504
69521
61380
46841
43780
36836
33246
33434
30218
30561
28991
   711.49994   702.99994    -0.50000     1.00000     2.00000    18    50.0
LO MagPE 50.000KE/1  Ex=1486.599eV WF=4.000eV Ck=XL Det=MCD Ent=6x12mm Exit=4mm
28115
28333
28976
28697
29163
31009
31899
32724
34343
33076
30253
26482
23523
22088
21681
21682
21973
22929
