Fe on Ga203
  1123.99988  1113.99988    -0.50000     1.00000     2.00000    21    50.0
LO MagPE 50.000KE/1  Ex=1486.599eV WF=4.000eV Ck=XL Det=MCD Ent=6x12mm Exit=4mm
62060
63018
63245
70775
65419
65990
72350
74939
84902
95748
105651
110005
97191
85167
77027
72006
67923
64257
61766
61089
60725
   711.49994   702.99994    -0.50000     1.00000     2.00000    18    50.0
LO MagPE 50.000KE/1  Ex=1486.599eV WF=4.000eV Ck=XL Det=MCD Ent=6x12mm Exit=4mm
51636
51800
52166
53059
54082
55083
56715
58455
61084
60663
57548
51705
47440
46800
46185
45416
44746
45212
