Fe on Ga203
  1123.99988  1113.99988    -0.50000     1.00000     2.00000    21    50.0
LO MagPE 50.000KE/1  Ex=1486.599eV WF=4.000eV Ck=XL Det=MCD Ent=6x12mm Exit=4mm
59879
61334
61576
61705
64170
65891
70550
76336
88363
103115
114966
114916
103276
88435
78659
72433
67441
62626
59896
59253
58175
   711.49994   702.99994    -0.50000     1.00000     2.00000    18    50.0
LO MagPE 50.000KE/1  Ex=1486.599eV WF=4.000eV Ck=XL Det=MCD Ent=6x12mm Exit=4mm
50478
51826
52648
53730
54507
54526
55653
57687
59351
59696
57430
51596
48954
47509
46690
46421
45442
45751
