Fe on Ga203
  1123.99988  1113.99988    -0.50000     1.00000     2.00000    21    50.0
LO MagPE 50.000KE/1  Ex=1486.599eV WF=4.000eV Ck=XL Det=MCD Ent=6x12mm Exit=4mm
90179
89958
89860
90951
91106
94005
96221
102200
110879
121279
131658
131469
120827
111674
103434
98757
94647
91730
89385
88810
88764
   711.49994   702.99994    -0.50000     1.00000     2.00000    18    50.0
LO MagPE 50.000KE/1  Ex=1486.599eV WF=4.000eV Ck=XL Det=MCD Ent=6x12mm Exit=4mm
72915
74063
76004
76327
79165
79600
82359
86217
90323
87893
80754
71812
66663
64289
63654
62549
62492
62653
