Fe on Ga203
  1123.99988  1113.99988    -0.50000     1.00000     2.00000    21    50.0
LO MagPE 50.000KE/1  Ex=1486.599eV WF=4.000eV Ck=XL Det=MCD Ent=6x12mm Exit=4mm
32257
32386
33588
34552
34423
38055
41390
49316
62333
76986
86765
84389
70446
56560
47056
41486
36971
34657
32044
31906
30989
   711.49994   702.99994    -0.50000     1.00000     2.00000    18    50.0
LO MagPE 50.000KE/1  Ex=1486.599eV WF=4.000eV Ck=XL Det=MCD Ent=6x12mm Exit=4mm
30948
31172
31178
32322
32575
33416
34201
37033
38573
36639
33303
29770
27767
26905
26524
26229
25908
25408
