Fe on Ga203
  1123.99988  1113.99988    -0.50000     1.00000     2.00000    21    50.0
LO MagPE 50.000KE/1  Ex=1486.599eV WF=4.000eV Ck=XL Det=MCD Ent=6x12mm Exit=4mm
96318
99289
98161
100848
102491
107457
114976
131243
156706
185471
211167
208491
181748
149149
130272
117027
108979
102277
97810
96122
94971
   711.49994   702.99994    -0.50000     1.00000     2.00000    18    50.0
LO MagPE 50.000KE/1  Ex=1486.599eV WF=4.000eV Ck=XL Det=MCD Ent=6x12mm Exit=4mm
82963
82849
82789
84566
84217
85888
88985
92002
93652
93081
87221
82733
78917
78708
75332
75838
77907
75981
