Fe on Ga203
  1123.99988  1113.99988    -0.50000     1.00000     2.00000    21    50.0
LO MagPE 50.000KE/1  Ex=1486.599eV WF=4.000eV Ck=XL Det=MCD Ent=6x12mm Exit=4mm
43107
43679
43176
43785
44487
45984
46840
49174
54997
61884
69205
68357
63818
59306
54680
50923
49234
44356
41620
41145
40683
   711.49994   702.99994    -0.50000     1.00000     2.00000    18    50.0
LO MagPE 50.000KE/1  Ex=1486.599eV WF=4.000eV Ck=XL Det=MCD Ent=6x12mm Exit=4mm
31743
32721
33419
33396
33504
34163
34546
35746
37349
36554
35942
32635
30589
29858
29441
29023
29395
28770
