Fe on Ga203
  1123.99988  1113.99988    -0.50000     1.00000     2.00000    21    50.0
LO MagPE 50.000KE/1  Ex=1486.599eV WF=4.000eV Ck=XL Det=MCD Ent=6x12mm Exit=4mm
83919
84082
84460
84891
86143
88713
91533
98416
108902
120930
130999
130051
119888
108149
99954
94877
89323
85386
84416
83099
82374
   711.49994   702.99994    -0.50000     1.00000     2.00000    18    50.0
LO MagPE 50.000KE/1  Ex=1486.599eV WF=4.000eV Ck=XL Det=MCD Ent=6x12mm Exit=4mm
68823
70687
71501
71429
73974
75914
79387
82958
85944
83872
76618
66795
62496
60467
59691
59365
59299
59186
