Fe on Ga203
  1123.99988  1113.99988    -0.50000     1.00000     2.00000    21    50.0
LO MagPE 50.000KE/1  Ex=1486.599eV WF=4.000eV Ck=XL Det=MCD Ent=6x12mm Exit=4mm
95005
96111
95821
97589
100361
105446
112566
124369
147011
171008
189981
188142
164152
139033
121990
112144
105113
99613
96733
94731
93727
   711.49994   702.99994    -0.50000     1.00000     2.00000    18    50.0
LO MagPE 50.000KE/1  Ex=1486.599eV WF=4.000eV Ck=XL Det=MCD Ent=6x12mm Exit=4mm
85608
86194
89105
89801
90585
93156
96847
100431
102160
104157
94645
83397
77671
75139
75184
73994
72884
73292
