Fe on Ga203
  1123.99988  1113.99988    -0.50000     1.00000     2.00000    21    50.0
LO MagPE 50.000KE/1  Ex=1486.599eV WF=4.000eV Ck=XL Det=MCD Ent=6x12mm Exit=4mm
30287
30767
30832
32298
33545
34991
39239
46516
57308
72862
82171
80211
66643
52593
43870
37696
34533
31877
30803
29017
28493
   711.49994   702.99994    -0.50000     1.00000     2.00000    18    50.0
LO MagPE 50.000KE/1  Ex=1486.599eV WF=4.000eV Ck=XL Det=MCD Ent=6x12mm Exit=4mm
28837
29026
29133
29474
30056
30166
31149
32720
33571
32623
30451
27901
26471
25476
25039
24614
24599
24971
