Fe on Ga203
  1123.99988  1113.99988    -0.50000     1.00000     2.00000    21    50.0
LO MagPE 50.000KE/1  Ex=1486.599eV WF=4.000eV Ck=XL Det=MCD Ent=6x12mm Exit=4mm
46719
46909
47506
47736
48204
48926
51316
54111
60757
67261
73382
74083
68103
61140
57077
53346
50337
47593
45866
45407
44535
   711.49994   702.99994    -0.50000     1.00000     2.00000    18    50.0
LO MagPE 50.000KE/1  Ex=1486.599eV WF=4.000eV Ck=XL Det=MCD Ent=6x12mm Exit=4mm
35408
36802
36628
37217
37369
37794
38918
40722
42180
42565
40166
36318
33809
32150
31772
31325
30884
31192
