Fe on Ga203
  1123.99988  1113.99988    -0.50000     1.00000     2.00000    21    50.0
LO MagPE 50.000KE/1  Ex=1486.599eV WF=4.000eV Ck=XL Det=MCD Ent=6x12mm Exit=4mm
102226
105697
108268
110289
115709
120626
129749
149270
178982
217384
244715
243764
208889
170208
146255
132337
122071
111431
108321
107451
104511
   711.49994   702.99994    -0.50000     1.00000     2.00000    18    50.0
LO MagPE 50.000KE/1  Ex=1486.599eV WF=4.000eV Ck=XL Det=MCD Ent=6x12mm Exit=4mm
88495
90303
88387
88530
89433
91548
97770
100432
102438
103956
96832
87964
84332
79803
77814
77013
76666
77538
