Fe on Ga203
  1123.99988  1113.99988    -0.50000     1.00000     2.00000    21    50.0
LO MagPE 50.000KE/1  Ex=1486.599eV WF=4.000eV Ck=XL Det=MCD Ent=6x12mm Exit=4mm
32681
33096
33658
33754
36199
38375
42782
51802
66008
84272
95438
93801
77215
59099
48802
42185
38390
33612
32295
31550
30747
   711.49994   702.99994    -0.50000     1.00000     2.00000    18    50.0
LO MagPE 50.000KE/1  Ex=1486.599eV WF=4.000eV Ck=XL Det=MCD Ent=6x12mm Exit=4mm
29268
29867
29799
30432
30679
31415
32377
34541
34833
34363
32201
29665
27685
26382
26238
25687
25530
25464
