Fe on Ga203
  1123.99988  1113.99988    -0.50000     1.00000     2.00000    21    50.0
LO MagPE 50.000KE/1  Ex=1486.599eV WF=4.000eV Ck=XL Det=MCD Ent=6x12mm Exit=4mm
89152
88314
89513
91185
92720
94636
100042
108219
122769
140941
155535
156271
141800
122662
109986
103297
96403
91568
88946
87387
86779
   711.49994   702.99994    -0.50000     1.00000     2.00000    18    50.0
LO MagPE 50.000KE/1  Ex=1486.599eV WF=4.000eV Ck=XL Det=MCD Ent=6x12mm Exit=4mm
68673
70146
70048
71955
71000
72985
74652
76062
77981
78744
74938
70876
67337
65640
64293
63471
63590
64552
