Fe on Ga203
  1123.99988  1113.99988    -0.50000     1.00000     2.00000    21    50.0
LO MagPE 50.000KE/1  Ex=1486.599eV WF=4.000eV Ck=XL Det=MCD Ent=6x12mm Exit=4mm
81443
81637
82026
83194
84322
86601
91233
97930
110259
126198
138355
140278
127303
111374
100474
94664
88180
83452
81436
80043
78583
   711.49994   702.99994    -0.50000     1.00000     2.00000    18    50.0
LO MagPE 50.000KE/1  Ex=1486.599eV WF=4.000eV Ck=XL Det=MCD Ent=6x12mm Exit=4mm
62421
62541
63385
62947
64397
63934
65449
67492
68674
68104
67216
63356
60491
59180
58405
58182
58172
57816
