Fe on Ga203
  1123.99988  1113.99988    -0.50000     1.00000     2.00000    21    50.0
LO MagPE 50.000KE/1  Ex=1486.599eV WF=4.000eV Ck=XL Det=MCD Ent=6x12mm Exit=4mm
28253
28978
29748
29922
31543
33394
37981
45678
58668
73244
86520
84465
70714
54989
44293
38707
34186
30594
28727
28495
27015
   711.49994   702.99994    -0.50000     1.00000     2.00000    18    50.0
LO MagPE 50.000KE/1  Ex=1486.599eV WF=4.000eV Ck=XL Det=MCD Ent=6x12mm Exit=4mm
25462
25525
25813
26422
27281
27376
28721
29930
31363
30466
27936
24785
22153
21368
21399
20727
20925
20286
