Fe on Ga203
  1123.99988  1113.99988    -0.50000     1.00000     2.00000    21    50.0
LO MagPE 50.000KE/1  Ex=1486.599eV WF=4.000eV Ck=XL Det=MCD Ent=6x12mm Exit=4mm
84236
86005
86713
88322
91376
94549
101600
112890
134787
158619
177579
174968
152237
126442
109777
102004
93670
89629
85001
84013
82077
   711.49994   702.99994    -0.50000     1.00000     2.00000    18    50.0
LO MagPE 50.000KE/1  Ex=1486.599eV WF=4.000eV Ck=XL Det=MCD Ent=6x12mm Exit=4mm
76753
78616
78307
78573
79573
82235
83080
87030
91052
90635
84176
75588
70680
70450
67971
67442
68055
68853
