Fe on Ga203
  1123.99988  1113.99988    -0.50000     1.00000     2.00000    21    50.0
LO MagPE 50.000KE/1  Ex=1486.599eV WF=4.000eV Ck=XL Det=MCD Ent=6x12mm Exit=4mm
54165
54691
55218
55790
57237
58082
61769
67319
76872
89950
100716
101276
91292
79834
71590
65329
60479
56272
53132
53121
52871
   711.49994   702.99994    -0.50000     1.00000     2.00000    18    50.0
LO MagPE 50.000KE/1  Ex=1486.599eV WF=4.000eV Ck=XL Det=MCD Ent=6x12mm Exit=4mm
43155
43739
44896
44856
44606
44735
45672
47236
48874
49085
46963
43386
41827
40670
39839
39810
39290
39674
