Fe on Ga203
  1123.99988  1113.99988    -0.50000     1.00000     2.00000    21    50.0
LO MagPE 50.000KE/1  Ex=1486.599eV WF=4.000eV Ck=XL Det=MCD Ent=6x12mm Exit=4mm
30487
31277
31649
32331
34427
36737
41008
49839
63452
80737
92200
89844
74750
58005
47389
41114
37452
32754
31646
30242
30104
   711.49994   702.99994    -0.50000     1.00000     2.00000    18    50.0
LO MagPE 50.000KE/1  Ex=1486.599eV WF=4.000eV Ck=XL Det=MCD Ent=6x12mm Exit=4mm
28991
29358
29635
29575
29891
31533
31764
33883
35818
35172
32142
28996
26409
25125
24427
24995
23994
24877
