Fe on Ga203
  1123.99988  1113.99988    -0.50000     1.00000     2.00000    21    50.0
LO MagPE 50.000KE/1  Ex=1486.599eV WF=4.000eV Ck=XL Det=MCD Ent=6x12mm Exit=4mm
71818
72401
72084
73440
74223
75253
77843
83405
91858
103486
113260
115151
104930
93602
85783
81244
76804
73532
70585
69992
69406
   711.49994   702.99994    -0.50000     1.00000     2.00000    18    50.0
LO MagPE 50.000KE/1  Ex=1486.599eV WF=4.000eV Ck=XL Det=MCD Ent=6x12mm Exit=4mm
55734
56295
55941
56333
57118
57707
59058
60440
61460
62338
59586
56344
53575
52677
53270
51943
52528
52439
