Fe on Ga203
  1123.99988  1113.99988    -0.50000     1.00000     2.00000    21    50.0
LO MagPE 50.000KE/1  Ex=1486.599eV WF=4.000eV Ck=XL Det=MCD Ent=6x12mm Exit=4mm
36476
36806
35567
37817
40611
42715
47895
53804
66527
83774
98130
98096
83948
65804
54241
46343
42550
38659
37244
36018
37582
   711.49994   702.99994    -0.50000     1.00000     2.00000    18    50.0
LO MagPE 50.000KE/1  Ex=1486.599eV WF=4.000eV Ck=XL Det=MCD Ent=6x12mm Exit=4mm
30940
30807
32513
33414
33608
33110
34718
35161
37138
37199
35644
31225
28692
27178
28074
27563
27068
27728
