Fe on Ga203
  1123.99988  1113.99988    -0.50000     1.00000     2.00000    21    50.0
LO MagPE 50.000KE/1  Ex=1486.599eV WF=4.000eV Ck=XL Det=MCD Ent=6x12mm Exit=4mm
35162
36899
36321
36843
39956
42335
47341
52129
66587
82299
94820
91476
82847
65483
53609
45776
42406
39824
37891
36156
35537
   711.49994   702.99994    -0.50000     1.00000     2.00000    18    50.0
LO MagPE 50.000KE/1  Ex=1486.599eV WF=4.000eV Ck=XL Det=MCD Ent=6x12mm Exit=4mm
33006
32761
31617
32566
35149
33644
36144
38433
38652
37240
34424
30803
27402
26443
26574
27419
27748
27218
