Fe on Ga203
  1123.99988  1113.99988    -0.50000     1.00000     2.00000    21    50.0
LO MagPE 50.000KE/1  Ex=1486.599eV WF=4.000eV Ck=XL Det=MCD Ent=6x12mm Exit=4mm
96110
96635
96648
99422
102742
105870
114744
129107
152361
183014
205440
199050
171040
141652
124087
114742
106370
100988
95886
92836
92656
   711.49994   702.99994    -0.50000     1.00000     2.00000    18    50.0
LO MagPE 50.000KE/1  Ex=1486.599eV WF=4.000eV Ck=XL Det=MCD Ent=6x12mm Exit=4mm
81338
82779
84336
84243
85922
87433
90417
95903
99576
97132
90377
79896
74468
72819
71297
71187
71123
70912
