Fe on Ga203
  1123.99988  1113.99988    -0.50000     1.00000     2.00000    21    50.0
LO MagPE 50.000KE/1  Ex=1486.599eV WF=4.000eV Ck=XL Det=MCD Ent=6x12mm Exit=4mm
87034
87374
87524
88512
88787
91955
94356
99866
107502
119125
127806
128836
119738
108724
101037
96996
91130
87950
86339
85989
84761
   711.49994   702.99994    -0.50000     1.00000     2.00000    18    50.0
LO MagPE 50.000KE/1  Ex=1486.599eV WF=4.000eV Ck=XL Det=MCD Ent=6x12mm Exit=4mm
70982
72160
73082
76219
76005
77646
79773
83888
86556
85192
77257
69719
64351
62590
61796
61109
60434
60572
