Fe on Ga203
  1123.99988  1113.99988    -0.50000     1.00000     2.00000    21    50.0
LO MagPE 50.000KE/1  Ex=1486.599eV WF=4.000eV Ck=XL Det=MCD Ent=6x12mm Exit=4mm
27402
28253
28679
29722
29771
33244
37026
44670
55537
71114
82597
81507
68262
53116
42896
36749
32930
29399
28178
26650
26872
   711.49994   702.99994    -0.50000     1.00000     2.00000    18    50.0
LO MagPE 50.000KE/1  Ex=1486.599eV WF=4.000eV Ck=XL Det=MCD Ent=6x12mm Exit=4mm
25636
26593
26336
26552
27836
28039
30204
31046
32610
31697
28130
25233
22998
22653
21290
21964
20963
20449
