Fe on Ga203
  1123.99988  1113.99988    -0.50000     1.00000     2.00000    21    50.0
LO MagPE 50.000KE/1  Ex=1486.599eV WF=4.000eV Ck=XL Det=MCD Ent=6x12mm Exit=4mm
86816
86898
87904
88434
89281
91873
94793
101301
110834
126044
138266
138065
127374
113549
103247
97686
91873
88092
86122
83996
83488
   711.49994   702.99994    -0.50000     1.00000     2.00000    18    50.0
LO MagPE 50.000KE/1  Ex=1486.599eV WF=4.000eV Ck=XL Det=MCD Ent=6x12mm Exit=4mm
64638
65826
65980
66836
67805
68085
68892
69362
70809
70916
69787
65715
63454
62630
62279
61623
61143
61055
