Fe on Ga203
  1123.99988  1113.99988    -0.50000     1.00000     2.00000    21    50.0
LO MagPE 50.000KE/1  Ex=1486.599eV WF=4.000eV Ck=XL Det=MCD Ent=6x12mm Exit=4mm
35036
35296
36074
36854
39408
42546
47628
58086
74645
96325
109928
107765
88559
67569
54253
47083
41830
39274
36795
36411
35160
   711.49994   702.99994    -0.50000     1.00000     2.00000    18    50.0
LO MagPE 50.000KE/1  Ex=1486.599eV WF=4.000eV Ck=XL Det=MCD Ent=6x12mm Exit=4mm
32582
33492
34395
33737
33954
34502
35547
38080
39207
37576
36531
33202
30674
29667
28296
28159
27478
27452
