Fe on Ga203
  1123.99988  1113.99988    -0.50000     1.00000     2.00000    21    50.0
LO MagPE 50.000KE/1  Ex=1486.599eV WF=4.000eV Ck=XL Det=MCD Ent=6x12mm Exit=4mm
27658
27512
28120
29081
30323
31472
36086
42716
52988
66927
76815
76096
64455
49429
42076
37265
33000
31167
28792
27612
27770
   711.49994   702.99994    -0.50000     1.00000     2.00000    18    50.0
LO MagPE 50.000KE/1  Ex=1486.599eV WF=4.000eV Ck=XL Det=MCD Ent=6x12mm Exit=4mm
24920
25182
25877
26068
26257
27507
28111
29579
30710
29639
26268
23752
22030
21288
21565
20162
20635
21207
