Fe on Ga203
  1123.99988  1113.99988    -0.50000     1.00000     2.00000    21    50.0
LO MagPE 50.000KE/1  Ex=1486.599eV WF=4.000eV Ck=XL Det=MCD Ent=6x12mm Exit=4mm
45610
45502
45793
46692
47174
47830
48494
51575
55855
61419
66675
67609
63544
57956
54770
51914
48801
46612
44952
43768
43940
   711.49994   702.99994    -0.50000     1.00000     2.00000    18    50.0
LO MagPE 50.000KE/1  Ex=1486.599eV WF=4.000eV Ck=XL Det=MCD Ent=6x12mm Exit=4mm
37235
37080
37129
37346
37931
38972
40564
41442
42242
43580
41225
37136
34776
33276
32943
32887
32809
32458
