Fe on Ga203
  1123.99988  1113.99988    -0.50000     1.00000     2.00000    21    50.0
LO MagPE 50.000KE/1  Ex=1486.599eV WF=4.000eV Ck=XL Det=MCD Ent=6x12mm Exit=4mm
27593
27877
28278
29819
30739
32986
37182
43323
56542
71587
81866
80929
67478
53207
43172
36791
32468
29743
27621
26633
26753
   711.49994   702.99994    -0.50000     1.00000     2.00000    18    50.0
LO MagPE 50.000KE/1  Ex=1486.599eV WF=4.000eV Ck=XL Det=MCD Ent=6x12mm Exit=4mm
25866
27253
26904
26682
27620
28240
30013
32322
32400
32632
29737
25327
23371
22832
21866
21890
21471
20843
