Fe on Ga203
  1123.99988  1113.99988    -0.50000     1.00000     2.00000    21    50.0
LO MagPE 50.000KE/1  Ex=1486.599eV WF=4.000eV Ck=XL Det=MCD Ent=6x12mm Exit=4mm
31540
32960
32750
34464
35963
39358
43144
51976
65056
81831
92682
89461
72293
56399
47240
41103
37190
33841
32286
31564
30747
   711.49994   702.99994    -0.50000     1.00000     2.00000    18    50.0
LO MagPE 50.000KE/1  Ex=1486.599eV WF=4.000eV Ck=XL Det=MCD Ent=6x12mm Exit=4mm
31683
32572
32122
32874
32812
33904
33530
35529
35705
35611
34288
31590
29114
28390
27815
28176
27558
28393
