Fe on Ga203
  1123.99988  1113.99988    -0.50000     1.00000     2.00000    21    50.0
LO MagPE 50.000KE/1  Ex=1486.599eV WF=4.000eV Ck=XL Det=MCD Ent=6x12mm Exit=4mm
71141
71286
71441
71564
72978
73313
75365
78753
84745
92156
97570
98335
93091
86958
84210
79573
75757
72770
69699
69109
68920
   711.49994   702.99994    -0.50000     1.00000     2.00000    18    50.0
LO MagPE 50.000KE/1  Ex=1486.599eV WF=4.000eV Ck=XL Det=MCD Ent=6x12mm Exit=4mm
53920
54376
55693
55131
55339
55430
55986
58165
59224
59627
57456
55342
52459
52346
51922
51330
51738
52358
