Fe on Ga203
  1123.99988  1113.99988    -0.50000     1.00000     2.00000    21    50.0
LO MagPE 50.000KE/1  Ex=1486.599eV WF=4.000eV Ck=XL Det=MCD Ent=6x12mm Exit=4mm
83586
83876
85462
86956
88401
91290
95532
104556
120122
138515
156804
157078
141428
120487
108530
98570
93284
88326
84427
82462
82111
   711.49994   702.99994    -0.50000     1.00000     2.00000    18    50.0
LO MagPE 50.000KE/1  Ex=1486.599eV WF=4.000eV Ck=XL Det=MCD Ent=6x12mm Exit=4mm
67416
68371
68043
68721
70013
71460
72343
75465
76744
77456
74443
68061
64215
62234
62980
61061
61906
62045
