Fe on Ga203
  1123.99988  1113.99988    -0.50000     1.00000     2.00000    21    50.0
LO MagPE 50.000KE/1  Ex=1486.599eV WF=4.000eV Ck=XL Det=MCD Ent=6x12mm Exit=4mm
105414
105793
108429
111481
116457
121578
127455
144431
173323
208423
232701
228761
199929
165328
144541
131891
122026
115401
112237
108167
104878
   711.49994   702.99994    -0.50000     1.00000     2.00000    18    50.0
LO MagPE 50.000KE/1  Ex=1486.599eV WF=4.000eV Ck=XL Det=MCD Ent=6x12mm Exit=4mm
87702
89186
92982
95184
94343
92851
94853
94590
98322
98098
93187
87072
83726
81952
80570
80151
82999
82518
