Fe on Ga203
  1123.99988  1113.99988    -0.50000     1.00000     2.00000    21    50.0
LO MagPE 50.000KE/1  Ex=1486.599eV WF=4.000eV Ck=XL Det=MCD Ent=6x12mm Exit=4mm
29950
30015
30718
31244
32576
35725
39301
46110
59003
73874
83347
80420
67502
52452
43373
38889
34162
31238
30160
28840
28435
   711.49994   702.99994    -0.50000     1.00000     2.00000    18    50.0
LO MagPE 50.000KE/1  Ex=1486.599eV WF=4.000eV Ck=XL Det=MCD Ent=6x12mm Exit=4mm
28406
29308
29167
29774
30702
31188
32622
34336
34585
34599
31825
28370
26715
25933
25814
25218
25013
24858
