Fe on Ga203
  1123.99988  1113.99988    -0.50000     1.00000     2.00000    21    50.0
LO MagPE 50.000KE/1  Ex=1486.599eV WF=4.000eV Ck=XL Det=MCD Ent=6x12mm Exit=4mm
62617
62737
63024
63507
65028
65593
67362
69818
75294
82942
88771
89454
83428
76495
72827
69439
66049
63542
62235
61031
61112
   711.49994   702.99994    -0.50000     1.00000     2.00000    18    50.0
LO MagPE 50.000KE/1  Ex=1486.599eV WF=4.000eV Ck=XL Det=MCD Ent=6x12mm Exit=4mm
49699
50539
50886
51681
51844
52360
54574
55648
58339
58189
54515
49847
47047
46097
45531
44968
45103
44480
