Fe on Ga203
  1123.99988  1113.99988    -0.50000     1.00000     2.00000    21    50.0
LO MagPE 50.000KE/1  Ex=1486.599eV WF=4.000eV Ck=XL Det=MCD Ent=6x12mm Exit=4mm
72885
73208
73637
74375
73850
75151
76627
80142
84793
91285
95972
96523
91951
86120
82595
79830
77207
73366
72123
71762
70724
   711.49994   702.99994    -0.50000     1.00000     2.00000    18    50.0
LO MagPE 50.000KE/1  Ex=1486.599eV WF=4.000eV Ck=XL Det=MCD Ent=6x12mm Exit=4mm
58563
60119
59693
60938
61539
62601
64302
67612
69604
68959
64392
58853
54840
54199
51891
52370
51935
51501
