Fe on Ga203
  1123.99988  1113.99988    -0.50000     1.00000     2.00000    21    50.0
LO MagPE 50.000KE/1  Ex=1486.599eV WF=4.000eV Ck=XL Det=MCD Ent=6x12mm Exit=4mm
30602
31255
31455
32406
34085
36075
39846
47343
58901
73791
84056
82244
68402
53147
44690
38374
34696
32037
30195
29519
29569
   711.49994   702.99994    -0.50000     1.00000     2.00000    18    50.0
LO MagPE 50.000KE/1  Ex=1486.599eV WF=4.000eV Ck=XL Det=MCD Ent=6x12mm Exit=4mm
29071
28652
28850
29638
30032
30754
31888
32851
34440
33364
31070
29236
27135
26826
25797
24910
25426
24947
