Fe on Ga203
  1123.99988  1113.99988    -0.50000     1.00000     2.00000    21    50.0
LO MagPE 50.000KE/1  Ex=1486.599eV WF=4.000eV Ck=XL Det=MCD Ent=6x12mm Exit=4mm
26609
26475
26651
27786
29113
30609
34562
40512
49568
61777
73544
68816
56413
46708
37127
33590
29240
27646
27027
25557
25059
   711.49994   702.99994    -0.50000     1.00000     2.00000    18    50.0
LO MagPE 50.000KE/1  Ex=1486.599eV WF=4.000eV Ck=XL Det=MCD Ent=6x12mm Exit=4mm
25421
25668
25907
26080
27033
27108
28376
29457
30003
30308
27801
24836
23383
22096
22278
22532
21969
21874
