Fe on Ga203
  1123.99988  1113.99988    -0.50000     1.00000     2.00000    21    50.0
LO MagPE 50.000KE/1  Ex=1486.599eV WF=4.000eV Ck=XL Det=MCD Ent=6x12mm Exit=4mm
65087
65426
65881
65484
65685
66016
67803
69939
73076
77855
81781
81869
78852
75628
72902
70536
68031
65825
64400
63752
63424
   711.49994   702.99994    -0.50000     1.00000     2.00000    18    50.0
LO MagPE 50.000KE/1  Ex=1486.599eV WF=4.000eV Ck=XL Det=MCD Ent=6x12mm Exit=4mm
49953
50402
50413
50276
50301
51260
51303
52700
53412
53483
52472
50346
48729
47679
48041
47797
47496
48068
