Fe on Ga203
  1123.99988  1113.99988    -0.50000     1.00000     2.00000    21    50.0
LO MagPE 50.000KE/1  Ex=1486.599eV WF=4.000eV Ck=XL Det=MCD Ent=6x12mm Exit=4mm
67611
68101
68562
69111
69568
70574
71933
76358
81445
88328
95243
95303
90070
83405
78680
75496
72053
69206
67605
66844
65696
   711.49994   702.99994    -0.50000     1.00000     2.00000    18    50.0
LO MagPE 50.000KE/1  Ex=1486.599eV WF=4.000eV Ck=XL Det=MCD Ent=6x12mm Exit=4mm
53222
52900
52908
53510
54341
54956
55852
57291
57803
57733
56494
53550
51799
50594
50656
50369
50175
49611
