Fe on Ga203
  1123.99988  1113.99988    -0.50000     1.00000     2.00000    21    50.0
LO MagPE 50.000KE/1  Ex=1486.599eV WF=4.000eV Ck=XL Det=MCD Ent=6x12mm Exit=4mm
85527
86537
85944
87304
87481
89783
93665
98663
108744
119991
129121
131148
121025
107853
100664
94749
90801
88103
85281
84469
82912
   711.49994   702.99994    -0.50000     1.00000     2.00000    18    50.0
LO MagPE 50.000KE/1  Ex=1486.599eV WF=4.000eV Ck=XL Det=MCD Ent=6x12mm Exit=4mm
71568
72653
72469
74505
74496
77413
80871
84709
86586
85212
77309
69256
64150
61992
60579
60904
60599
59841
