Fe on Ga203
  1123.99988  1113.99988    -0.50000     1.00000     2.00000    21    50.0
LO MagPE 50.000KE/1  Ex=1486.599eV WF=4.000eV Ck=XL Det=MCD Ent=6x12mm Exit=4mm
46048
46529
47277
47522
47598
49384
51781
55517
61208
69588
75958
77323
71657
63298
58655
55749
51471
48019
45867
45343
44446
   711.49994   702.99994    -0.50000     1.00000     2.00000    18    50.0
LO MagPE 50.000KE/1  Ex=1486.599eV WF=4.000eV Ck=XL Det=MCD Ent=6x12mm Exit=4mm
36070
36219
36592
37162
37396
38469
38837
39455
41195
41765
39554
36172
34026
33498
32843
33120
32842
32419
