Fe on Ga203
  1123.99988  1113.99988    -0.50000     1.00000     2.00000    21    50.0
LO MagPE 50.000KE/1  Ex=1486.599eV WF=4.000eV Ck=XL Det=MCD Ent=6x12mm Exit=4mm
28825
28884
28564
29429
29510
30002
30562
32564
35002
37818
40385
41022
39036
37069
35618
34466
32150
29883
28600
27518
27375
   711.49994   702.99994    -0.50000     1.00000     2.00000    18    50.0
LO MagPE 50.000KE/1  Ex=1486.599eV WF=4.000eV Ck=XL Det=MCD Ent=6x12mm Exit=4mm
19991
20431
20302
20362
20906
21218
21078
22658
23481
23153
22656
20326
18536
17832
17883
17667
17297
17730
