Fe on Ga203
  1123.99988  1113.99988    -0.50000     1.00000     2.00000    21    50.0
LO MagPE 50.000KE/1  Ex=1486.599eV WF=4.000eV Ck=XL Det=MCD Ent=6x12mm Exit=4mm
30053
29651
30289
30478
33190
33634
37975
44230
55456
67975
78597
76208
63771
50870
42351
38022
33505
31010
29931
28616
28396
   711.49994   702.99994    -0.50000     1.00000     2.00000    18    50.0
LO MagPE 50.000KE/1  Ex=1486.599eV WF=4.000eV Ck=XL Det=MCD Ent=6x12mm Exit=4mm
28186
28084
29177
28096
29704
28947
30704
32580
33610
33358
30494
27999
25304
24680
24407
24700
23845
24203
