Fe on Ga203
  1123.99988  1113.99988    -0.50000     1.00000     2.00000    21    50.0
LO MagPE 50.000KE/1  Ex=1486.599eV WF=4.000eV Ck=XL Det=MCD Ent=6x12mm Exit=4mm
37968
30959
31531
32438
32833
37557
37286
42164
50403
59828
67128
65752
56498
46645
40041
36520
33843
31519
30153
29891
29003
   711.49994   702.99994    -0.50000     1.00000     2.00000    18    50.0
LO MagPE 50.000KE/1  Ex=1486.599eV WF=4.000eV Ck=XL Det=MCD Ent=6x12mm Exit=4mm
27649
29004
28376
28833
29736
30423
31926
33754
35047
34694
30841
27136
24686
22649
21759
21926
21552
21452
