Fe on Ga203
  1123.99988  1113.99988    -0.50000     1.00000     2.00000    21    50.0
LO MagPE 50.000KE/1  Ex=1486.599eV WF=4.000eV Ck=XL Det=MCD Ent=6x12mm Exit=4mm
48585
50437
48716
49310
50109
50515
53072
56254
61670
69242
75291
76334
70246
63181
58854
55267
52023
48985
47567
46872
46178
   711.49994   702.99994    -0.50000     1.00000     2.00000    18    50.0
LO MagPE 50.000KE/1  Ex=1486.599eV WF=4.000eV Ck=XL Det=MCD Ent=6x12mm Exit=4mm
38088
38410
38736
38565
39022
39876
41005
42229
43689
43892
41800
38426
35163
34137
34366
33951
33919
33454
