Fe on Ga203
  1123.99988  1113.99988    -0.50000     1.00000     2.00000    21    50.0
LO MagPE 50.000KE/1  Ex=1486.599eV WF=4.000eV Ck=XL Det=MCD Ent=6x12mm Exit=4mm
28710
29107
29270
29099
29468
30022
30749
32254
34437
38366
40465
41128
38870
37216
35258
34165
32196
29772
28315
27847
27075
   711.49994   702.99994    -0.50000     1.00000     2.00000    18    50.0
LO MagPE 50.000KE/1  Ex=1486.599eV WF=4.000eV Ck=XL Det=MCD Ent=6x12mm Exit=4mm
19568
19407
19369
19906
19941
20226
20861
21259
22214
21898
21128
19086
18389
17559
17442
17193
17673
17489
