Fe on Ga203
  1123.99988  1113.99988    -0.50000     1.00000     2.00000    21    50.0
LO MagPE 50.000KE/1  Ex=1486.599eV WF=4.000eV Ck=XL Det=MCD Ent=6x12mm Exit=4mm
87545
86988
86949
88105
90098
91444
95678
101514
113017
128450
139955
139648
127407
114289
103236
98015
92259
89490
85726
85490
85137
   711.49994   702.99994    -0.50000     1.00000     2.00000    18    50.0
LO MagPE 50.000KE/1  Ex=1486.599eV WF=4.000eV Ck=XL Det=MCD Ent=6x12mm Exit=4mm
73016
73116
74899
76537
77017
79952
83662
86945
89584
88021
79955
70378
65629
63645
62143
61326
61575
61710
