Fe on Ga203
  1123.99988  1113.99988    -0.50000     1.00000     2.00000    21    50.0
LO MagPE 50.000KE/1  Ex=1486.599eV WF=4.000eV Ck=XL Det=MCD Ent=6x12mm Exit=4mm
48338
48484
48262
48458
49495
50619
52285
54574
59640
65626
71884
73326
68190
62625
58777
55737
52482
49415
48444
47406
47058
   711.49994   702.99994    -0.50000     1.00000     2.00000    18    50.0
LO MagPE 50.000KE/1  Ex=1486.599eV WF=4.000eV Ck=XL Det=MCD Ent=6x12mm Exit=4mm
37284
37277
37362
38265
38426
39067
40171
41393
42118
42504
40896
38165
35720
34089
34468
33713
33909
33746
