Fe on Ga203
  1123.99988  1113.99988    -0.50000     1.00000     2.00000    21    50.0
LO MagPE 50.000KE/1  Ex=1486.599eV WF=4.000eV Ck=XL Det=MCD Ent=6x12mm Exit=4mm
52140
52395
52695
52678
53669
55079
57226
60371
64940
73016
79931
80920
75114
67667
64084
60619
57165
53414
51830
50500
50404
   711.49994   702.99994    -0.50000     1.00000     2.00000    18    50.0
LO MagPE 50.000KE/1  Ex=1486.599eV WF=4.000eV Ck=XL Det=MCD Ent=6x12mm Exit=4mm
41279
41884
41474
42347
42728
43881
43975
45373
47395
47858
45459
41890
39369
37700
37760
37450
37305
37309
