Fe on Ga203
  1123.99988  1113.99988    -0.50000     1.00000     2.00000    21    50.0
LO MagPE 50.000KE/1  Ex=1486.599eV WF=4.000eV Ck=XL Det=MCD Ent=6x12mm Exit=4mm
92997
95367
95444
96303
99511
99840
110424
126381
152751
183256
204472
204481
173708
139562
119331
111809
102410
95932
92074
91121
90731
   711.49994   702.99994    -0.50000     1.00000     2.00000    18    50.0
LO MagPE 50.000KE/1  Ex=1486.599eV WF=4.000eV Ck=XL Det=MCD Ent=6x12mm Exit=4mm
83365
84806
85413
86336
87902
88397
88288
91289
92934
94001
87171
79760
74077
73108
70176
72055
71641
71112
