Fe on Ga203
  1123.99988  1113.99988    -0.50000     1.00000     2.00000    21    50.0
LO MagPE 50.000KE/1  Ex=1486.599eV WF=4.000eV Ck=XL Det=MCD Ent=6x12mm Exit=4mm
33464
33979
34388
35923
37246
40697
45951
56975
73760
94882
108932
104059
82897
63793
52181
44589
38641
36089
34163
32286
32200
   711.49994   702.99994    -0.50000     1.00000     2.00000    18    50.0
LO MagPE 50.000KE/1  Ex=1486.599eV WF=4.000eV Ck=XL Det=MCD Ent=6x12mm Exit=4mm
33271
32990
33820
34787
35249
36388
38812
40407
41540
40991
36931
33048
30727
29642
28794
28894
29607
29116
