Fe on Ga203
  1123.99988  1113.99988    -0.50000     1.00000     2.00000    21    50.0
LO MagPE 50.000KE/1  Ex=1486.599eV WF=4.000eV Ck=XL Det=MCD Ent=6x12mm Exit=4mm
34425
35582
34946
36507
38125
39411
44183
52714
64115
79185
88756
87420
74170
59578
49896
44681
40413
36733
35327
33620
32573
   711.49994   702.99994    -0.50000     1.00000     2.00000    18    50.0
LO MagPE 50.000KE/1  Ex=1486.599eV WF=4.000eV Ck=XL Det=MCD Ent=6x12mm Exit=4mm
31254
31129
31730
32175
32446
31992
32604
33668
35145
34713
31780
29708
27353
26583
25578
25820
26123
26108
