Fe on Ga203
  1123.99988  1113.99988    -0.50000     1.00000     2.00000    21    50.0
LO MagPE 50.000KE/1  Ex=1486.599eV WF=4.000eV Ck=XL Det=MCD Ent=6x12mm Exit=4mm
82303
83018
83073
83379
84385
85098
86436
91411
97295
105753
111843
113460
106216
99047
93724
88483
86412
83325
82298
81003
80103
   711.49994   702.99994    -0.50000     1.00000     2.00000    18    50.0
LO MagPE 50.000KE/1  Ex=1486.599eV WF=4.000eV Ck=XL Det=MCD Ent=6x12mm Exit=4mm
66314
66852
68581
68336
69936
71111
73884
76641
78915
78341
72330
65651
61198
59116
58318
57683
58003
57598
