Fe on Ga203
  1123.99988  1113.99988    -0.50000     1.00000     2.00000    21    50.0
LO MagPE 50.000KE/1  Ex=1486.599eV WF=4.000eV Ck=XL Det=MCD Ent=6x12mm Exit=4mm
34469
34760
35278
36047
38201
39717
43492
50750
61878
77999
89950
90025
74570
59837
50339
43242
39752
36601
34962
41710
33208
   711.49994   702.99994    -0.50000     1.00000     2.00000    18    50.0
LO MagPE 50.000KE/1  Ex=1486.599eV WF=4.000eV Ck=XL Det=MCD Ent=6x12mm Exit=4mm
32361
33334
33937
34348
34735
36088
37837
38569
42037
40790
36658
33964
30000
28517
27925
28325
27957
27216
