Fe on Ga203
  1123.99988  1113.99988    -0.50000     1.00000     2.00000    21    50.0
LO MagPE 50.000KE/1  Ex=1486.599eV WF=4.000eV Ck=XL Det=MCD Ent=6x12mm Exit=4mm
84405
84857
84608
87488
86423
88737
93151
98278
108891
120363
130272
129137
119342
107041
100423
95875
90118
85918
84626
81939
82303
   711.49994   702.99994    -0.50000     1.00000     2.00000    18    50.0
LO MagPE 50.000KE/1  Ex=1486.599eV WF=4.000eV Ck=XL Det=MCD Ent=6x12mm Exit=4mm
70133
70863
71963
73045
74985
77827
79663
82990
85911
84165
77709
68105
63856
61238
60001
59443
59381
58974
