Fe on Ga203
  1123.99988  1113.99988    -0.50000     1.00000     2.00000    21    50.0
LO MagPE 50.000KE/1  Ex=1486.599eV WF=4.000eV Ck=XL Det=MCD Ent=6x12mm Exit=4mm
50178
50116
50084
51015
50766
51423
52598
55069
58521
64305
69353
69702
65963
61130
57787
56468
53641
50326
48910
48296
48398
   711.49994   702.99994    -0.50000     1.00000     2.00000    18    50.0
LO MagPE 50.000KE/1  Ex=1486.599eV WF=4.000eV Ck=XL Det=MCD Ent=6x12mm Exit=4mm
38538
38761
38429
38758
39388
39892
40491
41220
42365
41674
41180
38453
37086
36199
35593
35622
35841
35302
