Fe on Ga203
  1123.99988  1113.99988    -0.50000     1.00000     2.00000    21    50.0
LO MagPE 50.000KE/1  Ex=1486.599eV WF=4.000eV Ck=XL Det=MCD Ent=6x12mm Exit=4mm
31137
31234
32193
32166
33628
34861
37527
43859
51838
63749
71212
69584
60996
49913
43063
38350
35673
33231
31001
30961
30262
   711.49994   702.99994    -0.50000     1.00000     2.00000    18    50.0
LO MagPE 50.000KE/1  Ex=1486.599eV WF=4.000eV Ck=XL Det=MCD Ent=6x12mm Exit=4mm
31151
32404
32416
32888
33918
34771
36875
38083
40673
39623
36274
30742
28348
27341
26484
25679
25216
25559
