Fe on Ga203
  1123.99988  1113.99988    -0.50000     1.00000     2.00000    21    50.0
LO MagPE 50.000KE/1  Ex=1486.599eV WF=4.000eV Ck=XL Det=MCD Ent=6x12mm Exit=4mm
65230
65693
65793
65821
66379
68391
71390
75778
83700
94588
103692
105259
96240
86158
78809
74544
70051
66548
64291
63309
62445
   711.49994   702.99994    -0.50000     1.00000     2.00000    18    50.0
LO MagPE 50.000KE/1  Ex=1486.599eV WF=4.000eV Ck=XL Det=MCD Ent=6x12mm Exit=4mm
51385
51527
51790
51331
51777
52966
53416
54679
56906
56035
55096
50967
48547
48309
49011
47413
47592
47559
