Fe on Ga203
  1123.99988  1113.99988    -0.50000     1.00000     2.00000    21    50.0
LO MagPE 50.000KE/1  Ex=1486.599eV WF=4.000eV Ck=XL Det=MCD Ent=6x12mm Exit=4mm
67887
68246
69092
68819
68971
69945
71615
74007
78408
82597
86925
87409
84495
78230
75078
73401
70662
68557
67250
67530
66783
   711.49994   702.99994    -0.50000     1.00000     2.00000    18    50.0
LO MagPE 50.000KE/1  Ex=1486.599eV WF=4.000eV Ck=XL Det=MCD Ent=6x12mm Exit=4mm
54398
54791
54788
55834
55847
57226
58711
60246
62145
62423
59660
54130
51159
49868
48469
48739
48846
48483
