Fe on Ga203
  1123.99988  1113.99988    -0.50000     1.00000     2.00000    21    50.0
LO MagPE 50.000KE/1  Ex=1486.599eV WF=4.000eV Ck=XL Det=MCD Ent=6x12mm Exit=4mm
29094
29305
29181
30495
33031
34133
37492
45137
56714
71077
82395
78541
65069
50857
42223
36646
32857
30805
28596
28660
28065
   711.49994   702.99994    -0.50000     1.00000     2.00000    18    50.0
LO MagPE 50.000KE/1  Ex=1486.599eV WF=4.000eV Ck=XL Det=MCD Ent=6x12mm Exit=4mm
27986
28427
28494
28786
30072
29296
31173
32015
33342
32912
30621
27995
26421
25366
24794
24130
24156
23807
