Fe on Ga203
  1123.99988  1113.99988    -0.50000     1.00000     2.00000    21    50.0
LO MagPE 50.000KE/1  Ex=1486.599eV WF=4.000eV Ck=XL Det=MCD Ent=6x12mm Exit=4mm
73188
73066
73044
73429
74838
74556
76336
80396
84356
90165
97276
96152
91713
85275
81681
78486
76299
73365
72523
71829
71498
   711.49994   702.99994    -0.50000     1.00000     2.00000    18    50.0
LO MagPE 50.000KE/1  Ex=1486.599eV WF=4.000eV Ck=XL Det=MCD Ent=6x12mm Exit=4mm
58409
59123
59309
60057
60782
61881
63771
66365
68250
67749
64175
58960
54758
53686
52752
52622
52184
52123
