Fe on Ga203
  1123.99988  1113.99988    -0.50000     1.00000     2.00000    21    50.0
LO MagPE 50.000KE/1  Ex=1486.599eV WF=4.000eV Ck=XL Det=MCD Ent=6x12mm Exit=4mm
54363
54192
54286
55032
56185
58003
60475
64922
72602
82354
91703
91472
84650
74366
69155
65868
60095
56967
54150
52446
52112
   711.49994   702.99994    -0.50000     1.00000     2.00000    18    50.0
LO MagPE 50.000KE/1  Ex=1486.599eV WF=4.000eV Ck=XL Det=MCD Ent=6x12mm Exit=4mm
45187
45078
45979
46339
47345
48246
49876
52014
53615
55058
51653
46219
42445
41329
40512
40670
39915
39845
