Fe on Ga203
  1123.99988  1113.99988    -0.50000     1.00000     2.00000    21    50.0
LO MagPE 50.000KE/1  Ex=1486.599eV WF=4.000eV Ck=XL Det=MCD Ent=6x12mm Exit=4mm
62708
63818
63156
64162
66265
67519
70599
76958
88207
101111
113040
112377
102251
89378
81112
75300
70124
64967
61838
61278
60754
   711.49994   702.99994    -0.50000     1.00000     2.00000    18    50.0
LO MagPE 50.000KE/1  Ex=1486.599eV WF=4.000eV Ck=XL Det=MCD Ent=6x12mm Exit=4mm
55598
55603
56544
56987
58067
58622
60992
63237
65082
65349
61647
55887
51637
48858
48724
47979
47701
48560
