Fe on Ga203
  1123.99988  1113.99988    -0.50000     1.00000     2.00000    21    50.0
LO MagPE 50.000KE/1  Ex=1486.599eV WF=4.000eV Ck=XL Det=MCD Ent=6x12mm Exit=4mm
46604
47044
47591
46822
47144
48515
49341
51710
55178
59960
63686
63906
60370
56552
54208
52348
49171
47602
46633
45533
45177
   711.49994   702.99994    -0.50000     1.00000     2.00000    18    50.0
LO MagPE 50.000KE/1  Ex=1486.599eV WF=4.000eV Ck=XL Det=MCD Ent=6x12mm Exit=4mm
35467
35751
36285
36197
36725
37626
37797
39710
41584
41484
38946
36301
33538
32196
32338
31544
31636
32042
