Fe on Ga203
  1123.99988  1113.99988    -0.50000     1.00000     2.00000    21    50.0
LO MagPE 50.000KE/1  Ex=1486.599eV WF=4.000eV Ck=XL Det=MCD Ent=6x12mm Exit=4mm
104889
103855
105229
105136
108739
111739
119307
128815
148077
174444
192941
197426
175484
150982
132731
122672
114129
107501
104113
98793
97636
   711.49994   702.99994    -0.50000     1.00000     2.00000    18    50.0
LO MagPE 50.000KE/1  Ex=1486.599eV WF=4.000eV Ck=XL Det=MCD Ent=6x12mm Exit=4mm
83928
82656
84702
84552
85943
86832
88150
90786
93185
92822
88851
86036
79919
77401
76859
76557
75556
77041
