Fe on Ga203
  1123.99988  1113.99988    -0.50000     1.00000     2.00000    21    50.0
LO MagPE 50.000KE/1  Ex=1486.599eV WF=4.000eV Ck=XL Det=MCD Ent=6x12mm Exit=4mm
32996
33657
35764
36338
37236
38064
42154
49238
60365
75988
90783
89568
78097
61682
52405
46195
41341
37964
35667
34743
34578
   711.49994   702.99994    -0.50000     1.00000     2.00000    18    50.0
LO MagPE 50.000KE/1  Ex=1486.599eV WF=4.000eV Ck=XL Det=MCD Ent=6x12mm Exit=4mm
30852
30942
31023
30875
31664
31103
31531
32233
33181
34161
33669
31179
29990
29912
28245
27847
28105
27380
