Fe on Ga203
  1123.99988  1113.99988    -0.50000     1.00000     2.00000    21    50.0
LO MagPE 50.000KE/1  Ex=1486.599eV WF=4.000eV Ck=XL Det=MCD Ent=6x12mm Exit=4mm
100667
102289
102987
104193
106866
112164
119753
132675
157224
185802
210509
207632
185363
153926
133978
122318
111879
105935
103028
101356
98060
   711.49994   702.99994    -0.50000     1.00000     2.00000    18    50.0
LO MagPE 50.000KE/1  Ex=1486.599eV WF=4.000eV Ck=XL Det=MCD Ent=6x12mm Exit=4mm
80787
82133
81982
84653
86742
87319
91334
91354
94554
93097
89230
83429
77194
75014
74430
74502
73802
76547
