Fe on Ga203
  1123.99988  1113.99988    -0.50000     1.00000     2.00000    21    50.0
LO MagPE 50.000KE/1  Ex=1486.599eV WF=4.000eV Ck=XL Det=MCD Ent=6x12mm Exit=4mm
80298
80076
81171
80783
81698
83146
85706
90497
98336
110146
119750
119968
111438
100844
93556
89664
85389
81070
79350
77564
77553
   711.49994   702.99994    -0.50000     1.00000     2.00000    18    50.0
LO MagPE 50.000KE/1  Ex=1486.599eV WF=4.000eV Ck=XL Det=MCD Ent=6x12mm Exit=4mm
60565
61009
61047
61276
62124
61330
62956
69511
65069
65891
64978
60449
58293
57660
56697
58754
57630
56859
