Fe on Ga203
  1123.99988  1113.99988    -0.50000     1.00000     2.00000    21    50.0
LO MagPE 50.000KE/1  Ex=1486.599eV WF=4.000eV Ck=XL Det=MCD Ent=6x12mm Exit=4mm
52693
52535
53441
52868
53560
53486
55473
57478
61575
67454
72538
73193
69072
63945
60518
58360
55456
52479
50976
50294
49871
   711.49994   702.99994    -0.50000     1.00000     2.00000    18    50.0
LO MagPE 50.000KE/1  Ex=1486.599eV WF=4.000eV Ck=XL Det=MCD Ent=6x12mm Exit=4mm
40263
40323
40767
41150
40375
41620
41635
42907
43578
43538
42524
40337
38327
37930
38209
37341
37128
37167
