Fe on Ga203
  1123.99988  1113.99988    -0.50000     1.00000     2.00000    21    50.0
LO MagPE 50.000KE/1  Ex=1486.599eV WF=4.000eV Ck=XL Det=MCD Ent=6x12mm Exit=4mm
32700
33104
33801
34133
35742
38416
41450
49724
61706
76487
86820
85080
72304
56622
46839
40802
36351
34205
32965
31358
31025
   711.49994   702.99994    -0.50000     1.00000     2.00000    18    50.0
LO MagPE 50.000KE/1  Ex=1486.599eV WF=4.000eV Ck=XL Det=MCD Ent=6x12mm Exit=4mm
31362
30863
31470
32109
32355
33145
33936
36297
35600
35780
33481
30260
27832
27447
26401
26599
27117
27063
