Fe on Ga203
  1123.99988  1113.99988    -0.50000     1.00000     2.00000    21    50.0
LO MagPE 50.000KE/1  Ex=1486.599eV WF=4.000eV Ck=XL Det=MCD Ent=6x12mm Exit=4mm
69415
69901
70432
71582
72265
76017
80706
88648
104452
121504
137607
137852
120202
103076
90056
83105
75329
71637
69515
66303
66234
   711.49994   702.99994    -0.50000     1.00000     2.00000    18    50.0
LO MagPE 50.000KE/1  Ex=1486.599eV WF=4.000eV Ck=XL Det=MCD Ent=6x12mm Exit=4mm
59026
59986
59488
61084
61685
62744
65367
67755
70502
70305
65371
59751
54659
53283
52732
51933
52187
52215
