Fe on Ga203
  1123.99988  1113.99988    -0.50000     1.00000     2.00000    21    50.0
LO MagPE 50.000KE/1  Ex=1486.599eV WF=4.000eV Ck=XL Det=MCD Ent=6x12mm Exit=4mm
27675
28166
28796
29338
31162
33013
36421
42700
53236
66524
76459
76790
63566
51163
41134
36258
32949
30588
28333
27772
27142
   711.49994   702.99994    -0.50000     1.00000     2.00000    18    50.0
LO MagPE 50.000KE/1  Ex=1486.599eV WF=4.000eV Ck=XL Det=MCD Ent=6x12mm Exit=4mm
23923
25086
25215
25016
25896
26405
27863
28988
30222
29746
26991
24629
22110
20984
20899
20369
20368
20453
