Fe on Ga203
  1123.99988  1113.99988    -0.50000     1.00000     2.00000    21    50.0
LO MagPE 50.000KE/1  Ex=1486.599eV WF=4.000eV Ck=XL Det=MCD Ent=6x12mm Exit=4mm
45718
46037
45934
46387
46487
46865
47929
49639
53007
57027
60406
60845
57767
55006
52615
50753
48257
47007
44947
44325
43732
   711.49994   702.99994    -0.50000     1.00000     2.00000    18    50.0
LO MagPE 50.000KE/1  Ex=1486.599eV WF=4.000eV Ck=XL Det=MCD Ent=6x12mm Exit=4mm
33515
33927
33826
34267
34352
34543
34959
36016
36952
36374
35365
33408
32590
32518
32265
32142
32078
31953
