Fe on Ga203
  1123.99988  1113.99988    -0.50000     1.00000     2.00000    21    50.0
LO MagPE 50.000KE/1  Ex=1486.599eV WF=4.000eV Ck=XL Det=MCD Ent=6x12mm Exit=4mm
29619
29497
29722
29745
30993
32441
34932
38787
47114
55440
62526
61673
54797
45676
39978
35273
33183
30188
30017
29337
28218
   711.49994   702.99994    -0.50000     1.00000     2.00000    18    50.0
LO MagPE 50.000KE/1  Ex=1486.599eV WF=4.000eV Ck=XL Det=MCD Ent=6x12mm Exit=4mm
25367
25966
27227
27362
28104
28874
30532
31764
33124
32280
30220
25685
24727
24241
22908
22453
23372
23426
