Fe on Ga203
  1123.99988  1113.99988    -0.50000     1.00000     2.00000    21    50.0
LO MagPE 50.000KE/1  Ex=1486.599eV WF=4.000eV Ck=XL Det=MCD Ent=6x12mm Exit=4mm
74846
75477
75378
76367
77231
78719
81140
87143
94555
105821
113827
114607
105419
98089
88884
85003
82373
76426
75359
74930
73086
   711.49994   702.99994    -0.50000     1.00000     2.00000    18    50.0
LO MagPE 50.000KE/1  Ex=1486.599eV WF=4.000eV Ck=XL Det=MCD Ent=6x12mm Exit=4mm
60101
60550
61517
61650
61622
63628
66085
68423
71032
69542
66211
59087
55934
54221
53110
52610
52582
52268
