Fe on Ga203
  1123.99988  1113.99988    -0.50000     1.00000     2.00000    21    50.0
LO MagPE 50.000KE/1  Ex=1486.599eV WF=4.000eV Ck=XL Det=MCD Ent=6x12mm Exit=4mm
80518
81247
80915
81298
82306
84773
85865
90384
98189
108021
115468
117013
108970
99342
92879
89089
85170
83141
80569
79867
79072
   711.49994   702.99994    -0.50000     1.00000     2.00000    18    50.0
LO MagPE 50.000KE/1  Ex=1486.599eV WF=4.000eV Ck=XL Det=MCD Ent=6x12mm Exit=4mm
64442
65345
65397
66538
68280
69154
71567
73289
76610
76494
70923
64209
60371
58594
57835
57227
56501
56951
