Fe on Ga203
  1123.99988  1113.99988    -0.50000     1.00000     2.00000    21    50.0
LO MagPE 50.000KE/1  Ex=1486.599eV WF=4.000eV Ck=XL Det=MCD Ent=6x12mm Exit=4mm
52898
53249
53529
53425
54074
55574
56809
59689
64917
71487
76745
77770
71525
65465
61722
59148
56483
53842
51877
51476
51535
   711.49994   702.99994    -0.50000     1.00000     2.00000    18    50.0
LO MagPE 50.000KE/1  Ex=1486.599eV WF=4.000eV Ck=XL Det=MCD Ent=6x12mm Exit=4mm
41507
41785
42025
42421
43532
43542
45429
47036
48036
48566
45832
41814
38720
37161
37939
36956
36114
36584
