Fe on Ga203
  1123.99988  1113.99988    -0.50000     1.00000     2.00000    21    50.0
LO MagPE 50.000KE/1  Ex=1486.599eV WF=4.000eV Ck=XL Det=MCD Ent=6x12mm Exit=4mm
63881
63802
64070
65030
66784
68929
72607
79751
91554
105752
118958
119491
107553
93161
83230
77000
70346
65765
63006
61146
60977
   711.49994   702.99994    -0.50000     1.00000     2.00000    18    50.0
LO MagPE 50.000KE/1  Ex=1486.599eV WF=4.000eV Ck=XL Det=MCD Ent=6x12mm Exit=4mm
51584
51870
52351
52988
53799
53853
55179
56558
57451
57981
55187
52035
49340
48051
47824
47432
46374
46910
