Fe on Ga203
  1123.99988  1113.99988    -0.50000     1.00000     2.00000    21    50.0
LO MagPE 50.000KE/1  Ex=1486.599eV WF=4.000eV Ck=XL Det=MCD Ent=6x12mm Exit=4mm
58375
58596
58820
59287
58849
60061
60440
61867
64521
68594
71837
72535
68626
66850
65163
63150
61026
59608
57322
57287
56516
   711.49994   702.99994    -0.50000     1.00000     2.00000    18    50.0
LO MagPE 50.000KE/1  Ex=1486.599eV WF=4.000eV Ck=XL Det=MCD Ent=6x12mm Exit=4mm
42703
42848
42982
43299
42977
43681
43940
44848
45006
44939
43915
42799
41807
42140
42093
41745
41310
41036
