Fe on Ga203
  1123.99988  1113.99988    -0.50000     1.00000     2.00000    21    50.0
LO MagPE 50.000KE/1  Ex=1486.599eV WF=4.000eV Ck=XL Det=MCD Ent=6x12mm Exit=4mm
88325
88783
89062
90772
93390
98668
105117
118596
141343
162197
182457
185941
164712
137598
119275
108145
99761
88498
86752
84510
82789
   711.49994   702.99994    -0.50000     1.00000     2.00000    18    50.0
LO MagPE 50.000KE/1  Ex=1486.599eV WF=4.000eV Ck=XL Det=MCD Ent=6x12mm Exit=4mm
80204
81216
82045
82705
82601
84853
87670
92157
94711
93703
87181
79356
72813
72212
70595
69015
70696
68533
