Fe on Ga203
  1123.99988  1113.99988    -0.50000     1.00000     2.00000    21    50.0
LO MagPE 50.000KE/1  Ex=1486.599eV WF=4.000eV Ck=XL Det=MCD Ent=6x12mm Exit=4mm
83696
83977
84733
86222
86869
90190
94805
103047
119226
136615
152945
151983
136313
116968
104288
98090
90876
85728
83021
81029
80170
   711.49994   702.99994    -0.50000     1.00000     2.00000    18    50.0
LO MagPE 50.000KE/1  Ex=1486.599eV WF=4.000eV Ck=XL Det=MCD Ent=6x12mm Exit=4mm
64253
64719
66463
65623
66774
67212
68893
69500
71176
72209
69213
64479
61740
59706
58868
59800
59083
59276
