Fe on Ga203
  1123.99988  1113.99988    -0.50000     1.00000     2.00000    21    50.0
LO MagPE 50.000KE/1  Ex=1486.599eV WF=4.000eV Ck=XL Det=MCD Ent=6x12mm Exit=4mm
63764
63305
64611
65685
67110
68818
72752
78602
89566
102921
114828
114997
104078
91096
82662
76099
70168
66146
63332
62476
61553
   711.49994   702.99994    -0.50000     1.00000     2.00000    18    50.0
LO MagPE 50.000KE/1  Ex=1486.599eV WF=4.000eV Ck=XL Det=MCD Ent=6x12mm Exit=4mm
54323
56413
56861
57257
57820
58887
60234
63081
64904
64703
60316
55891
52158
49212
48738
48328
47778
49129
