Fe on Ga203
  1123.99988  1113.99988    -0.50000     1.00000     2.00000    21    50.0
LO MagPE 50.000KE/1  Ex=1486.599eV WF=4.000eV Ck=XL Det=MCD Ent=6x12mm Exit=4mm
65878
67315
66316
66699
67978
68459
70840
73701
79123
86596
92185
92111
86558
79523
76308
72282
69853
67381
65793
64600
64966
   711.49994   702.99994    -0.50000     1.00000     2.00000    18    50.0
LO MagPE 50.000KE/1  Ex=1486.599eV WF=4.000eV Ck=XL Det=MCD Ent=6x12mm Exit=4mm
52013
53092
53448
54310
54592
55697
57703
57870
61151
60483
57460
52526
48745
48482
47298
47354
46541
47171
