Fe on Ga203
  1123.99988  1113.99988    -0.50000     1.00000     2.00000    21    50.0
LO MagPE 50.000KE/1  Ex=1486.599eV WF=4.000eV Ck=XL Det=MCD Ent=6x12mm Exit=4mm
28270
29433
29532
30036
31777
33903
38461
46527
57443
71957
84582
84447
68548
54189
42569
37864
33038
30671
28998
28348
27096
   711.49994   702.99994    -0.50000     1.00000     2.00000    18    50.0
LO MagPE 50.000KE/1  Ex=1486.599eV WF=4.000eV Ck=XL Det=MCD Ent=6x12mm Exit=4mm
27074
27431
28546
27779
29522
30050
30717
33457
33876
33875
30916
26685
24620
23192
22876
22356
22824
22288
