Fe on Ga203
  1123.99988  1113.99988    -0.50000     1.00000     2.00000    21    50.0
LO MagPE 50.000KE/1  Ex=1486.599eV WF=4.000eV Ck=XL Det=MCD Ent=6x12mm Exit=4mm
54872
55435
55961
56508
57234
58648
62205
69017
78272
90238
101402
102595
92417
80301
71408
65901
60966
57381
53784
53314
53593
   711.49994   702.99994    -0.50000     1.00000     2.00000    18    50.0
LO MagPE 50.000KE/1  Ex=1486.599eV WF=4.000eV Ck=XL Det=MCD Ent=6x12mm Exit=4mm
44324
44277
43975
45153
45590
45917
45477
47388
49506
49642
47787
44050
41695
40518
39589
39833
39662
39467
