Fe on Ga203
  1123.99988  1113.99988    -0.50000     1.00000     2.00000    21    50.0
LO MagPE 50.000KE/1  Ex=1486.599eV WF=4.000eV Ck=XL Det=MCD Ent=6x12mm Exit=4mm
31162
31671
32776
34016
35545
38511
44578
54762
71852
90166
101094
94437
78252
60609
48868
41929
37547
33688
31722
31854
30546
   711.49994   702.99994    -0.50000     1.00000     2.00000    18    50.0
LO MagPE 50.000KE/1  Ex=1486.599eV WF=4.000eV Ck=XL Det=MCD Ent=6x12mm Exit=4mm
32593
33126
33489
33241
34445
35304
36135
36753
37947
37486
35683
32475
29715
29161
28467
27851
28530
28747
