Fe on Ga203
  1123.99988  1113.99988    -0.50000     1.00000     2.00000    21    50.0
LO MagPE 50.000KE/1  Ex=1486.599eV WF=4.000eV Ck=XL Det=MCD Ent=6x12mm Exit=4mm
76017
76146
76769
78250
80434
83260
89620
97801
116565
138464
157027
155979
137045
115081
99961
92030
84559
79342
75981
74240
73041
   711.49994   702.99994    -0.50000     1.00000     2.00000    18    50.0
LO MagPE 50.000KE/1  Ex=1486.599eV WF=4.000eV Ck=XL Det=MCD Ent=6x12mm Exit=4mm
66375
68303
68364
69583
69687
71387
73095
76248
78430
78606
73176
66587
61935
60548
60068
59175
57943
59083
