Fe on Ga203
  1123.99988  1113.99988    -0.50000     1.00000     2.00000    21    50.0
LO MagPE 50.000KE/1  Ex=1486.599eV WF=4.000eV Ck=XL Det=MCD Ent=6x12mm Exit=4mm
34024
33760
33853
35038
35886
39397
42735
50479
61246
77700
89599
87637
74305
58852
48047
42128
38098
35517
33210
30863
30849
   711.49994   702.99994    -0.50000     1.00000     2.00000    18    50.0
LO MagPE 50.000KE/1  Ex=1486.599eV WF=4.000eV Ck=XL Det=MCD Ent=6x12mm Exit=4mm
31436
32103
31804
33466
32744
34651
34323
35819
36431
37508
35219
31853
30203
28845
28354
27460
27924
28111
