Fe on Ga203
  1123.99988  1113.99988    -0.50000     1.00000     2.00000    21    50.0
LO MagPE 50.000KE/1  Ex=1486.599eV WF=4.000eV Ck=XL Det=MCD Ent=6x12mm Exit=4mm
32501
33138
33014
34442
35160
37361
41661
48017
58679
72461
83455
82344
71034
55229
46767
41103
37250
34076
33175
31938
31868
   711.49994   702.99994    -0.50000     1.00000     2.00000    18    50.0
LO MagPE 50.000KE/1  Ex=1486.599eV WF=4.000eV Ck=XL Det=MCD Ent=6x12mm Exit=4mm
29155
28898
29971
30160
31166
31853
32594
35161
34712
35313
31882
28543
26084
25067
24555
24508
23995
24580
