Fe on Ga203
  1123.99988  1113.99988    -0.50000     1.00000     2.00000    21    50.0
LO MagPE 50.000KE/1  Ex=1486.599eV WF=4.000eV Ck=XL Det=MCD Ent=6x12mm Exit=4mm
63680
63958
65026
65630
67028
69383
73912
81906
94399
111963
127044
126603
113349
96278
84716
78068
69770
66440
63619
61473
61298
   711.49994   702.99994    -0.50000     1.00000     2.00000    18    50.0
LO MagPE 50.000KE/1  Ex=1486.599eV WF=4.000eV Ck=XL Det=MCD Ent=6x12mm Exit=4mm
54040
54895
54442
54879
56695
57166
57818
58913
61622
61906
59752
54151
50439
49140
49064
47921
48450
48104
