Fe on Ga203
  1123.99988  1113.99988    -0.50000     1.00000     2.00000    21    50.0
LO MagPE 50.000KE/1  Ex=1486.599eV WF=4.000eV Ck=XL Det=MCD Ent=6x12mm Exit=4mm
67559
68233
67885
70317
71642
73023
75529
83023
93517
106874
119210
118703
106796
94868
85547
79841
74969
70943
67859
67546
66125
   711.49994   702.99994    -0.50000     1.00000     2.00000    18    50.0
LO MagPE 50.000KE/1  Ex=1486.599eV WF=4.000eV Ck=XL Det=MCD Ent=6x12mm Exit=4mm
57742
58571
58934
60501
60672
61453
63885
66290
68306
67931
64654
58563
55569
52257
51769
50699
50494
50550
