Fe on Ga203
  1123.99988  1113.99988    -0.50000     1.00000     2.00000    21    50.0
LO MagPE 50.000KE/1  Ex=1486.599eV WF=4.000eV Ck=XL Det=MCD Ent=6x12mm Exit=4mm
56834
57508
57062
57338
58075
58707
59744
61475
64564
69139
72129
72988
69380
65932
63367
61761
58990
57436
56267
55611
55435
   711.49994   702.99994    -0.50000     1.00000     2.00000    18    50.0
LO MagPE 50.000KE/1  Ex=1486.599eV WF=4.000eV Ck=XL Det=MCD Ent=6x12mm Exit=4mm
44050
45185
44749
45585
46470
47193
48285
49162
50078
50958
47763
43999
41732
40707
40031
39886
39939
40073
