Fe on Ga203
  1123.99988  1113.99988    -0.50000     1.00000     2.00000    21    50.0
LO MagPE 50.000KE/1  Ex=1486.599eV WF=4.000eV Ck=XL Det=MCD Ent=6x12mm Exit=4mm
31239
32596
33040
32612
35527
37860
42428
51848
64723
81842
93574
89702
73916
58389
47962
40755
36630
34218
31564
31494
30157
   711.49994   702.99994    -0.50000     1.00000     2.00000    18    50.0
LO MagPE 50.000KE/1  Ex=1486.599eV WF=4.000eV Ck=XL Det=MCD Ent=6x12mm Exit=4mm
30524
31278
31225
31234
32506
32546
32811
34088
35125
34818
33248
30708
28385
27739
28182
27664
27216
27700
