       0      30048.9
       3      22875.4
       6      31215.9
       9      27958.0
      12      24090.8
      15      19908.5
      18      22991.9
      21      22797.6
      24      20724.0
      27      29208.7
      30      29271.4
      33      30988.2
      36      25357.7
      39      19746.8
      42      18859.0
      45      18431.6
      48      26038.2
      51      23601.0
      54      16886.0
      57      21595.5
      60      16432.0
      63      17890.8
      66      26019.0
      69      25966.8
      72      26292.1
      75      24087.2
      78      16997.7
      81      13366.7
      84      11827.0
      87      17310.3
      90      17220.0
      93      19331.4
      96      18907.9
      99      24021.1
     102      20546.9
     105      21798.7
     108      13990.3
     111      15351.5
     114      19457.8
     117      21518.1
     120      23522.5
     123      31160.3
     126      24183.9
     129      18735.1
     132      16425.7
     135      18136.6
     138      15200.0
     141      16400.4
     144      17760.4
     147      13541.7
     150      11336.4
     153      17105.2
     156      28172.5
     159      28172.5
     162      20688.7
     165      22679.4
     168      18818.2
     171      17718.2
     174      15954.0
     177      15465.1
     180      16929.3
     183      22915.9
     186      19786.5
     189      21525.0
     192      20577.6
     195      20443.5
     198      20693.0
     201      22746.8
     204      22880.5
     207      21910.8
     210      25142.8
     213      29428.0
     216      31102.1
     219      34045.6
     222      28035.2
     225      28192.2
     228      25040.5
     231      28580.7
     234      29404.6
     237      29510.4
     240      30200.8
     243      31703.1
     246      35782.4
     249      39695.6
     252      42308.5
     255      44156.9
     258      42061.3
     261      38831.1
     264      39601.6
     267      41423.6
     270      40086.5
     273      38673.1
     276      43228.9
     279      42108.8
     282      40536.3
     285      36042.2
     288      35592.7
     291      36043.1
     294      38466.8
     297      35262.9
     300      38230.7
     303      41034.4
     306      38339.9
     309      36244.7
     312      30541.1
     315      30846.3
     318      29571.3
     321      29632.1
     324      32071.2
     327      28713.8
     330      26797.4
     333      29663.6
     336      29663.6
     339      38357.6
     342      40654.4
     345      31860.6
     348      30268.2
     351      26409.8
     354      25269.7
     357      22759.7
