 theta   phi  intensity
  12.0   0.0    39594.8
  12.0   3.0    39429.0
  12.0   6.0    36840.6
  12.0   9.0    52979.6
  12.0  12.0    38789.6
  12.0  15.0    43232.4
  12.0  18.0    39508.5
  12.0  21.0    36493.3
  12.0  24.0    25699.3
  12.0  27.0    41075.1
  12.0  30.0    36045.6
  12.0  33.0    41022.3
  12.0  36.0    29813.0
  12.0  39.0    41037.4
  12.0  42.0    42071.1
  12.0  45.0    29620.5
  12.0  48.0    33537.8
  12.0  51.0    28820.5
  12.0  54.0    29856.6
  12.0  57.0    33895.0
  12.0  60.0    42005.6
  12.0  63.0    34765.6
  12.0  66.0    35509.7
  12.0  69.0    33892.6
  12.0  72.0    34674.1
  12.0  75.0    38234.3
  12.0  78.0    42866.0
  12.0  81.0    34647.3
  12.0  84.0    35229.6
  12.0  87.0    36557.3
  12.0  90.0    47732.9
  12.0  93.0    36013.1
  12.0  96.0    43344.2
  12.0  99.0    31588.9
  12.0 102.0    44435.9
  12.0 105.0    35051.4
  12.0 108.0    29403.3
  12.0 111.0    42408.4
  12.0 114.0    38533.2
  12.0 117.0    38774.2
  12.0 120.0    33136.7
  12.0 123.0    40903.5
  12.0 126.0    40010.8
  12.0 129.0    36909.4
  12.0 132.0    33659.6
  12.0 135.0    28525.0
  12.0 138.0    29164.4
  12.0 141.0    35635.0
  12.0 144.0    42835.0
  12.0 147.0    42835.0
  12.0 150.0    42745.0
  12.0 153.0    39913.3
  12.0 156.0    47594.2
  12.0 159.0    37801.6
  12.0 162.0    40223.6
  12.0 165.0    41526.4
  12.0 168.0    42056.5
  12.0 171.0    35807.5
  12.0 174.0    38573.0
  12.0 177.0    50810.2
  12.0 180.0    42966.1
  12.0 183.0    47509.4
  12.0 186.0    49813.8
  12.0 189.0    47730.0
  12.0 192.0    41412.2
  12.0 195.0    40134.7
  12.0 198.0    41906.4
  12.0 201.0    48065.8
  12.0 204.0    43253.6
  12.0 207.0    50989.8
  12.0 210.0    44195.2
  12.0 213.0    52723.6
  12.0 216.0    40652.8
  12.0 219.0    47768.6
  12.0 222.0    47285.1
  12.0 225.0    43779.5
  12.0 228.0    48553.8
  12.0 231.0    42150.7
  12.0 234.0    50580.5
  12.0 237.0    50332.5
  12.0 240.0    51579.0
  12.0 243.0    45577.8
  12.0 246.0    45506.6
  12.0 249.0    47249.3
  12.0 252.0    42779.4
  12.0 255.0    40260.5
  12.0 258.0    51897.2
  12.0 261.0    46254.3
  12.0 264.0    46101.2
  12.0 267.0    48145.5
  12.0 270.0    55496.6
  12.0 273.0    39688.4
  12.0 276.0    50822.0
  12.0 279.0    49543.1
  12.0 282.0    44789.6
  12.0 285.0    45792.1
  12.0 288.0    53006.1
  12.0 291.0    49518.4
  12.0 294.0    50718.6
  12.0 297.0    40067.7
  12.0 300.0    49687.6
  12.0 303.0    50991.4
  12.0 306.0    36986.2
  12.0 309.0    49900.7
  12.0 312.0    57246.5
  12.0 315.0    45994.6
  12.0 318.0    44875.7
  12.0 321.0    38476.6
  12.0 324.0    52041.3
  12.0 327.0    52439.7
  12.0 330.0    39628.3
  12.0 333.0    40928.9
  12.0 336.0    38998.1
  12.0 339.0    42883.3
  12.0 342.0    44184.5
  12.0 345.0    59058.2
  12.0 348.0    50301.4
  12.0 351.0    39334.2
  12.0 354.0    42949.4
  12.0 357.0    36858.6
  15.0   0.0    43146.5
  15.0   3.0    48110.9
  15.0   6.0    45070.8
  15.0   9.0    48423.7
  15.0  12.0    44666.3
  15.0  15.0    53757.6
  15.0  18.0    50189.6
  15.0  21.0    43542.5
  15.0  24.0    40798.5
  15.0  27.0    38237.5
  15.0  30.0    45988.0
  15.0  33.0    41153.9
  15.0  36.0    40310.1
  15.0  39.0    35677.4
  15.0  42.0    42682.1
  15.0  45.0    42849.6
  15.0  48.0    33807.2
  15.0  51.0    38678.5
  15.0  54.0    34500.5
  15.0  57.0    38702.6
  15.0  60.0    32438.6
  15.0  63.0    30924.7
  15.0  66.0    38998.2
  15.0  69.0    24654.1
  15.0  72.0    34397.7
  15.0  75.0    37027.4
  15.0  78.0    36069.2
  15.0  81.0    35251.9
  15.0  84.0    43636.0
  15.0  87.0    43402.8
  15.0  90.0    45647.6
  15.0  93.0    37453.6
  15.0  96.0    39565.1
  15.0  99.0    38305.6
  15.0 102.0    38275.1
  15.0 105.0    45060.1
  15.0 108.0    37774.2
  15.0 111.0    29654.5
  15.0 114.0    34586.1
  15.0 117.0    20654.2
  15.0 120.0    27954.5
  15.0 123.0    31402.2
  15.0 126.0    32982.4
  15.0 129.0    34490.0
  15.0 132.0    34153.8
  15.0 135.0    33379.1
  15.0 138.0    35650.3
  15.0 141.0    42048.4
  15.0 144.0    37088.6
  15.0 147.0    35053.9
  15.0 150.0    44526.1
  15.0 153.0    42338.9
  15.0 156.0    43458.0
  15.0 159.0    31576.6
  15.0 162.0    36754.5
  15.0 165.0    33392.7
  15.0 168.0    35850.3
  15.0 171.0    36425.5
  15.0 174.0    35236.2
  15.0 177.0    47428.8
  15.0 180.0    49191.7
  15.0 183.0    49848.8
  15.0 186.0    49411.8
  15.0 189.0    41959.5
  15.0 192.0    43195.6
  15.0 195.0    45935.0
  15.0 198.0    47051.3
  15.0 201.0    52296.7
  15.0 204.0    40900.1
  15.0 207.0    46707.3
  15.0 210.0    38482.2
  15.0 213.0    40788.4
  15.0 216.0    44645.1
  15.0 219.0    38309.1
  15.0 222.0    40774.6
  15.0 225.0    43054.6
  15.0 228.0    41339.7
  15.0 231.0    38363.2
  15.0 234.0    41317.6
  15.0 237.0    38966.6
  15.0 240.0    34319.7
  15.0 243.0    38702.6
  15.0 246.0    40835.6
  15.0 249.0    37241.4
  15.0 252.0    36907.6
  15.0 255.0    32824.1
  15.0 258.0    35273.3
  15.0 261.0    43867.1
  15.0 264.0    42378.7
  15.0 267.0    48371.5
  15.0 270.0    42554.6
  15.0 273.0    41734.2
  15.0 276.0    40341.6
  15.0 279.0    42538.1
  15.0 282.0    37680.6
  15.0 285.0    44190.5
  15.0 288.0    46088.9
  15.0 291.0    50620.4
  15.0 294.0    44312.6
  15.0 297.0    40662.5
  15.0 300.0    30360.3
  15.0 303.0    41843.2
  15.0 306.0    45149.8
  15.0 309.0    39976.7
  15.0 312.0    31875.9
  15.0 315.0    36163.0
  15.0 318.0    36820.2
  15.0 321.0    34603.2
  15.0 324.0    41800.4
  15.0 327.0    40767.7
  15.0 330.0    42733.2
  15.0 333.0    38858.0
  15.0 336.0    38810.8
  15.0 339.0    33495.2
  15.0 342.0    40324.0
  15.0 345.0    33182.6
  15.0 348.0    39983.1
  15.0 351.0    42184.4
  15.0 354.0    30885.2
  15.0 357.0    49499.4
  18.0   0.0    52037.4
  18.0   3.0    43696.4
  18.0   6.0    68560.4
  18.0   9.0    62466.2
  18.0  12.0    43820.0
  18.0  15.0    62470.0
  18.0  18.0    42885.8
  18.0  21.0    56358.7
  18.0  24.0    53093.1
  18.0  27.0    38430.2
  18.0  30.0    44400.4
  18.0  33.0    39811.4
  18.0  36.0    59726.2
  18.0  39.0    40138.7
  18.0  42.0    36366.4
  18.0  45.0    53939.0
  18.0  48.0    51873.4
  18.0  51.0    32200.5
  18.0  54.0    45306.8
  18.0  57.0    28255.9
  18.0  60.0    41821.8
  18.0  63.0    28912.7
  18.0  66.0    35953.2
  18.0  69.0    36613.8
  18.0  72.0    29998.2
  18.0  75.0    31515.8
  18.0  78.0    34980.7
  18.0  81.0    37380.9
  18.0  84.0    41244.5
  18.0  87.0    50645.2
  18.0  90.0    52277.3
  18.0  93.0    43485.5
  18.0  96.0    59079.3
  18.0  99.0    36412.6
  18.0 102.0    50250.4
  18.0 105.0    43846.6
  18.0 108.0    45063.2
  18.0 111.0    35638.8
  18.0 114.0    34845.3
  18.0 117.0    42457.0
  18.0 120.0    37850.7
  18.0 123.0    49394.7
  18.0 126.0    36424.9
  18.0 129.0    22508.9
  18.0 132.0    39507.1
  18.0 135.0    38354.6
  18.0 138.0    44174.8
  18.0 141.0    41323.2
  18.0 144.0    59035.2
  18.0 147.0    38621.5
  18.0 150.0    46990.1
  18.0 153.0    45017.6
  18.0 156.0    35994.4
  18.0 159.0    39259.8
  18.0 162.0    34444.5
  18.0 165.0    52470.7
  18.0 168.0    49469.5
  18.0 171.0    41429.8
  18.0 174.0    48409.5
  18.0 177.0    45449.3
  18.0 180.0    59769.9
  18.0 183.0    70324.1
  18.0 186.0    60760.2
  18.0 189.0    53888.8
  18.0 192.0    59335.8
  18.0 195.0    66362.8
  18.0 198.0    46524.4
  18.0 201.0    48840.9
  18.0 204.0    65516.1
  18.0 207.0    55659.5
  18.0 210.0    46835.8
  18.0 213.0    48052.4
  18.0 216.0    51059.4
  18.0 219.0    52634.8
  18.0 222.0    51919.5
  18.0 225.0    43380.8
  18.0 228.0    46892.1
  18.0 231.0    48579.6
  18.0 234.0    55580.8
  18.0 237.0    57071.7
  18.0 240.0    56468.7
  18.0 243.0    52142.3
  18.0 246.0    40344.8
  18.0 249.0    49138.1
  18.0 252.0    43392.8
  18.0 255.0    46277.5
  18.0 258.0    49465.6
  18.0 261.0    54887.6
  18.0 264.0    54887.6
  18.0 267.0    43843.7
  18.0 270.0    50671.5
  18.0 273.0    51623.4
  18.0 276.0    43028.8
  18.0 279.0    49986.1
  18.0 282.0    48376.0
  18.0 285.0    49758.4
  18.0 288.0    52718.1
  18.0 291.0    44779.7
  18.0 294.0    42531.0
  18.0 297.0    55402.7
  18.0 300.0    46869.3
  18.0 303.0    43122.9
  18.0 306.0    46075.4
  18.0 309.0    48972.7
  18.0 312.0    50789.3
  18.0 315.0    51183.2
  18.0 318.0    46924.0
  18.0 321.0    53094.6
  18.0 324.0    47700.5
  18.0 327.0    53171.3
  18.0 330.0    43194.9
  18.0 333.0    54732.9
  18.0 336.0    48848.6
  18.0 339.0    49959.2
  18.0 342.0    43903.5
  18.0 345.0    49235.1
  18.0 348.0    45959.6
  18.0 351.0    48204.6
  18.0 354.0    49539.2
  18.0 357.0    58168.3
  21.0   0.0    66380.1
  21.0   3.0    63728.8
  21.0   6.0    68338.3
  21.0   9.0    59297.8
  21.0  12.0    44268.3
  21.0  15.0    41583.2
  21.0  18.0    58598.5
  21.0  21.0    53165.1
  21.0  24.0    41005.4
  21.0  27.0    35873.5
  21.0  30.0    32139.8
  21.0  33.0    41429.1
  21.0  36.0    56616.1
  21.0  39.0    42478.0
  21.0  42.0    45134.6
  21.0  45.0    37000.5
  21.0  48.0    44449.5
  21.0  51.0    46798.7
  21.0  54.0    46798.7
  21.0  57.0    39494.3
  21.0  60.0    38081.6
  21.0  63.0    51661.6
  21.0  66.0    32359.6
  21.0  69.0    32359.6
  21.0  72.0    30569.0
  21.0  75.0    36572.8
  21.0  78.0    40579.6
  21.0  81.0    42109.6
  21.0  84.0    34267.9
  21.0  87.0    46830.4
  21.0  90.0    33437.2
  21.0  93.0    65159.5
  21.0  96.0    49465.1
  21.0  99.0    49142.3
  21.0 102.0    43311.2
  21.0 105.0    49507.0
  21.0 108.0    46736.5
  21.0 111.0    40593.4
  21.0 114.0    29641.3
  21.0 117.0    30549.7
  21.0 120.0    31908.2
  21.0 123.0    43032.6
  21.0 126.0    37376.3
  21.0 129.0    43116.3
  21.0 132.0    46124.3
  21.0 135.0    48460.4
  21.0 138.0    54685.2
  21.0 141.0    40690.5
  21.0 144.0    51423.5
  21.0 147.0    55657.5
  21.0 150.0    43750.5
  21.0 153.0    43750.5
  21.0 156.0    43750.5
  21.0 159.0    38280.9
  21.0 162.0    42752.6
  21.0 165.0    42538.2
  21.0 168.0    38922.9
  21.0 171.0    50947.1
  21.0 174.0    50947.1
  21.0 177.0    50947.1
  21.0 180.0    56429.8
  21.0 183.0    59542.8
  21.0 186.0    56984.0
  21.0 189.0    57566.9
  21.0 192.0    53229.2
  21.0 195.0    56741.3
  21.0 198.0    64045.2
  21.0 201.0    55189.6
  21.0 204.0    52946.7
  21.0 207.0    53676.0
  21.0 210.0    54984.9
  21.0 213.0    57416.0
  21.0 216.0    52783.9
  21.0 219.0    65194.3
  21.0 222.0    53375.1
  21.0 225.0    55979.2
  21.0 228.0    51467.2
  21.0 231.0    61500.8
  21.0 234.0    57155.1
  21.0 237.0    56413.0
  21.0 240.0    78791.6
  21.0 243.0    58047.0
  21.0 246.0    64282.8
  21.0 249.0    53346.2
  21.0 252.0    71319.7
  21.0 255.0    51670.7
  21.0 258.0    49348.1
  21.0 261.0    51312.6
  21.0 264.0    57563.8
  21.0 267.0    54336.3
  21.0 270.0    45557.1
  21.0 273.0    61753.2
  21.0 276.0    53299.9
  21.0 279.0    73320.5
  21.0 282.0    58283.9
  21.0 285.0    69441.0
  21.0 288.0    38477.8
  21.0 291.0    57159.8
  21.0 294.0    55369.9
  21.0 297.0    43992.6
  21.0 300.0    43110.5
  21.0 303.0    36040.0
  21.0 306.0    62396.4
  21.0 309.0    58299.0
  21.0 312.0    68149.1
  21.0 315.0    56959.5
  21.0 318.0    61114.5
  21.0 321.0    66408.6
  21.0 324.0    58007.6
  21.0 327.0    53792.4
  21.0 330.0    65071.5
  21.0 333.0    53451.9
  21.0 336.0    40234.2
  21.0 339.0    53050.6
  21.0 342.0    49319.2
  21.0 345.0    50101.0
  21.0 348.0    49146.0
  21.0 351.0    66698.9
  21.0 354.0    39389.0
  21.0 357.0    51050.6
  24.0   0.0    63765.4
  24.0   3.0    95670.9
  24.0   6.0    53157.1
  24.0   9.0    49218.4
  24.0  12.0    51692.2
  24.0  15.0    40233.3
  24.0  18.0    49124.9
  24.0  21.0    44589.1
  24.0  24.0    57095.6
  24.0  27.0    57095.6
  24.0  30.0    44731.3
  24.0  33.0    49766.5
  24.0  36.0    48616.7
  24.0  39.0   213175.9
  24.0  42.0    53523.7
  24.0  45.0    33763.2
  24.0  48.0    41216.5
  24.0  51.0    48245.0
  24.0  54.0    48751.5
  24.0  57.0    40660.9
  24.0  60.0    36731.2
  24.0  63.0    41558.7
  24.0  66.0    43479.1
  24.0  69.0    55488.9
  24.0  72.0    29438.6
  24.0  75.0    38218.2
  24.0  78.0    24125.8
  24.0  81.0    41307.9
  24.0  84.0    30905.8
  24.0  87.0    58449.3
  24.0  90.0    47314.5
  24.0  93.0    40654.6
  24.0  96.0    45949.5
  24.0  99.0    58413.3
  24.0 102.0    53970.3
  24.0 105.0    57808.6
  24.0 108.0    27603.4
  24.0 111.0    29979.1
  24.0 114.0    36800.9
  24.0 117.0    27936.5
  24.0 120.0    33344.2
  24.0 123.0    35400.8
  24.0 126.0    33972.5
  24.0 129.0    37126.1
  24.0 132.0    43989.7
  24.0 135.0    43756.4
  24.0 138.0    44730.4
  24.0 141.0    42375.4
  24.0 144.0    57440.5
  24.0 147.0    45216.3
  24.0 150.0    33962.6
  24.0 153.0    56223.9
  24.0 156.0    43307.5
  24.0 159.0    46532.5
  24.0 162.0    38003.8
  24.0 165.0    39342.8
  24.0 168.0    37734.9
  24.0 171.0    55695.0
  24.0 174.0    53497.4
  24.0 177.0    44471.3
  24.0 180.0    58186.1
  24.0 183.0    56535.1
  24.0 186.0    62394.5
  24.0 189.0    52571.3
  24.0 192.0    55195.6
  24.0 195.0    63053.9
  24.0 198.0    53012.6
  24.0 201.0    36223.7
  24.0 204.0    49437.4
  24.0 207.0    59082.3
  24.0 210.0    50022.1
  24.0 213.0    53329.5
  24.0 216.0    51050.2
  24.0 219.0    41057.3
  24.0 222.0    47481.9
  24.0 225.0    56451.0
  24.0 228.0    57378.4
  24.0 231.0    50380.2
  24.0 234.0    55240.5
  24.0 237.0    61974.4
  24.0 240.0    58610.5
  24.0 243.0    59441.4
  24.0 246.0    52950.8
  24.0 249.0    53401.4
  24.0 252.0    51643.2
  24.0 255.0    49220.7
  24.0 258.0    55146.7
  24.0 261.0    55146.7
  24.0 264.0    51526.1
  24.0 267.0    50974.8
  24.0 270.0    59273.6
  24.0 273.0    79162.6
  24.0 276.0    68451.6
  24.0 279.0    73908.7
  24.0 282.0    56785.7
  24.0 285.0    63955.2
  24.0 288.0    60242.2
  24.0 291.0    70057.3
  24.0 294.0    59177.2
  24.0 297.0    37662.5
  24.0 300.0    51269.0
  24.0 303.0    56726.0
  24.0 306.0    64625.2
  24.0 309.0    51844.6
  24.0 312.0    57461.4
  24.0 315.0    55332.9
  24.0 318.0    42304.1
  24.0 321.0    61033.7
  24.0 324.0    52098.8
  24.0 327.0    62750.5
  24.0 330.0    52166.0
  24.0 333.0    45439.6
  24.0 336.0    53189.5
  24.0 339.0    48775.1
  24.0 342.0    73252.4
  24.0 345.0    44650.3
  24.0 348.0    39031.7
  24.0 351.0    32092.7
  24.0 354.0    49462.2
  24.0 357.0    45722.2
  27.0   0.0    64407.3
  27.0   3.0    85102.8
  27.0   6.0    56083.3
  27.0   9.0    58538.3
  27.0  12.0    40960.1
  27.0  15.0    65458.1
  27.0  18.0    49459.7
  27.0  21.0    54023.6
  27.0  24.0    47685.0
  27.0  27.0    35842.1
  27.0  30.0    26669.6
  27.0  33.0    22024.4
  27.0  36.0    52375.2
  27.0  39.0    56020.5
  27.0  42.0    62269.8
  27.0  45.0    39114.6
  27.0  48.0    44233.0
  27.0  51.0    55471.2
  27.0  54.0    51100.9
  27.0  57.0    46238.0
  27.0  60.0    38774.8
  27.0  63.0    48438.2
  27.0  66.0    29264.1
  27.0  69.0    29264.1
  27.0  72.0    29264.1
  27.0  75.0    33063.9
  27.0  78.0    38605.5
  27.0  81.0    38067.7
  27.0  84.0    38067.7
  27.0  87.0    51770.1
  27.0  90.0    48253.3
  27.0  93.0    45556.6
  27.0  96.0    42441.1
  27.0  99.0    37364.3
  27.0 102.0    33905.0
  27.0 105.0    36989.3
  27.0 108.0    28632.9
  27.0 111.0    27579.6
  27.0 114.0    27579.6
  27.0 117.0    29607.0
  27.0 120.0    15482.6
  27.0 123.0    29777.5
  27.0 126.0    43969.9
  27.0 129.0    31312.0
  27.0 132.0    42297.7
  27.0 135.0    51612.7
  27.0 138.0    49550.9
  27.0 141.0    37384.1
  27.0 144.0    39100.4
  27.0 147.0    51283.5
  27.0 150.0    47311.4
  27.0 153.0    34488.5
  27.0 156.0    41149.9
  27.0 159.0    41149.9
  27.0 162.0    45637.5
  27.0 165.0    38128.6
  27.0 168.0    38128.6
  27.0 171.0    37173.0
  27.0 174.0    49318.3
  27.0 177.0    44399.5
  27.0 180.0    60034.3
  27.0 183.0    43466.5
  27.0 186.0    44515.2
  27.0 189.0    49025.2
  27.0 192.0    45917.4
  27.0 195.0    63673.9
  27.0 198.0    63673.9
  27.0 201.0    57961.2
  27.0 204.0    65438.2
  27.0 207.0    40255.5
  27.0 210.0    61409.5
  27.0 213.0    46567.4
  27.0 216.0    35719.6
  27.0 219.0    35719.6
  27.0 222.0    53940.7
  27.0 225.0    58470.1
  27.0 228.0    48334.4
  27.0 231.0    59576.0
  27.0 234.0    61949.3
  27.0 237.0    50410.0
  27.0 240.0    45081.3
  27.0 243.0    61353.0
  27.0 246.0    56690.0
  27.0 249.0    65072.5
  27.0 252.0    59895.5
  27.0 255.0    57973.8
  27.0 258.0    55075.6
  27.0 261.0    43368.5
  27.0 264.0    49753.4
  27.0 267.0    54566.6
  27.0 270.0    63370.7
  27.0 273.0    64841.3
  27.0 276.0    56065.3
  27.0 279.0    76377.5
  27.0 282.0    55033.7
  27.0 285.0    66136.0
  27.0 288.0    56145.7
  27.0 291.0    64705.8
  27.0 294.0    55912.1
  27.0 297.0    61557.7
  27.0 300.0    47876.8
  27.0 303.0    36501.4
  27.0 306.0    50690.6
  27.0 309.0    66782.8
  27.0 312.0    49560.7
  27.0 315.0    41341.5
  27.0 318.0    58329.5
  27.0 321.0    43724.0
  27.0 324.0    57296.5
  27.0 327.0    47118.1
  27.0 330.0    50265.4
  27.0 333.0    56506.9
  27.0 336.0    80859.5
  27.0 339.0    58893.6
  27.0 342.0    41636.2
  27.0 345.0    44352.3
  27.0 348.0    56341.7
  27.0 351.0    55202.4
  27.0 354.0    53110.2
  27.0 357.0    36767.2
  30.0   0.0   156690.6
  30.0   3.0   125593.3
  30.0   6.0   125469.9
  30.0   9.0   120181.2
  30.0  12.0    79895.1
  30.0  15.0   127185.8
  30.0  18.0    93651.4
  30.0  21.0   133527.4
  30.0  24.0   133527.4
  30.0  27.0    86681.8
  30.0  30.0    81628.7
  30.0  33.0   113010.9
  30.0  36.0    83857.3
  30.0  39.0    96550.8
  30.0  42.0    70842.4
  30.0  45.0   130059.5
  30.0  48.0   102644.7
  30.0  51.0   100522.3
  30.0  54.0   121769.6
  30.0  57.0   116090.2
  30.0  60.0    81674.5
  30.0  63.0    83145.6
  30.0  66.0    94793.6
  30.0  69.0    75709.9
  30.0  72.0    75709.9
  30.0  75.0   108576.3
  30.0  78.0    76918.8
  30.0  81.0   109564.7
  30.0  84.0    81809.2
  30.0  87.0    82756.9
  30.0  90.0    78696.2
  30.0  93.0    93819.0
  30.0  96.0    99833.2
  30.0  99.0    99833.2
  30.0 102.0    70566.2
  30.0 105.0    69888.3
  30.0 108.0    67458.5
  30.0 111.0    95866.7
  30.0 114.0    79314.9
  30.0 117.0    75827.8
  30.0 120.0    75746.3
  30.0 123.0    84763.2
  30.0 126.0    97062.6
  30.0 129.0    68325.0
  30.0 132.0   113859.2
  30.0 135.0    82630.1
  30.0 138.0    96010.1
  30.0 141.0    65126.7
  30.0 144.0    71585.0
  30.0 147.0    77578.4
  30.0 150.0    93703.2
  30.0 153.0    96049.5
  30.0 156.0    84527.1
  30.0 159.0    91701.5
  30.0 162.0    67954.3
  30.0 165.0    80567.0
  30.0 168.0    97066.3
  30.0 171.0   104169.3
  30.0 174.0    83226.0
  30.0 177.0    94532.3
  30.0 180.0   109712.9
  30.0 183.0   147948.3
  30.0 186.0    99735.0
  30.0 189.0   123182.0
  30.0 192.0   116476.8
  30.0 195.0   107272.3
  30.0 198.0   136715.0
  30.0 201.0   100316.8
  30.0 204.0   119533.1
  30.0 207.0    86905.3
  30.0 210.0   120657.9
  30.0 213.0   134894.1
  30.0 216.0   118574.0
  30.0 219.0   127116.6
  30.0 222.0   125184.0
  30.0 225.0   123077.8
  30.0 228.0   124533.5
  30.0 231.0   141348.4
  30.0 234.0   129872.8
  30.0 237.0   141274.1
  30.0 240.0   137001.0
  30.0 243.0   127963.3
  30.0 246.0   137931.2
  30.0 249.0   130835.9
  30.0 252.0   133647.1
  30.0 255.0    98709.0
  30.0 258.0   159578.1
  30.0 261.0   133351.9
  30.0 264.0   143749.3
  30.0 267.0   134082.5
  30.0 270.0   117382.1
  30.0 273.0   162499.7
  30.0 276.0   132659.4
  30.0 279.0   157230.5
  30.0 282.0   135374.7
  30.0 285.0   121064.2
  30.0 288.0   127324.6
  30.0 291.0   113089.6
  30.0 294.0   136739.9
  30.0 297.0   150150.6
  30.0 300.0   142273.9
  30.0 303.0   122748.7
  30.0 306.0   142328.6
  30.0 309.0   151184.3
  30.0 312.0   127366.6
  30.0 315.0   126963.7
  30.0 318.0    71590.4
  30.0 321.0   102393.0
  30.0 324.0   103198.0
  30.0 327.0   106990.7
  30.0 330.0   120166.9
  30.0 333.0   132840.7
  30.0 336.0   116589.4
  30.0 339.0   107532.3
  30.0 342.0    96437.0
  30.0 345.0    91929.4
  30.0 348.0   106206.0
  30.0 351.0    77142.3
  30.0 354.0   116370.3
  30.0 357.0    99110.8
  33.0   0.0    94379.4
  33.0   3.0   101781.1
  33.0   6.0   109341.0
  33.0   9.0    91522.2
  33.0  12.0   104184.3
  33.0  15.0    94359.4
  33.0  18.0    92963.2
  33.0  21.0   101824.5
  33.0  24.0    87734.6
  33.0  27.0    79687.3
  33.0  30.0    87298.4
  33.0  33.0    86141.0
  33.0  36.0    85842.7
  33.0  39.0    75861.5
  33.0  42.0    72387.7
  33.0  45.0    80826.8
  33.0  48.0    79446.0
  33.0  51.0    97751.6
  33.0  54.0   118045.0
  33.0  57.0    59436.0
  33.0  60.0    75772.2
  33.0  63.0   102081.8
  33.0  66.0    67609.8
  33.0  69.0    95210.9
  33.0  72.0    66250.1
  33.0  75.0    64364.1
  33.0  78.0    64153.9
  33.0  81.0    73953.6
  33.0  84.0    48439.8
  33.0  87.0    90215.2
  33.0  90.0    93719.5
  33.0  93.0    96170.6
  33.0  96.0    75483.0
  33.0  99.0    66685.4
  33.0 102.0    74282.2
  33.0 105.0    87785.3
  33.0 108.0    87188.1
  33.0 111.0    79936.3
  33.0 114.0    86993.7
  33.0 117.0    73756.8
  33.0 120.0   103376.4
  33.0 123.0    69940.0
  33.0 126.0    81721.4
  33.0 129.0    90157.2
  33.0 132.0    74113.1
  33.0 135.0    75696.7
  33.0 138.0    81158.5
  33.0 141.0   102502.9
  33.0 144.0    91994.3
  33.0 147.0    93866.9
  33.0 150.0   114625.3
  33.0 153.0    73556.9
  33.0 156.0   101685.5
  33.0 159.0    90185.5
  33.0 162.0    88027.1
  33.0 165.0   102058.4
  33.0 168.0   120464.3
  33.0 171.0    93551.0
  33.0 174.0   105195.6
  33.0 177.0   100446.8
  33.0 180.0    87444.7
  33.0 183.0   132391.1
  33.0 186.0    91908.1
  33.0 189.0   101601.6
  33.0 192.0   101601.6
  33.0 195.0   108681.6
  33.0 198.0   142253.2
  33.0 201.0   108682.8
  33.0 204.0   116932.8
  33.0 207.0    96548.3
  33.0 210.0   129402.9
  33.0 213.0   111407.4
  33.0 216.0   133253.1
  33.0 219.0   136853.3
  33.0 222.0   144866.9
  33.0 225.0   146923.7
  33.0 228.0   173965.9
  33.0 231.0   125615.1
  33.0 234.0   166534.5
  33.0 237.0   144933.2
  33.0 240.0   146141.2
  33.0 243.0   140083.2
  33.0 246.0   109840.4
  33.0 249.0   178592.6
  33.0 252.0   144906.6
  33.0 255.0   157883.8
  33.0 258.0   168040.1
  33.0 261.0   184783.5
  33.0 264.0   151827.3
  33.0 267.0   156617.7
  33.0 270.0   135209.9
  33.0 273.0   156481.4
  33.0 276.0   133311.8
  33.0 279.0   132131.6
  33.0 282.0   178662.4
  33.0 285.0   144153.8
  33.0 288.0   130997.5
  33.0 291.0   154898.7
  33.0 294.0    95477.9
  33.0 297.0   112921.8
  33.0 300.0   143031.2
  33.0 303.0   124648.3
  33.0 306.0   109034.8
  33.0 309.0   168731.6
  33.0 312.0   139993.7
  33.0 315.0   116870.5
  33.0 318.0   145066.0
  33.0 321.0   140227.2
  33.0 324.0   101579.5
  33.0 327.0   141111.5
  33.0 330.0   110228.4
  33.0 333.0   115049.0
  33.0 336.0   126590.1
  33.0 339.0   102134.3
  33.0 342.0   128977.6
  33.0 345.0   128977.6
  33.0 348.0   106706.1
  33.0 351.0   102644.0
  33.0 354.0   111694.9
  33.0 357.0   135576.5
  36.0   0.0    91983.4
  36.0   3.0    83766.8
  36.0   6.0    87118.9
  36.0   9.0    83314.4
  36.0  12.0    87657.3
  36.0  15.0    87042.9
  36.0  18.0    75932.3
  36.0  21.0    57255.8
  36.0  24.0    65437.5
  36.0  27.0    70020.8
  36.0  30.0    71676.0
  36.0  33.0    64869.3
  36.0  36.0    64869.3
  36.0  39.0    78801.9
  36.0  42.0    77156.9
  36.0  45.0    69739.6
  36.0  48.0    79924.1
  36.0  51.0    77401.3
  36.0  54.0    82929.5
  36.0  57.0    66090.0
  36.0  60.0    80761.1
  36.0  63.0    63543.8
  36.0  66.0    67418.1
  36.0  69.0    72978.5
  36.0  72.0    55768.8
  36.0  75.0    62450.2
  36.0  78.0    43406.2
  36.0  81.0    66249.3
  36.0  84.0    57690.2
  36.0  87.0    52051.0
  36.0  90.0    64315.4
  36.0  93.0    50995.4
  36.0  96.0    57356.0
  36.0  99.0    74547.1
  36.0 102.0    61342.7
  36.0 105.0    53394.1
  36.0 108.0    55406.2
  36.0 111.0    45937.0
  36.0 114.0    56642.5
  36.0 117.0    57591.2
  36.0 120.0    68019.1
  36.0 123.0    60739.6
  36.0 126.0    67357.5
  36.0 129.0    69692.8
  36.0 132.0    80560.2
  36.0 135.0    83544.3
  36.0 138.0    71650.5
  36.0 141.0    77484.2
  36.0 144.0    73922.3
  36.0 147.0    79415.3
  36.0 150.0    97461.7
  36.0 153.0    78230.6
  36.0 156.0    76141.5
  36.0 159.0    70966.5
  36.0 162.0    79271.1
  36.0 165.0    94407.3
  36.0 168.0    71407.8
  36.0 171.0    85559.4
  36.0 174.0    81088.2
  36.0 177.0    78400.8
  36.0 180.0    85858.0
  36.0 183.0    79472.2
  36.0 186.0    93905.3
  36.0 189.0   101083.7
  36.0 192.0    92479.3
  36.0 195.0    89983.5
  36.0 198.0    82578.8
  36.0 201.0    82226.0
  36.0 204.0    82923.2
  36.0 207.0    95993.2
  36.0 210.0    92178.2
  36.0 213.0    99166.1
  36.0 216.0   112738.2
  36.0 219.0   113332.0
  36.0 222.0   115109.5
  36.0 225.0   112205.1
  36.0 228.0   110364.3
  36.0 231.0   119044.9
  36.0 234.0   118777.9
  36.0 237.0   122804.6
  36.0 240.0   118553.9
  36.0 243.0   122105.3
  36.0 246.0   118117.9
  36.0 249.0   111367.2
  36.0 252.0   119171.5
  36.0 255.0   114710.9
  36.0 258.0   119641.7
  36.0 261.0   128528.7
  36.0 264.0   119292.2
  36.0 267.0   123972.9
  36.0 270.0   119102.1
  36.0 273.0   130706.2
  36.0 276.0   124302.6
  36.0 279.0   127487.4
  36.0 282.0   130708.7
  36.0 285.0   115004.7
  36.0 288.0   121678.6
  36.0 291.0   117805.7
  36.0 294.0   118006.1
  36.0 297.0   115742.7
  36.0 300.0   115821.4
  36.0 303.0   111868.9
  36.0 306.0   102493.3
  36.0 309.0   134380.5
  36.0 312.0   112810.4
  36.0 315.0   119917.3
  36.0 318.0   123261.6
  36.0 321.0    94106.8
  36.0 324.0   109897.5
  36.0 327.0   123997.2
  36.0 330.0   100117.1
  36.0 333.0   102724.1
  36.0 336.0    96709.4
  36.0 339.0    81564.6
  36.0 342.0    97753.8
  36.0 345.0   102578.3
  36.0 348.0   100481.1
  36.0 351.0    78061.6
  36.0 354.0    82200.6
  36.0 357.0    88070.3
  39.0   0.0    91324.7
  39.0   3.0    87940.6
  39.0   6.0    87887.2
  39.0   9.0    87384.1
  39.0  12.0    86318.9
  39.0  15.0    74382.0
  39.0  18.0    66884.2
  39.0  21.0    60969.5
  39.0  24.0    68164.5
  39.0  27.0    82432.5
  39.0  30.0    74820.2
  39.0  33.0    83693.5
  39.0  36.0    71071.4
  39.0  39.0    85354.4
  39.0  42.0    96292.8
  39.0  45.0    87686.5
  39.0  48.0    83110.4
  39.0  51.0    86748.4
  39.0  54.0    86939.9
  39.0  57.0    92527.2
  39.0  60.0    75796.9
  39.0  63.0    78885.5
  39.0  66.0    79324.2
  39.0  69.0    68001.6
  39.0  72.0    75419.1
  39.0  75.0    58733.9
  39.0  78.0    46845.2
  39.0  81.0    46845.2
  39.0  84.0    56242.2
  39.0  87.0    55065.3
  39.0  90.0    66267.1
  39.0  93.0    65364.9
  39.0  96.0    71762.2
  39.0  99.0    53919.4
  39.0 102.0    59139.6
  39.0 105.0    69651.5
  39.0 108.0    64358.6
  39.0 111.0    62272.9
  39.0 114.0    71276.1
  39.0 117.0    54391.1
  39.0 120.0    60067.6
  39.0 123.0    70729.6
  39.0 126.0    74055.9
  39.0 129.0    65853.5
  39.0 132.0   100443.7
  39.0 135.0    80025.5
  39.0 138.0    74676.5
  39.0 141.0    81249.4
  39.0 144.0    83337.5
  39.0 147.0    79030.4
  39.0 150.0    80345.1
  39.0 153.0    80446.1
  39.0 156.0    77653.9
  39.0 159.0    77179.3
  39.0 162.0    89054.0
  39.0 165.0    74222.0
  39.0 168.0    73106.7
  39.0 171.0    72675.9
  39.0 174.0    73981.6
  39.0 177.0    78382.4
  39.0 180.0    72440.6
  39.0 183.0    70573.6
  39.0 186.0    94642.9
  39.0 189.0    94183.5
  39.0 192.0    91020.2
  39.0 195.0    94832.7
  39.0 198.0    91337.6
  39.0 201.0    80001.9
  39.0 204.0    82072.5
  39.0 207.0    84657.4
  39.0 210.0   104128.7
  39.0 213.0    97959.3
  39.0 216.0    97428.4
  39.0 219.0   102595.2
  39.0 222.0   117195.9
  39.0 225.0   111044.8
  39.0 228.0   114974.2
  39.0 231.0   123077.8
  39.0 234.0   124126.2
  39.0 237.0   119166.7
  39.0 240.0   132818.2
  39.0 243.0   123147.1
  39.0 246.0   129327.3
  39.0 249.0   137813.9
  39.0 252.0   123512.7
  39.0 255.0   128168.0
  39.0 258.0   116161.7
  39.0 261.0   122816.5
  39.0 264.0   104926.0
  39.0 267.0   111538.7
  39.0 270.0   120458.8
  39.0 273.0   119569.4
  39.0 276.0   123584.8
  39.0 279.0   122125.6
  39.0 282.0   122456.1
  39.0 285.0   108388.6
  39.0 288.0   126748.2
  39.0 291.0   105643.8
  39.0 294.0   105037.7
  39.0 297.0   108132.3
  39.0 300.0   104266.1
  39.0 303.0   103058.7
  39.0 306.0   103568.0
  39.0 309.0   103568.0
  39.0 312.0   103568.0
  39.0 315.0   103568.0
  39.0 318.0   103568.0
  39.0 321.0    90492.0
  39.0 324.0   110164.0
  39.0 327.0   106220.0
  39.0 330.0   106995.6
  39.0 333.0   112894.2
  39.0 336.0    93176.8
  39.0 339.0    92749.5
  39.0 342.0    91018.4
  39.0 345.0    83736.2
  39.0 348.0    77945.4
  39.0 351.0    82248.9
  39.0 354.0    74781.4
  39.0 357.0    83594.6
  42.0   0.0    74676.1
  42.0   3.0    78275.3
  42.0   6.0    76621.9
  42.0   9.0    82892.9
  42.0  12.0    63864.4
  42.0  15.0    61322.1
  42.0  18.0    63480.5
  42.0  21.0    59894.2
  42.0  24.0    68845.0
  42.0  27.0    59981.8
  42.0  30.0    62429.7
  42.0  33.0    71316.5
  42.0  36.0    59793.2
  42.0  39.0    72717.8
  42.0  42.0    75991.2
  42.0  45.0    78156.0
  42.0  48.0    87072.8
  42.0  51.0    77929.5
  42.0  54.0    76279.3
  42.0  57.0    84819.2
  42.0  60.0    55166.8
  42.0  63.0    69516.4
  42.0  66.0    57455.6
  42.0  69.0    58690.2
  42.0  72.0    48871.6
  42.0  75.0    59456.8
  42.0  78.0    49054.9
  42.0  81.0    47641.7
  42.0  84.0    56292.0
  42.0  87.0    49115.1
  42.0  90.0    45055.9
  42.0  93.0    54141.0
  42.0  96.0    61328.0
  42.0  99.0    58789.5
  42.0 102.0    42837.4
  42.0 105.0    48831.0
  42.0 108.0    52486.4
  42.0 111.0    50329.1
  42.0 114.0    58515.7
  42.0 117.0    48351.6
  42.0 120.0    58153.0
  42.0 123.0    58645.3
  42.0 126.0    56826.4
  42.0 129.0    56826.4
  42.0 132.0    68763.7
  42.0 135.0    78058.7
  42.0 138.0    78250.6
  42.0 141.0    63723.9
  42.0 144.0    82250.4
  42.0 147.0    73671.7
  42.0 150.0    70657.6
  42.0 153.0    71785.5
  42.0 156.0    64686.3
  42.0 159.0    60108.3
  42.0 162.0    74196.3
  42.0 165.0    60248.7
  42.0 168.0    70844.7
  42.0 171.0    53630.0
  42.0 174.0    62114.1
  42.0 177.0    73457.6
  42.0 180.0    60650.8
  42.0 183.0    66558.3
  42.0 186.0    75266.3
  42.0 189.0    66639.9
  42.0 192.0    67756.6
  42.0 195.0    70238.6
  42.0 198.0    66981.0
  42.0 201.0    76861.2
  42.0 204.0    87118.1
  42.0 207.0    78894.7
  42.0 210.0    88071.0
  42.0 213.0    96056.2
  42.0 216.0    98308.9
  42.0 219.0    91689.9
  42.0 222.0    93436.7
  42.0 225.0   102886.5
  42.0 228.0   112311.0
  42.0 231.0   118642.7
  42.0 234.0   101611.8
  42.0 237.0   115229.0
  42.0 240.0   119821.0
  42.0 243.0   100144.9
  42.0 246.0   103675.2
  42.0 249.0   119597.8
  42.0 252.0   124223.2
  42.0 255.0   121896.5
  42.0 258.0   122316.8
  42.0 261.0    91283.7
  42.0 264.0   122986.8
  42.0 267.0   114671.9
  42.0 270.0   116114.1
  42.0 273.0   123433.8
  42.0 276.0   121825.9
  42.0 279.0   132073.6
  42.0 282.0   122432.3
  42.0 285.0   117872.1
  42.0 288.0   114748.7
  42.0 291.0   108255.3
  42.0 294.0   118555.7
  42.0 297.0   117356.7
  42.0 300.0   110044.5
  42.0 303.0   115890.8
  42.0 306.0   117767.8
  42.0 309.0   115411.2
  42.0 312.0   109948.7
  42.0 315.0   131491.3
  42.0 318.0   124251.7
  42.0 321.0   121247.5
  42.0 324.0   122894.9
  42.0 327.0   115905.9
  42.0 330.0   117557.9
  42.0 333.0   116871.1
  42.0 336.0   112119.0
  42.0 339.0    87973.0
  42.0 342.0    93841.8
  42.0 345.0    88595.5
  42.0 348.0    91835.0
  42.0 351.0    81062.7
  42.0 354.0    81047.3
  42.0 357.0    84553.2
  45.0   0.0    79501.4
  45.0   3.0    87615.1
  45.0   6.0    85621.2
  45.0   9.0    89441.3
  45.0  12.0    65595.1
  45.0  15.0    73941.0
  45.0  18.0    82773.5
  45.0  21.0    72517.3
  45.0  24.0    76819.4
  45.0  27.0    70594.6
  45.0  30.0    73862.6
  45.0  33.0    44559.5
  45.0  36.0    67506.9
  45.0  39.0    75940.1
  45.0  42.0    70323.6
  45.0  45.0    75906.0
  45.0  48.0    75906.0
  45.0  51.0    86245.1
  45.0  54.0    72061.8
  45.0  57.0    58243.2
  45.0  60.0    73392.1
  45.0  63.0    73936.3
  45.0  66.0    57417.3
  45.0  69.0    46936.6
  45.0  72.0    54790.3
  45.0  75.0    60960.9
  45.0  78.0    65282.4
  45.0  81.0    57177.8
  45.0  84.0    61632.0
  45.0  87.0    60217.4
  45.0  90.0    61339.6
  45.0  93.0    70326.5
  45.0  96.0    67619.1
  45.0  99.0    63164.5
  45.0 102.0    66205.8
  45.0 105.0    54136.6
  45.0 108.0    53859.5
  45.0 111.0    57524.2
  45.0 114.0    61520.6
  45.0 117.0    56903.8
  45.0 120.0    58803.0
  45.0 123.0    57901.1
  45.0 126.0    55985.0
  45.0 129.0    60547.6
  45.0 132.0    58934.8
  45.0 135.0    76190.0
  45.0 138.0    57148.5
  45.0 141.0    60535.2
  45.0 144.0    63034.6
  45.0 147.0    68673.6
  45.0 150.0    64327.3
  45.0 153.0    65707.7
  45.0 156.0    54768.9
  45.0 159.0    65954.7
  45.0 162.0    57785.9
  45.0 165.0    55044.9
  45.0 168.0    65212.1
  45.0 171.0    75606.8
  45.0 174.0    62159.0
  45.0 177.0    68823.2
  45.0 180.0    62265.7
  45.0 183.0    71968.3
  45.0 186.0    73728.7
  45.0 189.0    82946.7
  45.0 192.0    82124.5
  45.0 195.0    81441.5
  45.0 198.0    66508.7
  45.0 201.0    83386.7
  45.0 204.0    84956.4
  45.0 207.0    76086.8
  45.0 210.0    87227.9
  45.0 213.0    77067.6
  45.0 216.0    90523.6
  45.0 219.0    89318.6
  45.0 222.0    89790.7
  45.0 225.0    93679.6
  45.0 228.0    98762.4
  45.0 231.0   111309.9
  45.0 234.0   104681.0
  45.0 237.0   107000.7
  45.0 240.0   125318.2
  45.0 243.0   109479.1
  45.0 246.0   106569.2
  45.0 249.0   144703.9
  45.0 252.0   108508.2
  45.0 255.0   111855.4
  45.0 258.0   121769.8
  45.0 261.0   111537.6
  45.0 264.0   124063.8
  45.0 267.0   110768.4
  45.0 270.0   124858.8
  45.0 273.0   118898.3
  45.0 276.0   127245.8
  45.0 279.0   112025.9
  45.0 282.0   119153.8
  45.0 285.0   109550.1
  45.0 288.0    99980.8
  45.0 291.0   113808.5
  45.0 294.0   107062.8
  45.0 297.0   101028.1
  45.0 300.0   104892.9
  45.0 303.0   106860.4
  45.0 306.0   101084.0
  45.0 309.0   103888.3
  45.0 312.0   103019.3
  45.0 315.0   102691.9
  45.0 318.0   117683.7
  45.0 321.0   110133.3
  45.0 324.0   109850.2
  45.0 327.0    88693.7
  45.0 330.0    96125.8
  45.0 333.0    97473.6
  45.0 336.0    79052.9
  45.0 339.0    79352.5
  45.0 342.0    80730.6
  45.0 345.0    75445.5
  45.0 348.0    76147.0
  45.0 351.0    77962.0
  45.0 354.0    73832.0
  45.0 357.0    83292.7
  48.0   0.0    81453.9
  48.0   3.0    86443.1
  48.0   6.0    81917.6
  48.0   9.0    84342.5
  48.0  12.0    72624.0
  48.0  15.0    73647.4
  48.0  18.0    74566.7
  48.0  21.0    81743.8
  48.0  24.0    73555.3
  48.0  27.0    64030.8
  48.0  30.0    55969.2
  48.0  33.0    66177.6
  48.0  36.0    44298.9
  48.0  39.0    56090.4
  48.0  42.0    70879.5
  48.0  45.0    49840.0
  48.0  48.0    55378.8
  48.0  51.0    80400.2
  48.0  54.0    53167.5
  48.0  57.0    53804.9
  48.0  60.0    51947.1
  48.0  63.0    72896.8
  48.0  66.0    55137.2
  48.0  69.0    48850.1
  48.0  72.0    43782.5
  48.0  75.0    49396.7
  48.0  78.0    56135.6
  48.0  81.0    51481.7
  48.0  84.0    48362.4
  48.0  87.0    45662.0
  48.0  90.0    57786.8
  48.0  93.0    66378.9
  48.0  96.0    74863.4
  48.0  99.0    68720.5
  48.0 102.0    71374.6
  48.0 105.0    66479.6
  48.0 108.0    50897.5
  48.0 111.0    49891.8
  48.0 114.0    43626.2
  48.0 117.0    53946.8
  48.0 120.0    44880.1
  48.0 123.0    63933.8
  48.0 126.0    53367.8
  48.0 129.0    58063.1
  48.0 132.0    61538.8
  48.0 135.0    57602.2
  48.0 138.0    67717.9
  48.0 141.0    50688.9
  48.0 144.0    52415.6
  48.0 147.0    59591.8
  48.0 150.0    57206.1
  48.0 153.0    59254.9
  48.0 156.0    56900.9
  48.0 159.0    67752.9
  48.0 162.0    55949.2
  48.0 165.0    63246.2
  48.0 168.0    55651.8
  48.0 171.0    65671.9
  48.0 174.0    67789.7
  48.0 177.0    61377.1
  48.0 180.0    75681.6
  48.0 183.0    81207.8
  48.0 186.0    71741.6
  48.0 189.0    88515.2
  48.0 192.0    80851.2
  48.0 195.0    68291.3
  48.0 198.0    77294.6
  48.0 201.0    77316.8
  48.0 204.0    86548.8
  48.0 207.0    81203.8
  48.0 210.0    91675.2
  48.0 213.0    88121.4
  48.0 216.0    85399.9
  48.0 219.0    86061.7
  48.0 222.0    87861.6
  48.0 225.0    92472.8
  48.0 228.0    98247.1
  48.0 231.0   112497.5
  48.0 234.0    99417.7
  48.0 237.0   105227.4
  48.0 240.0   120630.1
  48.0 243.0   102314.5
  48.0 246.0    95506.5
  48.0 249.0   103156.9
  48.0 252.0   105620.5
  48.0 255.0   122577.5
  48.0 258.0   120577.6
  48.0 261.0   123011.5
  48.0 264.0   123027.6
  48.0 267.0   122069.5
  48.0 270.0   118318.7
  48.0 273.0   119557.3
  48.0 276.0   132156.0
  48.0 279.0   109519.6
  48.0 282.0   123946.9
  48.0 285.0   108168.7
  48.0 288.0   113299.8
  48.0 291.0   109032.7
  48.0 294.0   104418.7
  48.0 297.0   102720.9
  48.0 300.0    98034.5
  48.0 303.0    90391.2
  48.0 306.0    84272.1
  48.0 309.0    94110.1
  48.0 312.0    94191.2
  48.0 315.0    94329.1
  48.0 318.0    83247.4
  48.0 321.0    86989.1
  48.0 324.0    89817.6
  48.0 327.0    98566.3
  48.0 330.0    91454.2
  48.0 333.0    86735.5
  48.0 336.0    82492.7
  48.0 339.0    86085.7
  48.0 342.0    78530.4
  48.0 345.0    82413.6
  48.0 348.0    91261.2
  48.0 351.0    87734.3
  48.0 354.0    84799.3
  48.0 357.0    78781.8
  51.0   0.0    73111.0
  51.0   3.0    84644.2
  51.0   6.0    90901.7
  51.0   9.0    86925.2
  51.0  12.0    75995.7
  51.0  15.0    64915.6
  51.0  18.0    64185.1
  51.0  21.0    53697.5
  51.0  24.0    51692.6
  51.0  27.0    50986.6
  51.0  30.0    45904.4
  51.0  33.0    50352.5
  51.0  36.0    58249.7
  51.0  39.0    54766.2
  51.0  42.0    61102.7
  51.0  45.0    51975.6
  51.0  48.0    47862.0
  51.0  51.0    51031.7
  51.0  54.0    47676.4
  51.0  57.0    39690.7
  51.0  60.0    54567.0
  51.0  63.0    57884.1
  51.0  66.0    48958.3
  51.0  69.0    56140.4
  51.0  72.0    50585.4
  51.0  75.0    37666.0
  51.0  78.0    45731.3
  51.0  81.0    46587.2
  51.0  84.0    47855.1
  51.0  87.0    46005.7
  51.0  90.0    62774.4
  51.0  93.0    61776.2
  51.0  96.0    62514.3
  51.0  99.0    68025.7
  51.0 102.0    81293.0
  51.0 105.0    49099.3
  51.0 108.0    42053.3
  51.0 111.0    48700.2
  51.0 114.0    42710.7
  51.0 117.0    27856.0
  51.0 120.0    42821.3
  51.0 123.0    53353.7
  51.0 126.0    53350.7
  51.0 129.0    48012.7
  51.0 132.0    56314.5
  51.0 135.0    32569.6
  51.0 138.0    50713.7
  51.0 141.0    50678.6
  51.0 144.0    48147.9
  51.0 147.0    56507.0
  51.0 150.0    53739.1
  51.0 153.0    51658.6
  51.0 156.0    49344.6
  51.0 159.0    38741.6
  51.0 162.0    46647.4
  51.0 165.0    54204.5
  51.0 168.0    41651.3
  51.0 171.0    58346.3
  51.0 174.0    55521.3
  51.0 177.0    64339.6
  51.0 180.0    57015.6
  51.0 183.0    65058.9
  51.0 186.0    72314.2
  51.0 189.0    77674.7
  51.0 192.0    69429.6
  51.0 195.0    64547.6
  51.0 198.0    63742.2
  51.0 201.0    65036.7
  51.0 204.0    61569.9
  51.0 207.0    65203.0
  51.0 210.0    69186.9
  51.0 213.0    70782.9
  51.0 216.0    78036.7
  51.0 219.0    71524.3
  51.0 222.0    83019.4
  51.0 225.0    85908.9
  51.0 228.0    77002.6
  51.0 231.0    85358.5
  51.0 234.0    84542.3
  51.0 237.0    96707.1
  51.0 240.0    98648.9
  51.0 243.0    90923.5
  51.0 246.0    91887.1
  51.0 249.0    98908.7
  51.0 252.0    96612.0
  51.0 255.0    93035.1
  51.0 258.0   104181.8
  51.0 261.0   102216.8
  51.0 264.0    96934.3
  51.0 267.0    85637.7
  51.0 270.0   100603.4
  51.0 273.0   102744.9
  51.0 276.0   116866.5
  51.0 279.0   112087.2
  51.0 282.0   114274.5
  51.0 285.0   107656.3
  51.0 288.0    93054.9
  51.0 291.0    97974.8
  51.0 294.0    90202.8
  51.0 297.0    77343.7
  51.0 300.0    88794.3
  51.0 303.0    96255.4
  51.0 306.0    93972.2
  51.0 309.0    82608.4
  51.0 312.0    69486.9
  51.0 315.0    88387.1
  51.0 318.0    76160.7
  51.0 321.0    81378.7
  51.0 324.0    84731.2
  51.0 327.0    70414.3
  51.0 330.0    79648.7
  51.0 333.0    71511.5
  51.0 336.0    64911.0
  51.0 339.0    78019.9
  51.0 342.0    73016.1
  51.0 345.0    74408.2
  51.0 348.0    77934.1
  51.0 351.0    64238.9
  51.0 354.0    81444.5
  51.0 357.0    63078.4
  54.0   0.0    74893.9
  54.0   3.0    89111.0
  54.0   6.0    88940.4
  54.0   9.0    75044.4
  54.0  12.0    69890.8
  54.0  15.0    57408.6
  54.0  18.0    54513.0
  54.0  21.0    58139.6
  54.0  24.0    53912.5
  54.0  27.0    44555.4
  54.0  30.0    45746.5
  54.0  33.0    53006.2
  54.0  36.0    47143.3
  54.0  39.0    36623.4
  54.0  42.0    43323.1
  54.0  45.0    47105.2
  54.0  48.0    45872.6
  54.0  51.0    42909.1
  54.0  54.0    38892.2
  54.0  57.0    52389.9
  54.0  60.0    29599.1
  54.0  63.0    48006.8
  54.0  66.0    39870.2
  54.0  69.0    40158.5
  54.0  72.0    31856.6
  54.0  75.0    39085.2
  54.0  78.0    43359.0
  54.0  81.0    31203.5
  54.0  84.0    62044.6
  54.0  87.0    39446.4
  54.0  90.0    50295.5
  54.0  93.0    45080.1
  54.0  96.0    47062.3
  54.0  99.0    48657.1
  54.0 102.0    54056.5
  54.0 105.0    44788.2
  54.0 108.0    33763.2
  54.0 111.0    40803.8
  54.0 114.0    40803.8
  54.0 117.0    39250.6
  54.0 120.0    39944.6
  54.0 123.0    42936.6
  54.0 126.0    38776.2
  54.0 129.0    35735.3
  54.0 132.0    51480.7
  54.0 135.0    47782.0
  54.0 138.0    48613.1
  54.0 141.0    54220.5
  54.0 144.0    31516.3
  54.0 147.0    60081.0
  54.0 150.0    36829.8
  54.0 153.0    44151.0
  54.0 156.0    45828.4
  54.0 159.0    49328.4
  54.0 162.0    51624.2
  54.0 165.0    41069.0
  54.0 168.0    41955.0
  54.0 171.0    47674.0
  54.0 174.0    50038.0
  54.0 177.0    53264.4
  54.0 180.0    51091.8
  54.0 183.0    64975.8
  54.0 186.0    64133.8
  54.0 189.0    65770.7
  54.0 192.0    68547.8
  54.0 195.0    53703.0
  54.0 198.0    64299.9
  54.0 201.0    81672.6
  54.0 204.0    64155.7
  54.0 207.0    59207.0
  54.0 210.0    65861.2
  54.0 213.0    67528.7
  54.0 216.0    79218.7
  54.0 219.0    72128.4
  54.0 222.0    81987.9
  54.0 225.0    81987.9
  54.0 228.0    81987.9
  54.0 231.0    87653.3
  54.0 234.0    72641.0
  54.0 237.0    82263.4
  54.0 240.0    88236.8
  54.0 243.0    67727.5
  54.0 246.0    94023.6
  54.0 249.0    94022.4
  54.0 252.0    86645.3
  54.0 255.0    87250.7
  54.0 258.0    94719.8
  54.0 261.0   102505.6
  54.0 264.0    93062.5
  54.0 267.0    97337.7
  54.0 270.0   112943.7
  54.0 273.0   102772.4
  54.0 276.0   108405.6
  54.0 279.0   113873.2
  54.0 282.0   113564.7
  54.0 285.0    91529.4
  54.0 288.0    88470.5
  54.0 291.0    84397.7
  54.0 294.0    82379.3
  54.0 297.0    78691.4
  54.0 300.0    95048.5
  54.0 303.0    70173.3
  54.0 306.0    76306.2
  54.0 309.0    92912.4
  54.0 312.0    61404.8
  54.0 315.0    70207.1
  54.0 318.0    70381.5
  54.0 321.0    67718.8
  54.0 324.0    68204.7
  54.0 327.0    75052.3
  54.0 330.0    70610.1
  54.0 333.0    67979.4
  54.0 336.0    64306.1
  54.0 339.0    64432.7
  54.0 342.0    47585.1
  54.0 345.0    57149.7
  54.0 348.0    55029.8
  54.0 351.0    64025.9
  54.0 354.0    58498.5
  54.0 357.0    79700.3
  57.0   0.0    59294.2
  57.0   3.0    60708.0
  57.0   6.0    64213.2
  57.0   9.0    64213.2
  57.0  12.0    53934.8
  57.0  15.0    51212.2
  57.0  18.0    52067.5
  57.0  21.0    43282.2
  57.0  24.0    42458.7
  57.0  27.0    39402.2
  57.0  30.0    39084.7
  57.0  33.0    43592.3
  57.0  36.0    33681.4
  57.0  39.0    37232.9
  57.0  42.0    40258.6
  57.0  45.0    41830.5
  57.0  48.0    46990.7
  57.0  51.0    48397.9
  57.0  54.0    44930.9
  57.0  57.0    40718.0
  57.0  60.0    39029.9
  57.0  63.0    44451.3
  57.0  66.0    37155.4
  57.0  69.0    35425.0
  57.0  72.0    35155.1
  57.0  75.0    36500.4
  57.0  78.0    34908.7
  57.0  81.0    29176.7
  57.0  84.0    34835.5
  57.0  87.0    36720.3
  57.0  90.0    43915.6
  57.0  93.0    32300.3
  57.0  96.0    42428.2
  57.0  99.0    45198.7
  57.0 102.0    48259.8
  57.0 105.0    28812.8
  57.0 108.0    42453.6
  57.0 111.0    42172.9
  57.0 114.0    29963.2
  57.0 117.0    34295.6
  57.0 120.0    36995.8
  57.0 123.0    42933.0
  57.0 126.0    38748.2
  57.0 129.0    38768.6
  57.0 132.0    39508.1
  57.0 135.0    41179.6
  57.0 138.0    44299.5
  57.0 141.0    41627.2
  57.0 144.0    41548.1
  57.0 147.0    46266.6
  57.0 150.0    36192.6
  57.0 153.0    32568.4
  57.0 156.0    57065.5
  57.0 159.0    43674.9
  57.0 162.0    34521.9
  57.0 165.0    40074.7
  57.0 168.0    38398.9
  57.0 171.0    40118.0
  57.0 174.0    42414.4
  57.0 177.0    45090.2
  57.0 180.0    48009.4
  57.0 183.0    48116.9
  57.0 186.0    43811.4
  57.0 189.0    50225.0
  57.0 192.0    53588.4
  57.0 195.0    46151.3
  57.0 198.0    52427.6
  57.0 201.0    50180.2
  57.0 204.0    48788.2
  57.0 207.0    49701.5
  57.0 210.0    52092.1
  57.0 213.0    55491.8
  57.0 216.0    50276.1
  57.0 219.0    42951.7
  57.0 222.0    60257.1
  57.0 225.0    59909.2
  57.0 228.0    65770.5
  57.0 231.0    66412.3
  57.0 234.0    70539.8
  57.0 237.0    70666.0
  57.0 240.0    62679.6
  57.0 243.0    65045.1
  57.0 246.0    73643.6
  57.0 249.0    73253.7
  57.0 252.0    63670.8
  57.0 255.0    69576.2
  57.0 258.0    75450.4
  57.0 261.0    77728.4
  57.0 264.0    76951.1
  57.0 267.0    84207.8
  57.0 270.0    81400.5
  57.0 273.0    71314.9
  57.0 276.0    71363.1
  57.0 279.0    75692.6
  57.0 282.0    72796.4
  57.0 285.0    70490.4
  57.0 288.0    72444.4
  57.0 291.0    80805.2
  57.0 294.0    71689.1
  57.0 297.0    56784.9
  57.0 300.0    59779.9
  57.0 303.0    67455.8
  57.0 306.0    63942.7
  57.0 309.0    65976.7
  57.0 312.0    54462.7
  57.0 315.0    55374.3
  57.0 318.0    64380.3
  57.0 321.0    57993.8
  57.0 324.0    70839.7
  57.0 327.0    63896.9
  57.0 330.0    55096.7
  57.0 333.0    52319.8
  57.0 336.0    56126.3
  57.0 339.0    53104.1
  57.0 342.0    47458.6
  57.0 345.0    59725.1
  57.0 348.0    59671.5
  57.0 351.0    59677.5
  57.0 354.0    59812.2
  57.0 357.0    62534.6
  60.0   0.0    55305.4
  60.0   3.0    58223.2
  60.0   6.0    46484.0
  60.0   9.0    40995.7
  60.0  12.0    42555.6
  60.0  15.0    39669.3
  60.0  18.0    48714.6
  60.0  21.0    44412.8
  60.0  24.0    39710.3
  60.0  27.0    47297.1
  60.0  30.0    38263.2
  60.0  33.0    35417.0
  60.0  36.0    32351.0
  60.0  39.0    31223.0
  60.0  42.0    43861.7
  60.0  45.0    37444.4
  60.0  48.0    35712.4
  60.0  51.0    38544.5
  60.0  54.0    47087.7
  60.0  57.0    45358.2
  60.0  60.0    42143.5
  60.0  63.0    36932.2
  60.0  66.0    32692.2
  60.0  69.0    33326.1
  60.0  72.0    37708.9
  60.0  75.0    35304.9
  60.0  78.0    35304.9
  60.0  81.0    37587.1
  60.0  84.0    39768.5
  60.0  87.0    29599.3
  60.0  90.0    30421.1
  60.0  93.0    34440.5
  60.0  96.0    35762.0
  60.0  99.0    36508.5
  60.0 102.0    33602.9
  60.0 105.0    38028.5
  60.0 108.0    35508.8
  60.0 111.0    40764.3
  60.0 114.0    36513.7
  60.0 117.0    30851.7
  60.0 120.0    28107.6
  60.0 123.0    35241.1
  60.0 126.0    29502.5
  60.0 129.0    33221.6
  60.0 132.0    32460.9
  60.0 135.0    41241.4
  60.0 138.0    42666.2
  60.0 141.0    40023.5
  60.0 144.0    34581.3
  60.0 147.0    32993.6
  60.0 150.0    44907.3
  60.0 153.0    26810.0
  60.0 156.0    27398.0
  60.0 159.0    40988.6
  60.0 162.0    40988.6
  60.0 165.0    44539.3
  60.0 168.0    32782.4
  60.0 171.0    42335.5
  60.0 174.0    41320.8
  60.0 177.0    40550.7
  60.0 180.0    39088.5
  60.0 183.0    35454.3
  60.0 186.0    39071.2
  60.0 189.0    43090.0
  60.0 192.0    45592.4
  60.0 195.0    45842.0
  60.0 198.0    43390.1
  60.0 201.0    63608.9
  60.0 204.0    37104.4
  60.0 207.0    42674.9
  60.0 210.0    49240.7
  60.0 213.0    56157.9
  60.0 216.0    52011.8
  60.0 219.0    52406.7
  60.0 222.0    60455.5
  60.0 225.0    63115.1
  60.0 228.0    66023.9
  60.0 231.0    67107.2
  60.0 234.0    68246.7
  60.0 237.0    71115.9
  60.0 240.0    71257.4
  60.0 243.0    59645.1
  60.0 246.0    67421.9
  60.0 249.0    71382.7
  60.0 252.0    69122.4
  60.0 255.0    64840.4
  60.0 258.0    76119.5
  60.0 261.0    77479.8
  60.0 264.0    78214.7
  60.0 267.0    78760.4
  60.0 270.0    62435.4
  60.0 273.0    79569.1
  60.0 276.0    82852.4
  60.0 279.0    83025.4
  60.0 282.0    78800.7
  60.0 285.0    72405.8
  60.0 288.0    63162.9
  60.0 291.0    67345.3
  60.0 294.0    70040.6
  60.0 297.0    59048.4
  60.0 300.0    60509.8
  60.0 303.0    57073.0
  60.0 306.0    55288.0
  60.0 309.0    58397.0
  60.0 312.0    58440.8
  60.0 315.0    62958.6
  60.0 318.0    60092.2
  60.0 321.0    57064.2
  60.0 324.0    58716.2
  60.0 327.0    56134.5
  60.0 330.0    45399.0
  60.0 333.0    43859.2
  60.0 336.0    42269.1
  60.0 339.0    42620.5
  60.0 342.0    44413.4
  60.0 345.0    49858.5
  60.0 348.0    50680.1
  60.0 351.0    46747.2
  60.0 354.0    54637.4
  60.0 357.0    45576.3
  63.0   0.0    46905.4
  63.0   3.0    43360.3
  63.0   6.0    43631.6
  63.0   9.0    42363.1
  63.0  12.0    34969.8
  63.0  15.0    41467.6
  63.0  18.0    37951.9
  63.0  21.0    36180.2
  63.0  24.0    40284.4
  63.0  27.0    42202.1
  63.0  30.0    42169.9
  63.0  33.0    39589.6
  63.0  36.0    38115.1
  63.0  39.0    30524.9
  63.0  42.0    34614.3
  63.0  45.0    37136.5
  63.0  48.0    34916.7
  63.0  51.0    56898.0
  63.0  54.0    36091.4
  63.0  57.0    34476.1
  63.0  60.0    29745.7
  63.0  63.0    31506.8
  63.0  66.0    34521.7
  63.0  69.0    31970.3
  63.0  72.0    32530.5
  63.0  75.0    30478.2
  63.0  78.0    29365.7
  63.0  81.0    27594.1
  63.0  84.0    30682.4
  63.0  87.0    28458.7
  63.0  90.0    24682.6
  63.0  93.0    19230.3
  63.0  96.0    25754.3
  63.0  99.0    38975.4
  63.0 102.0    24096.9
  63.0 105.0    25334.1
  63.0 108.0    23270.7
  63.0 111.0    24691.0
  63.0 114.0    28720.7
  63.0 117.0    31571.7
  63.0 120.0    30580.2
  63.0 123.0    28892.3
  63.0 126.0    37681.2
  63.0 129.0    26644.4
  63.0 132.0    25342.4
  63.0 135.0    26560.2
  63.0 138.0    34025.2
  63.0 141.0    28937.9
  63.0 144.0    34623.4
  63.0 147.0    30110.8
  63.0 150.0    33583.9
  63.0 153.0    29152.8
  63.0 156.0    29489.5
  63.0 159.0    30863.4
  63.0 162.0    38990.4
  63.0 165.0    34994.6
  63.0 168.0    32481.3
  63.0 171.0    37364.1
  63.0 174.0    29062.2
  63.0 177.0    35558.0
  63.0 180.0    29433.9
  63.0 183.0    31277.1
  63.0 186.0    33403.9
  63.0 189.0    33750.5
  63.0 192.0    40170.6
  63.0 195.0    32619.0
  63.0 198.0    32054.0
  63.0 201.0    39369.4
  63.0 204.0    43347.2
  63.0 207.0    40948.3
  63.0 210.0    43774.3
  63.0 213.0    42357.1
  63.0 216.0    47990.0
  63.0 219.0    50430.2
  63.0 222.0    48149.1
  63.0 225.0    54992.0
  63.0 228.0    54312.7
  63.0 231.0    56037.6
  63.0 234.0    53718.2
  63.0 237.0    73629.8
  63.0 240.0    61042.4
  63.0 243.0    61014.3
  63.0 246.0    63366.2
  63.0 249.0    58314.7
  63.0 252.0    57183.2
  63.0 255.0    69068.3
  63.0 258.0    72823.7
  63.0 261.0    62957.0
  63.0 264.0    70103.9
  63.0 267.0    65535.2
  63.0 270.0    61446.6
  63.0 273.0    69992.3
  63.0 276.0    62267.1
  63.0 279.0    68673.0
  63.0 282.0    66567.4
  63.0 285.0    61897.9
  63.0 288.0    60398.1
  63.0 291.0    66761.1
  63.0 294.0    60820.8
  63.0 297.0    66267.4
  63.0 300.0    55118.2
  63.0 303.0    51157.0
  63.0 306.0    59558.6
  63.0 309.0    52439.9
  63.0 312.0    51834.9
  63.0 315.0    48043.0
  63.0 318.0    80124.8
  63.0 321.0    55540.2
  63.0 324.0    57572.4
  63.0 327.0    54926.0
  63.0 330.0    42974.7
  63.0 333.0    44856.4
  63.0 336.0    41719.9
  63.0 339.0    43764.9
  63.0 342.0    49843.7
  63.0 345.0    40407.6
  63.0 348.0    44682.9
  63.0 351.0    48296.5
  63.0 354.0    39902.4
  63.0 357.0    37464.9
  66.0   0.0    28657.3
  66.0   3.0    38765.4
  66.0   6.0    40083.2
  66.0   9.0    43391.1
  66.0  12.0    31863.6
  66.0  15.0    23200.3
  66.0  18.0    34673.4
  66.0  21.0    31469.7
  66.0  24.0    31904.0
  66.0  27.0    34674.6
  66.0  30.0    35398.3
  66.0  33.0    38966.9
  66.0  36.0    34304.0
  66.0  39.0    28162.4
  66.0  42.0    26829.6
  66.0  45.0    32668.1
  66.0  48.0    30568.4
  66.0  51.0    32934.0
  66.0  54.0    28605.7
  66.0  57.0    37805.3
  66.0  60.0    21799.5
  66.0  63.0    23742.6
  66.0  66.0    32274.1
  66.0  69.0    29494.6
  66.0  72.0    30483.0
  66.0  75.0    25299.6
  66.0  78.0    24551.8
  66.0  81.0    27457.8
  66.0  84.0    18361.1
  66.0  87.0    23356.6
  66.0  90.0    24892.9
  66.0  93.0    19983.1
  66.0  96.0    25931.1
  66.0  99.0    24450.8
  66.0 102.0    21445.2
  66.0 105.0    32585.8
  66.0 108.0    18284.5
  66.0 111.0    22892.3
  66.0 114.0    23040.2
  66.0 117.0    22620.5
  66.0 120.0    31633.1
  66.0 123.0    30031.0
  66.0 126.0    37579.7
  66.0 129.0    25377.7
  66.0 132.0    24929.1
  66.0 135.0    23846.7
  66.0 138.0    24153.8
  66.0 141.0    22373.6
  66.0 144.0    33863.0
  66.0 147.0    24223.4
  66.0 150.0    26219.8
  66.0 153.0    25946.4
  66.0 156.0    22633.3
  66.0 159.0    28930.5
  66.0 162.0    31496.2
  66.0 165.0    35374.8
  66.0 168.0    27932.6
  66.0 171.0    22374.2
  66.0 174.0    19347.6
  66.0 177.0    15093.4
  66.0 180.0    27839.4
  66.0 183.0    24430.7
  66.0 186.0    26936.8
  66.0 189.0    29631.1
  66.0 192.0    30717.7
  66.0 195.0    26379.7
  66.0 198.0    35948.8
  66.0 201.0    37760.2
  66.0 204.0    41588.6
  66.0 207.0    37159.9
  66.0 210.0    38605.0
  66.0 213.0    41883.8
  66.0 216.0    39839.1
  66.0 219.0    36279.9
  66.0 222.0    37607.9
  66.0 225.0    35447.3
  66.0 228.0    38447.6
  66.0 231.0    66106.6
  66.0 234.0    51278.1
  66.0 237.0    39115.3
  66.0 240.0    41504.7
  66.0 243.0    44311.4
  66.0 246.0    47718.1
  66.0 249.0    58673.3
  66.0 252.0    56471.9
  66.0 255.0    60641.6
  66.0 258.0    53335.2
  66.0 261.0    58014.8
  66.0 264.0    56152.4
  66.0 267.0    59861.9
  66.0 270.0    52709.8
  66.0 273.0    55227.9
  66.0 276.0    57131.4
  66.0 279.0    59100.3
  66.0 282.0    52413.2
  66.0 285.0    51236.1
  66.0 288.0    50868.7
  66.0 291.0    48821.1
  66.0 294.0    58119.6
  66.0 297.0    51145.0
  66.0 300.0    53401.4
  66.0 303.0    55608.0
  66.0 306.0    50137.4
  66.0 309.0    48486.3
  66.0 312.0    41291.6
  66.0 315.0    41919.1
  66.0 318.0    45382.2
  66.0 321.0    41427.9
  66.0 324.0    42453.6
  66.0 327.0    39700.5
  66.0 330.0    36054.9
  66.0 333.0    42823.3
  66.0 336.0    42015.3
  66.0 339.0    42015.3
  66.0 342.0    37705.2
  66.0 345.0    39540.8
  66.0 348.0    45429.1
  66.0 351.0    37253.9
  66.0 354.0    28195.6
  66.0 357.0    33749.8
  69.0   0.0    31563.6
  69.0   3.0    27358.1
  69.0   6.0    32925.5
  69.0   9.0    29815.2
  69.0  12.0    31801.1
  69.0  15.0    25990.0
  69.0  18.0    25426.1
  69.0  21.0    26517.3
  69.0  24.0    24432.3
  69.0  27.0    32231.3
  69.0  30.0    35371.1
  69.0  33.0    31771.2
  69.0  36.0    27460.7
  69.0  39.0    20096.1
  69.0  42.0    21901.1
  69.0  45.0    18704.0
  69.0  48.0    27230.2
  69.0  51.0    24178.7
  69.0  54.0    24468.1
  69.0  57.0    21799.8
  69.0  60.0    20908.3
  69.0  63.0    21452.8
  69.0  66.0    25623.3
  69.0  69.0    30254.9
  69.0  72.0    23972.3
  69.0  75.0    28469.9
  69.0  78.0    16747.9
  69.0  81.0    18381.5
  69.0  84.0    18895.1
  69.0  87.0    18706.8
  69.0  90.0    19217.3
  69.0  93.0    21296.8
  69.0  96.0    22124.5
  69.0  99.0    28745.8
  69.0 102.0    25644.1
  69.0 105.0    24675.3
  69.0 108.0    13494.4
  69.0 111.0    15507.1
  69.0 114.0    25495.4
  69.0 117.0    23141.3
  69.0 120.0    27224.2
  69.0 123.0    35370.2
  69.0 126.0    32218.4
  69.0 129.0    23019.8
  69.0 132.0    21648.4
  69.0 135.0    22386.7
  69.0 138.0    17227.7
  69.0 141.0    17506.0
  69.0 144.0    21930.7
  69.0 147.0    17264.4
  69.0 150.0    14043.4
  69.0 153.0    21696.5
  69.0 156.0    29038.0
  69.0 159.0    29038.0
  69.0 162.0    24934.9
  69.0 165.0    26249.0
  69.0 168.0    24213.9
  69.0 171.0    17350.2
  69.0 174.0    21173.3
  69.0 177.0    18473.7
  69.0 180.0    21222.8
  69.0 183.0    21741.1
  69.0 186.0    16779.8
  69.0 189.0    22118.0
  69.0 192.0    19588.5
  69.0 195.0    23439.4
  69.0 198.0    22552.9
  69.0 201.0    26625.4
  69.0 204.0    28438.4
  69.0 207.0    26636.0
  69.0 210.0    27832.1
  69.0 213.0    32158.2
  69.0 216.0    36467.5
  69.0 219.0    36395.1
  69.0 222.0    30882.1
  69.0 225.0    42296.2
  69.0 228.0    29789.0
  69.0 231.0    31564.0
  69.0 234.0    34310.5
  69.0 237.0    35654.6
  69.0 240.0    32299.3
  69.0 243.0    33880.0
  69.0 246.0    42203.2
  69.0 249.0    45738.4
  69.0 252.0    45397.2
  69.0 255.0    51845.1
  69.0 258.0    51854.7
  69.0 261.0    40798.0
  69.0 264.0    43031.4
  69.0 267.0    42868.7
  69.0 270.0    48895.3
  69.0 273.0    46230.9
  69.0 276.0    44430.9
  69.0 279.0    46802.6
  69.0 282.0    44574.7
  69.0 285.0    37011.4
  69.0 288.0    40018.5
  69.0 291.0    39906.5
  69.0 294.0    39129.5
  69.0 297.0    41081.7
  69.0 300.0    38926.3
  69.0 303.0    46120.3
  69.0 306.0    43156.3
  69.0 309.0    48354.0
  69.0 312.0    35162.7
  69.0 315.0    37224.8
  69.0 318.0    30378.3
  69.0 321.0    36116.3
  69.0 324.0    36063.8
  69.0 327.0    36774.9
  69.0 330.0    29564.6
  69.0 333.0    31376.1
  69.0 336.0    31376.1
  69.0 339.0    45306.5
  69.0 342.0    41049.6
  69.0 345.0    31373.6
  69.0 348.0    31298.0
  69.0 351.0    27762.2
  69.0 354.0    25934.2
  69.0 357.0    27176.4