   0.00000      39051.5      36356.4    0.0741293
      3.00000      36723.1      36356.4    0.0100845
      6.00000      38633.1      36356.4    0.0626213
      9.00000      39744.9      36356.4    0.0932017
      12.0000      39854.8      36356.4    0.0962242
      15.0000      38655.2      36356.4    0.0632288
      18.0000      37538.6      36356.4    0.0325164
      21.0000      38172.5      36356.4    0.0499534
      24.0000      37165.9      36356.4    0.0222639
      27.0000      37547.8      36356.4    0.0327700
      30.0000      37203.6      36356.4    0.0233023
      33.0000      38170.7      36356.4    0.0499035
      36.0000      37286.7      36356.4    0.0255868
      39.0000      36599.3      36356.4   0.00668035
      42.0000      35345.0      36356.4   -0.0278188
      45.0000      35559.6      36356.4   -0.0219183
      48.0000      34400.6      36356.4   -0.0537960
      51.0000      34376.7      36356.4   -0.0544538
      54.0000      35577.9      36356.4   -0.0214130
      57.0000      35412.0      36356.4   -0.0259777
      60.0000      34585.0      36356.4   -0.0487233
      63.0000      34644.5      36356.4   -0.0470865
      66.0000      34256.3      36356.4   -0.0577660
      69.0000      33325.2      36356.4   -0.0833750
      72.0000      35037.3      36356.4   -0.0362843
      75.0000      36271.7      36356.4  -0.00232993
      78.0000      36926.4      36356.4    0.0156787
      81.0000      36642.9      36356.4   0.00787961
      84.0000      37873.7      36356.4    0.0417339
      87.0000      37150.6      36356.4    0.0218444
      90.0000      37707.6      36356.4    0.0371660
      93.0000      37330.1      36356.4    0.0267821
      96.0000      38765.0      36356.4    0.0662485
      99.0000      36939.3      36356.4    0.0160325
      102.000      35895.3      36356.4   -0.0126826
      105.000      35245.1      36356.4   -0.0305661
      108.000      35481.1      36356.4   -0.0240772
      111.000      33916.7      36356.4   -0.0671057
      114.000      34489.1      36356.4   -0.0513626
      117.000      34881.8      36356.4   -0.0405592
      120.000      33990.3      36356.4   -0.0650820
      123.000      34294.4      36356.4   -0.0567173
      126.000      35039.4      36356.4   -0.0362260
      129.000      34543.9      36356.4   -0.0498541
      132.000      34467.0      36356.4   -0.0519704
      135.000      34833.8      36356.4   -0.0418796
      138.000      34632.4      36356.4   -0.0474192
      141.000      34862.7      36356.4   -0.0410844
      144.000      34896.8      36356.4   -0.0401464
      147.000      35522.5      36356.4   -0.0229364
      150.000      36488.1      36356.4   0.00362134
      153.000      35874.9      36356.4   -0.0132437
      156.000      36174.4      36356.4  -0.00500686
      159.000      37468.0      36356.4    0.0305737
      162.000      37805.5      36356.4    0.0398566
      165.000      36751.2      36356.4    0.0108590
      168.000      37762.9      36356.4    0.0386871
      171.000      38556.7      36356.4    0.0605197
      174.000      38016.3      36356.4    0.0456544
      177.000      39019.8      36356.4    0.0732579
      180.000      39051.5      36356.4    0.0741294
      183.000      36723.1      36356.4    0.0100844
      186.000      38633.1      36356.4    0.0626210
      189.000      39744.9      36356.4    0.0932016
      192.000      39854.8      36356.4    0.0962241
      195.000      38655.2      36356.4    0.0632288
      198.000      37538.6      36356.4    0.0325167
      201.000      38172.5      36356.4    0.0499531
      204.000      37165.9      36356.4    0.0222638
      207.000      37547.8      36356.4    0.0327690
      210.000      37203.6      36356.4    0.0233022
      213.000      38170.7      36356.4    0.0499030
      216.000      37286.7      36356.4    0.0255874
      219.000      36599.3      36356.4   0.00668022
      222.000      35345.0      36356.4   -0.0278184
      225.000      35559.5      36356.4   -0.0219186
      228.000      34400.6      36356.4   -0.0537953
      231.000      34376.7      36356.4   -0.0544535
      234.000      35577.9      36356.4   -0.0214123
      237.000      35412.0      36356.4   -0.0259775
      240.000      34585.0      36356.4   -0.0487228
      243.000      34644.5      36356.4   -0.0470863
      246.000      34256.3      36356.4   -0.0577658
      249.000      33325.2      36356.4   -0.0833747
      252.000      35037.2      36356.4   -0.0362851
      255.000      36271.7      36356.4  -0.00232940
      258.000      36926.5      36356.4    0.0156789
      261.000      36642.9      36356.4   0.00787982
      264.000      37873.7      36356.4    0.0417338
      267.000      37150.6      36356.4    0.0218447
      270.000      37707.6      36356.4    0.0371660
      273.000      37330.1      36356.4    0.0267823
      276.000      38765.0      36356.4    0.0662487
      279.000      36939.3      36356.4    0.0160330
      282.000      35895.3      36356.4   -0.0126825
      285.000      35245.2      36356.4   -0.0305658
      288.000      35481.0      36356.4   -0.0240783
      291.000      33916.7      36356.4   -0.0671068
      294.000      34489.1      36356.4   -0.0513620
      297.000      34881.8      36356.4   -0.0405592
      300.000      33990.3      36356.4   -0.0650823
      303.000      34294.3      36356.4   -0.0567186
      306.000      35039.4      36356.4   -0.0362257
      309.000      34543.9      36356.4   -0.0498540
      312.000      34467.0      36356.4   -0.0519705
      315.000      34833.8      36356.4   -0.0418809
      318.000      34632.4      36356.4   -0.0474187
      321.000      34862.7      36356.4   -0.0410847
      324.000      34896.8      36356.4   -0.0401470
      327.000      35522.5      36356.4   -0.0229370
      330.000      36488.1      36356.4   0.00362089
      333.000      35874.9      36356.4   -0.0132438
      336.000      36174.4      36356.4  -0.00500694
      339.000      37468.0      36356.4    0.0305743
      342.000      37805.4      36356.4    0.0398557
      345.000      36751.3      36356.4    0.0108601
      348.000      37762.9      36356.4    0.0386868
      351.000      38556.7      36356.4    0.0605201
      354.000      38016.2      36356.4    0.0456540
      357.000      39019.8      36356.4    0.0732586