0.00	12.20	0.074129
0.00	15.20	0.077011
0.00	18.20	0.190650
0.00	21.20	0.170844
0.00	24.20	0.064251
0.00	27.20	0.051309
0.00	30.20	0.024765
0.00	33.20	-0.100817
0.00	36.20	-0.077394
0.00	39.20	-0.139351
0.00	42.20	-0.176562
0.00	45.20	-0.196779
0.00	48.20	-0.106276
0.00	51.20	-0.110715
0.00	54.20	-0.058092
0.00	57.20	-0.096896
0.00	60.20	-0.154622
0.00	63.20	-0.228070
0.00	66.20	-0.289694
0.00	69.20	-0.164095
3.00	12.20	0.010084
3.00	15.20	0.121499
3.00	18.20	0.082399
3.00	21.20	0.125321
3.00	24.20	0.095668
3.00	27.20	0.176821
3.00	30.20	0.033918
3.00	33.20	-0.057744
3.00	36.20	-0.022072
3.00	39.20	-0.127491
3.00	42.20	-0.100649
3.00	45.20	-0.112730
3.00	48.20	-0.096826
3.00	51.20	0.026981
3.00	54.20	0.031713
3.00	57.20	-0.073188
3.00	60.20	-0.159490
3.00	63.20	-0.231320
3.00	66.20	-0.230963
3.00	69.20	-0.247518
6.00	12.20	0.062621
6.00	15.20	0.129873
6.00	18.20	0.173349
6.00	21.20	0.107523
6.00	24.20	0.069244
6.00	27.20	0.022437
6.00	30.20	0.011402
6.00	33.20	-0.049294
6.00	36.20	-0.043345
6.00	39.20	-0.103886
6.00	42.20	-0.137685
6.00	45.20	-0.105864
6.00	48.20	-0.039455
6.00	51.20	0.021708
6.00	54.20	0.030133
6.00	57.20	-0.043507
6.00	60.20	-0.169623
6.00	63.20	-0.211970
6.00	66.20	-0.179602
6.00	69.20	-0.148085
9.00	12.20	0.093202
9.00	15.20	0.129501
9.00	18.20	0.164006
9.00	21.20	0.080575
9.00	24.20	0.061829
9.00	27.20	0.018906
9.00	30.20	0.010701
9.00	33.20	-0.016638
9.00	36.20	-0.035179
9.00	39.20	-0.080602
9.00	42.20	-0.130666
9.00	45.20	-0.091813
9.00	48.20	-0.026131
9.00	51.20	0.030770
9.00	54.20	0.038677
9.00	57.20	-0.032813
9.00	60.20	-0.169785
9.00	63.20	-0.209716
9.00	66.20	-0.170659
9.00	69.20	-0.160503
12.00	12.20	0.096224
12.00	15.20	0.131944
12.00	18.20	0.115948
12.00	21.20	0.097104
12.00	24.20	0.049251
12.00	27.20	-0.002847
12.00	30.20	-0.008551
12.00	33.20	-0.010090
12.00	36.20	-0.038191
12.00	39.20	-0.055073
12.00	42.20	-0.145840
12.00	45.20	-0.091896
12.00	48.20	-0.015028
12.00	51.20	0.017600
12.00	54.20	-0.001776
12.00	57.20	-0.034984
12.00	60.20	-0.153869
12.00	63.20	-0.185909
12.00	66.20	-0.165375
12.00	69.20	-0.160480
15.00	12.20	0.063229
15.00	15.20	0.093028
15.00	18.20	0.098692
15.00	21.20	0.069946
15.00	24.20	-0.000336
15.00	27.20	0.041099
15.00	30.20	0.041036
15.00	33.20	0.000150
15.00	36.20	-0.060268
15.00	39.20	-0.093675
15.00	42.20	-0.162630
15.00	45.20	-0.092702
15.00	48.20	-0.016767
15.00	51.20	-0.020265
15.00	54.20	-0.027785
15.00	57.20	-0.041757
15.00	60.20	-0.109848
15.00	63.20	-0.182248
15.00	66.20	-0.158933
15.00	69.20	-0.171712
18.00	12.20	0.032516
18.00	15.20	0.064544
18.00	18.20	0.112415
18.00	21.20	0.050323
18.00	24.20	0.012693
18.00	27.20	0.050504
18.00	30.20	0.046487
18.00	33.20	0.005224
18.00	36.20	-0.104199
18.00	39.20	-0.104652
18.00	42.20	-0.166904
18.00	45.20	-0.073660
18.00	48.20	-0.037294
18.00	51.20	-0.077686
18.00	54.20	-0.054556
18.00	57.20	-0.068805
18.00	60.20	-0.108313
18.00	63.20	-0.140835
18.00	66.20	-0.152087
18.00	69.20	-0.186309
21.00	12.20	0.049953
21.00	15.20	0.033548
21.00	18.20	0.093986
21.00	21.20	0.009674
21.00	24.20	0.029398
21.00	27.20	0.046387
21.00	30.20	0.023167
21.00	33.20	-0.017939
21.00	36.20	-0.115194
21.00	39.20	-0.086658
21.00	42.20	-0.153453
21.00	45.20	-0.066535
21.00	48.20	-0.049510
21.00	51.20	-0.100219
21.00	54.20	-0.110724
21.00	57.20	-0.092972
21.00	60.20	-0.082989
21.00	63.20	-0.110148
21.00	66.20	-0.125099
21.00	69.20	-0.154047
24.00	12.20	0.022264
24.00	15.20	0.012827
24.00	18.20	0.045246
24.00	21.20	-0.020470
24.00	24.20	0.018945
24.00	27.20	0.028406
24.00	30.20	-0.006167
24.00	33.20	-0.016237
24.00	36.20	-0.118928
24.00	39.20	-0.097077
24.00	42.20	-0.122063
24.00	45.20	-0.041093
24.00	48.20	-0.032204
24.00	51.20	-0.116655
24.00	54.20	-0.141007
24.00	57.20	-0.102146
24.00	60.20	-0.075397
24.00	63.20	-0.057808
24.00	66.20	-0.067613
24.00	69.20	-0.091124
27.00	12.20	0.032770
27.00	15.20	-0.020832
27.00	18.20	0.030828
27.00	21.20	-0.058020
27.00	24.20	-0.016584
27.00	27.20	-0.046881
27.00	30.20	0.023367
27.00	33.20	-0.041561
27.00	36.20	-0.105532
27.00	39.20	-0.051147
27.00	42.20	-0.079738
27.00	45.20	-0.047272
27.00	48.20	-0.031715
27.00	51.20	-0.098866
27.00	54.20	-0.135839
27.00	57.20	-0.105905
27.00	60.20	-0.053040
27.00	63.20	-0.040811
27.00	66.20	-0.006392
27.00	69.20	-0.017550
30.00	12.20	0.023302
30.00	15.20	-0.027491
30.00	18.20	0.008327
30.00	21.20	-0.064598
30.00	24.20	0.029100
30.00	27.20	-0.070905
30.00	30.20	-0.038353
30.00	33.20	-0.040034
30.00	36.20	-0.066088
30.00	39.20	-0.016427
30.00	42.20	-0.054790
30.00	45.20	-0.032473
30.00	48.20	-0.045750
30.00	51.20	-0.104209
30.00	54.20	-0.153925
30.00	57.20	-0.114350
30.00	60.20	-0.078899
30.00	63.20	-0.030345
30.00	66.20	0.028136
30.00	69.20	0.032690
33.00	12.20	0.049904
33.00	15.20	-0.029239
33.00	18.20	-0.033113
33.00	21.20	-0.051881
33.00	24.20	-0.030687
33.00	27.20	-0.093827
33.00	30.20	-0.059160
33.00	33.20	-0.045509
33.00	36.20	-0.008642
33.00	39.20	0.024283
33.00	42.20	-0.028687
33.00	45.20	-0.024248
33.00	48.20	-0.043894
33.00	51.20	-0.099305
33.00	54.20	-0.165026
33.00	57.20	-0.113961
33.00	60.20	-0.071749
33.00	63.20	-0.023087
33.00	66.20	0.034813
33.00	69.20	0.077014
36.00	12.20	0.025587
36.00	15.20	-0.014710
36.00	18.20	-0.030454
36.00	21.20	-0.009491
36.00	24.20	-0.073184
36.00	27.20	-0.036936
36.00	30.20	-0.055162
36.00	33.20	-0.015295
36.00	36.20	0.029022
36.00	39.20	0.040534
36.00	42.20	0.014309
36.00	45.20	-0.005963
36.00	48.20	-0.027261
36.00	51.20	-0.072586
36.00	54.20	-0.114308
36.00	57.20	-0.088236
36.00	60.20	-0.056668
36.00	63.20	-0.026656
36.00	66.20	0.021361
36.00	69.20	0.060631
39.00	12.20	0.006680
39.00	15.20	-0.004669
39.00	18.20	0.000348
39.00	21.20	-0.025843
39.00	24.20	-0.100397
39.00	27.20	-0.012760
39.00	30.20	-0.003937
39.00	33.20	-0.006810
39.00	36.20	0.066376
39.00	39.20	0.091930
39.00	42.20	0.069023
39.00	45.20	0.025578
39.00	48.20	-0.044576
39.00	51.20	-0.024649
39.00	54.20	-0.062723
39.00	57.20	-0.064827
39.00	60.20	-0.019383
39.00	63.20	-0.018275
39.00	66.20	0.025650
39.00	69.20	0.028727
42.00	12.20	-0.027819
42.00	15.20	0.003565
42.00	18.20	0.049226
42.00	21.20	-0.023766
42.00	24.20	-0.074357
42.00	27.20	0.051126
42.00	30.20	-0.023348
42.00	33.20	0.041576
42.00	36.20	0.090984
42.00	39.20	0.100700
42.00	42.20	0.113722
42.00	45.20	0.081621
42.00	48.20	-0.025330
42.00	51.20	-0.040752
42.00	54.20	-0.057847
42.00	57.20	-0.029965
42.00	60.20	0.011078
42.00	63.20	-0.004174
42.00	66.20	0.013784
42.00	69.20	-0.002540
45.00	12.20	-0.021918
45.00	15.20	-0.004305
45.00	18.20	0.004427
45.00	21.20	-0.024796
45.00	24.20	-0.102588
45.00	27.20	0.053142
45.00	30.20	0.043419
45.00	33.20	0.055938
45.00	36.20	0.114108
45.00	39.20	0.147063
45.00	42.20	0.160791
45.00	45.20	0.129564
45.00	48.20	0.027286
45.00	51.20	-0.031064
45.00	54.20	-0.017806
45.00	57.20	0.026654
45.00	60.20	0.054078
45.00	63.20	0.122237
45.00	66.20	0.061759
45.00	69.20	-0.012940
48.00	12.20	-0.053796
48.00	15.20	-0.010749
48.00	18.20	0.036646
48.00	21.20	-0.030412
48.00	24.20	-0.030189
48.00	27.20	0.071534
48.00	30.20	0.072043
48.00	33.20	0.100434
48.00	36.20	0.125612
48.00	39.20	0.172066
48.00	42.20	0.200923
48.00	45.20	0.150633
48.00	48.20	0.024944
48.00	51.20	-0.021557
48.00	54.20	0.014990
48.00	57.20	0.078293
48.00	60.20	0.120958
48.00	63.20	0.167592
48.00	66.20	0.097666
48.00	69.20	-0.036001
51.00	12.20	-0.054454
51.00	15.20	-0.027767
51.00	18.20	0.008255
51.00	21.20	-0.012866
51.00	24.20	0.002496
51.00	27.20	0.039962
51.00	30.20	0.119467
51.00	33.20	0.076194
51.00	36.20	0.106389
51.00	39.20	0.188523
51.00	42.20	0.246167
51.00	45.20	0.170719
51.00	48.20	0.013939
51.00	51.20	-0.020822
51.00	54.20	0.038025
51.00	57.20	0.109054
51.00	60.20	0.149247
51.00	63.20	0.241590
51.00	66.20	0.147701
51.00	69.20	-0.011447
54.00	12.20	-0.021413
54.00	15.20	-0.064007
54.00	18.20	-0.023567
54.00	21.20	0.059221
54.00	24.20	0.026260
54.00	27.20	-0.021928
54.00	30.20	0.082907
54.00	33.20	0.090317
54.00	36.20	0.098852
54.00	39.20	0.193301
54.00	42.20	0.240734
54.00	45.20	0.168116
54.00	48.20	0.041636
54.00	51.20	-0.026150
54.00	54.20	0.029346
54.00	57.20	0.119984
54.00	60.20	0.185949
54.00	63.20	0.235237
54.00	66.20	0.122589
54.00	69.20	-0.009588
57.00	12.20	-0.025978
57.00	15.20	-0.086055
57.00	18.20	-0.082609
57.00	21.20	0.090555
57.00	24.20	0.022300
57.00	27.20	-0.016193
57.00	30.20	0.071672
57.00	33.20	0.095535
57.00	36.20	0.094919
57.00	39.20	0.190487
57.00	42.20	0.215922
57.00	45.20	0.149941
57.00	48.20	0.059521
57.00	51.20	0.004519
57.00	54.20	0.038767
57.00	57.20	0.130489
57.00	60.20	0.167469
57.00	63.20	0.244991
57.00	66.20	0.123395
57.00	69.20	-0.026510
60.00	12.20	-0.048723
60.00	15.20	-0.078639
60.00	18.20	-0.074676
60.00	21.20	0.058268
60.00	24.20	0.014429
60.00	27.20	-0.015608
60.00	30.20	0.047164
60.00	33.20	0.075595
60.00	36.20	0.081948
60.00	39.20	0.157518
60.00	42.20	0.186027
60.00	45.20	0.078291
60.00	48.20	0.034606
60.00	51.20	0.019967
60.00	54.20	0.050973
60.00	57.20	0.096491
60.00	60.20	0.151638
60.00	63.20	0.156832
60.00	66.20	0.105301
60.00	69.20	0.012803
63.00	12.20	-0.047087
63.00	15.20	-0.091560
63.00	18.20	-0.109692
63.00	21.20	0.005609
63.00	24.20	0.038930
63.00	27.20	-0.052396
63.00	30.20	0.014417
63.00	33.20	0.068703
63.00	36.20	0.073344
63.00	39.20	0.148567
63.00	42.20	0.155055
63.00	45.20	0.080053
63.00	48.20	0.055997
63.00	51.20	0.069404
63.00	54.20	0.063806
63.00	57.20	0.047155
63.00	60.20	0.128892
63.00	63.20	0.138844
63.00	66.20	0.123159
63.00	69.20	0.097592
66.00	12.20	-0.057766
66.00	15.20	-0.105858
66.00	18.20	-0.113426
66.00	21.20	-0.017382
66.00	24.20	-0.008441
66.00	27.20	-0.057223
66.00	30.20	0.017049
66.00	33.20	0.078542
66.00	36.20	0.077714
66.00	39.20	0.122222
66.00	42.20	0.091557
66.00	45.20	0.050642
66.00	48.20	0.044806
66.00	51.20	0.079244
66.00	54.20	0.032948
66.00	57.20	0.036272
66.00	60.20	0.116861
66.00	63.20	0.112943
66.00	66.20	0.149683
66.00	69.20	0.166110
69.00	12.20	-0.083375
69.00	15.20	-0.090510
69.00	18.20	-0.143954
69.00	21.20	-0.078184
69.00	24.20	-0.023466
69.00	27.20	-0.019666
69.00	30.20	0.004327
69.00	33.20	0.057539
69.00	36.20	0.059323
69.00	39.20	0.077879
69.00	42.20	0.063444
69.00	45.20	0.044390
69.00	48.20	0.032804
69.00	51.20	0.060156
69.00	54.20	0.061573
69.00	57.20	0.057416
69.00	60.20	0.074652
69.00	63.20	0.126977
69.00	66.20	0.184373
69.00	69.20	0.254153
72.00	12.20	-0.036284
72.00	15.20	-0.082848
72.00	18.20	-0.136612
72.00	21.20	-0.131925
72.00	24.20	-0.067522
72.00	27.20	-0.039088
72.00	30.20	0.005025
72.00	33.20	0.006596
72.00	36.20	0.026949
72.00	39.20	0.052235
72.00	42.20	0.046224
72.00	45.20	0.057384
72.00	48.20	0.011818
72.00	51.20	0.066077
72.00	54.20	0.057723
72.00	57.20	0.052368
72.00	60.20	0.065918
72.00	63.20	0.121171
72.00	66.20	0.180676
72.00	69.20	0.282650
75.00	12.20	-0.002330
75.00	15.20	-0.093469
75.00	18.20	-0.117660
75.00	21.20	-0.136171
75.00	24.20	-0.041294
75.00	27.20	-0.079802
75.00	30.20	0.018364
75.00	33.20	0.040307
75.00	36.20	0.018685
75.00	39.20	0.046113
75.00	42.20	0.047024
75.00	45.20	0.103081
75.00	48.20	0.020689
75.00	51.20	0.066105
75.00	54.20	0.034699
75.00	57.20	0.073224
75.00	60.20	0.086829
75.00	63.20	0.102993
75.00	66.20	0.170505
75.00	69.20	0.220952
78.00	12.20	0.015679
78.00	15.20	-0.045868
78.00	18.20	-0.109502
78.00	21.20	-0.104059
78.00	24.20	-0.103397
78.00	27.20	-0.117181
78.00	30.20	0.013606
78.00	33.20	-0.005265
78.00	36.20	-0.009217
78.00	39.20	-0.002247
78.00	42.20	0.034089
78.00	45.20	0.091078
78.00	48.20	0.012752
78.00	51.20	0.045845
78.00	54.20	0.007556
78.00	57.20	0.107023
78.00	60.20	0.119316
78.00	63.20	0.117145
78.00	66.20	0.112185
78.00	69.20	0.139498
81.00	12.20	0.007880
81.00	15.20	0.010642
81.00	18.20	-0.082405
81.00	21.20	-0.079511
81.00	24.20	-0.062125
81.00	27.20	-0.099423
81.00	30.20	-0.006919
81.00	33.20	0.016472
81.00	36.20	-0.025363
81.00	39.20	-0.024094
81.00	42.20	0.026616
81.00	45.20	0.110970
81.00	48.20	0.053449
81.00	51.20	0.040176
81.00	54.20	0.025458
81.00	57.20	0.132656
81.00	60.20	0.096516
81.00	63.20	0.109882
81.00	66.20	0.069029
81.00	69.20	0.084064
84.00	12.20	0.041734
84.00	15.20	0.038346
84.00	18.20	-0.025520
84.00	21.20	-0.085579
84.00	24.20	-0.024870
84.00	27.20	-0.056959
84.00	30.20	-0.009419
84.00	33.20	0.039484
84.00	36.20	-0.013598
84.00	39.20	-0.024239
84.00	42.20	0.008162
84.00	45.20	0.119401
84.00	48.20	0.085714
84.00	51.20	0.097527
84.00	54.20	0.069699
84.00	57.20	0.135798
84.00	60.20	0.101518
84.00	63.20	0.091596
84.00	66.20	0.049378
84.00	69.20	0.030770
87.00	12.20	0.021844
87.00	15.20	0.070551
87.00	18.20	-0.015543
87.00	21.20	0.008548
87.00	24.20	0.032332
87.00	27.20	0.000388
87.00	30.20	0.024732
87.00	33.20	0.106659
87.00	36.20	0.011996
87.00	39.20	-0.024739
87.00	42.20	-0.000273
87.00	45.20	0.112990
87.00	48.20	0.123089
87.00	51.20	0.109167
87.00	54.20	0.140728
87.00	57.20	0.110273
87.00	60.20	0.144727
87.00	63.20	0.078366
87.00	66.20	0.062934
87.00	69.20	0.032720
90.00	12.20	0.037166
90.00	15.20	0.092789
90.00	18.20	0.002373
90.00	21.20	0.058551
90.00	24.20	0.047552
90.00	27.20	0.066816
90.00	30.20	0.040096
90.00	33.20	0.082598
90.00	36.20	0.003966
90.00	39.20	-0.009121
90.00	42.20	0.003519
90.00	45.20	0.117961
90.00	48.20	0.173373
90.00	51.20	0.185539
90.00	54.20	0.204342
90.00	57.20	0.127857
90.00	60.20	0.159355
90.00	63.20	0.097643
90.00	66.20	0.080804
90.00	69.20	0.075675
93.00	12.20	0.026782
93.00	15.20	0.089667
93.00	18.20	0.013787
93.00	21.20	0.104679
93.00	24.20	0.135972
93.00	27.20	0.136871
93.00	30.20	0.081496
93.00	33.20	0.078540
93.00	36.20	0.034724
93.00	39.20	0.009836
93.00	42.20	0.020012
93.00	45.20	0.111213
93.00	48.20	0.236984
93.00	51.20	0.266580
93.00	54.20	0.299058
93.00	57.20	0.168179
93.00	60.20	0.124486
93.00	63.20	0.097218
93.00	66.20	0.129134
93.00	69.20	0.151720
96.00	12.20	0.066249
96.00	15.20	0.060891
96.00	18.20	0.043657
96.00	21.20	0.077967
96.00	24.20	0.127710
96.00	27.20	0.127363
96.00	30.20	0.082232
96.00	33.20	0.082822
96.00	36.20	0.049049
96.00	39.20	0.004539
96.00	42.20	0.020210
96.00	45.20	0.118161
96.00	48.20	0.244305
96.00	51.20	0.376042
96.00	54.20	0.322593
96.00	57.20	0.147817
96.00	60.20	0.130205
96.00	63.20	0.089922
96.00	66.20	0.134116
96.00	69.20	0.165109
99.00	12.20	0.016033
99.00	15.20	0.077997
99.00	18.20	-0.003499
99.00	21.20	0.144797
99.00	24.20	0.151306
99.00	27.20	0.151362
99.00	30.20	0.062389
99.00	33.20	0.042337
99.00	36.20	0.024820
99.00	39.20	-0.002268
99.00	42.20	0.010533
99.00	45.20	0.071595
99.00	48.20	0.218717
99.00	51.20	0.360732
99.00	54.20	0.313598
99.00	57.20	0.112762
99.00	60.20	0.173386
99.00	63.20	0.094307
99.00	66.20	0.167663
99.00	69.20	0.176842
102.00	12.20	-0.012683
102.00	15.20	0.057990
102.00	18.20	0.032474
102.00	21.20	0.058260
102.00	24.20	0.098063
102.00	27.20	0.098986
102.00	30.20	0.021527
102.00	33.20	-0.007575
102.00	36.20	0.017802
102.00	39.20	-0.027266
102.00	42.20	-0.012437
102.00	45.20	0.034035
102.00	48.20	0.182151
102.00	51.20	0.330047
102.00	54.20	0.252178
102.00	57.20	0.124794
102.00	60.20	0.163648
102.00	63.20	0.061363
102.00	66.20	0.120738
102.00	69.20	0.133148
105.00	12.20	-0.030566
105.00	15.20	0.036415
105.00	18.20	-0.005421
105.00	21.20	0.039027
105.00	24.20	0.080560
105.00	27.20	0.059017
105.00	30.20	0.007459
105.00	33.20	-0.030294
105.00	36.20	-0.000810
105.00	39.20	-0.073328
105.00	42.20	-0.041958
105.00	45.20	0.014027
105.00	48.20	0.125266
105.00	51.20	0.284233
105.00	54.20	0.190834
105.00	57.20	0.119434
105.00	60.20	0.143746
105.00	63.20	0.033649
105.00	66.20	0.060024
105.00	69.20	0.088106
108.00	12.20	-0.024077
108.00	15.20	0.026853
108.00	18.20	-0.027818
108.00	21.20	-0.033904
108.00	24.20	0.004535
108.00	27.20	-0.003829
108.00	30.20	-0.037040
108.00	33.20	-0.042708
108.00	36.20	-0.038848
108.00	39.20	-0.082937
108.00	42.20	-0.067800
108.00	45.20	0.014348
108.00	48.20	0.062730
108.00	51.20	0.171013
108.00	54.20	0.114569
108.00	57.20	0.047938
108.00	60.20	0.127346
108.00	63.20	0.009404
108.00	66.20	0.022718
108.00	69.20	0.047324
111.00	12.20	-0.067106
111.00	15.20	-0.013599
111.00	18.20	-0.064043
111.00	21.20	-0.067783
111.00	24.20	-0.057493
111.00	27.20	-0.016712
111.00	30.20	-0.043954
111.00	33.20	-0.113238
111.00	36.20	-0.064941
111.00	39.20	-0.082298
111.00	42.20	-0.082916
111.00	45.20	-0.020968
111.00	48.20	0.016200
111.00	51.20	0.021091
111.00	54.20	0.057908
111.00	57.20	0.013494
111.00	60.20	0.099074
111.00	63.20	0.006265
111.00	66.20	0.017271
111.00	69.20	0.033638
114.00	12.20	-0.051363
114.00	15.20	-0.089286
114.00	18.20	-0.063941
114.00	21.20	-0.140360
114.00	24.20	-0.148204
114.00	27.20	-0.136201
114.00	30.20	-0.004047
114.00	33.20	-0.050696
114.00	36.20	-0.079218
114.00	39.20	-0.082101
114.00	42.20	-0.066462
114.00	45.20	-0.023570
114.00	48.20	-0.008650
114.00	51.20	-0.022366
114.00	54.20	0.013304
114.00	57.20	0.000353
114.00	60.20	0.052889
114.00	63.20	0.015585
114.00	66.20	0.022350
114.00	69.20	0.045040
117.00	12.20	-0.040559
117.00	15.20	-0.090013
117.00	18.20	-0.087362
117.00	21.20	-0.170459
117.00	24.20	-0.115649
117.00	27.20	-0.163007
117.00	30.20	-0.003226
117.00	33.20	-0.080315
117.00	36.20	-0.086542
117.00	39.20	-0.070091
117.00	42.20	-0.049281
117.00	45.20	-0.012240
117.00	48.20	-0.014847
117.00	51.20	-0.004144
117.00	54.20	-0.020203
117.00	57.20	-0.007775
117.00	60.20	0.015129
117.00	63.20	0.051361
117.00	66.20	0.063906
117.00	69.20	0.151765
120.00	12.20	-0.065082
120.00	15.20	-0.079704
120.00	18.20	-0.066592
120.00	21.20	-0.155060
120.00	24.20	-0.118362
120.00	27.20	-0.129639
120.00	30.20	-0.016737
120.00	33.20	-0.103352
120.00	36.20	-0.064986
120.00	39.20	-0.044839
120.00	42.20	-0.025985
120.00	45.20	-0.044179
120.00	48.20	-0.037146
120.00	51.20	-0.044032
120.00	54.20	-0.057021
120.00	57.20	-0.057133
120.00	60.20	-0.023766
120.00	63.20	0.049338
120.00	66.20	0.105176
120.00	69.20	0.201403
123.00	12.20	-0.056717
123.00	15.20	-0.096651
123.00	18.20	-0.070462
123.00	21.20	-0.135547
123.00	24.20	-0.125435
123.00	27.20	-0.098410
123.00	30.20	-0.044274
123.00	33.20	-0.062062
123.00	36.20	-0.030648
123.00	39.20	-0.028588
123.00	42.20	-0.012100
123.00	45.20	-0.057155
123.00	48.20	-0.060060
123.00	51.20	-0.034413
123.00	54.20	-0.072892
123.00	57.20	-0.051167
123.00	60.20	-0.042731
123.00	63.20	0.024321
123.00	66.20	0.111149
123.00	69.20	0.184787
126.00	12.20	-0.036226
126.00	15.20	-0.061683
126.00	18.20	-0.055784
126.00	21.20	-0.067849
126.00	24.20	-0.039725
126.00	27.20	-0.078736
126.00	30.20	-0.022811
126.00	33.20	-0.036200
126.00	36.20	0.001083
126.00	39.20	-0.004959
126.00	42.20	0.016200
126.00	45.20	-0.040466
126.00	48.20	-0.058408
126.00	51.20	-0.015318
126.00	54.20	-0.074000
126.00	57.20	-0.037928
126.00	60.20	-0.051043
126.00	63.20	-0.015462
126.00	66.20	0.061610
126.00	69.20	0.137488
129.00	12.20	-0.049854
129.00	15.20	-0.034254
129.00	18.20	-0.025160
129.00	21.20	-0.016242
129.00	24.20	-0.002146
129.00	27.20	-0.000189
129.00	30.20	-0.007296
129.00	33.20	-0.095159
129.00	36.20	0.040870
129.00	39.20	0.014417
129.00	42.20	0.047350
129.00	45.20	-0.012297
129.00	48.20	-0.041843
129.00	51.20	-0.046408
129.00	54.20	-0.097034
129.00	57.20	-0.025403
129.00	60.20	-0.051023
129.00	63.20	-0.036086
129.00	66.20	-0.007338
129.00	69.20	0.081698
132.00	12.20	-0.051970
132.00	15.20	-0.031116
132.00	18.20	-0.013737
132.00	21.20	0.036933
132.00	24.20	-0.013853
132.00	27.20	0.061989
132.00	30.20	-0.008156
132.00	33.20	-0.076680
132.00	36.20	0.050611
132.00	39.20	0.030578
132.00	42.20	0.085471
132.00	45.20	-0.013131
132.00	48.20	-0.049453
132.00	51.20	-0.085708
132.00	54.20	-0.087104
132.00	57.20	-0.019384
132.00	60.20	-0.061591
132.00	63.20	0.012207
132.00	66.20	-0.037130
132.00	69.20	-0.040744
135.00	12.20	-0.041880
135.00	15.20	-0.046519
135.00	18.20	-0.004971
135.00	21.20	0.032955
135.00	24.20	0.000230
135.00	27.20	0.025155
135.00	30.20	-0.039229
135.00	33.20	-0.015955
135.00	36.20	0.055148
135.00	39.20	0.031648
135.00	42.20	0.092452
135.00	45.20	0.020134
135.00	48.20	-0.061497
135.00	51.20	-0.108626
135.00	54.20	-0.046338
135.00	57.20	0.006937
135.00	60.20	-0.043577
135.00	63.20	0.011364
135.00	66.20	-0.081074
135.00	69.20	-0.110552
138.00	12.20	-0.047419
138.00	15.20	-0.039153
138.00	18.20	0.062281
138.00	21.20	0.056731
138.00	24.20	0.023411
138.00	27.20	0.057419
138.00	30.20	-0.029296
138.00	33.20	-0.017458
138.00	36.20	0.041975
138.00	39.20	0.042327
138.00	42.20	0.121052
138.00	45.20	0.034558
138.00	48.20	-0.065344
138.00	51.20	-0.125345
138.00	54.20	-0.045901
138.00	57.20	0.030247
138.00	60.20	-0.028507
138.00	63.20	0.023542
138.00	66.20	-0.092985
138.00	69.20	-0.131199
141.00	12.20	-0.041084
141.00	15.20	-0.064442
141.00	18.20	0.018493
141.00	21.20	0.058833
141.00	24.20	0.008438
141.00	27.20	0.036773
141.00	30.20	-0.039029
141.00	33.20	0.012821
141.00	36.20	0.044768
141.00	39.20	0.035519
141.00	42.20	0.133966
141.00	45.20	0.033326
141.00	48.20	-0.062041
141.00	51.20	-0.142786
141.00	54.20	-0.030250
141.00	57.20	0.028148
141.00	60.20	-0.020030
141.00	63.20	0.027028
141.00	66.20	-0.075326
141.00	69.20	-0.154290
144.00	12.20	-0.040146
144.00	15.20	-0.023788
144.00	18.20	0.011840
144.00	21.20	0.061777
144.00	24.20	0.006976
144.00	27.20	0.026224
144.00	30.20	-0.062696
144.00	33.20	0.037609
144.00	36.20	0.041702
144.00	39.20	0.041172
144.00	42.20	0.113758
144.00	45.20	0.019873
144.00	48.20	-0.083322
144.00	51.20	-0.111661
144.00	54.20	-0.025737
144.00	57.20	-0.002606
144.00	60.20	-0.015087
144.00	63.20	0.019165
144.00	66.20	-0.069656
144.00	69.20	-0.202612
147.00	12.20	-0.022936
147.00	15.20	-0.009026
147.00	18.20	-0.005085
147.00	21.20	0.039213
147.00	24.20	0.055889
147.00	27.20	-0.009803
147.00	30.20	-0.051989
147.00	33.20	0.034937
147.00	36.20	0.020005
147.00	39.20	0.043022
147.00	42.20	0.092577
147.00	45.20	0.004856
147.00	48.20	-0.093815
147.00	51.20	-0.123808
147.00	54.20	-0.045187
147.00	57.20	-0.044782
147.00	60.20	-0.059943
147.00	63.20	-0.081271
147.00	66.20	-0.068961
147.00	69.20	-0.194794
150.00	12.20	0.003621
150.00	15.20	-0.024583
150.00	18.20	-0.025167
150.00	21.20	0.003895
150.00	24.20	0.038722
150.00	27.20	0.050343
150.00	30.20	-0.031817
150.00	33.20	0.020049
150.00	36.20	0.000522
150.00	39.20	0.037198
150.00	42.20	0.069342
150.00	45.20	-0.035129
150.00	48.20	-0.097286
150.00	51.20	-0.125178
150.00	54.20	-0.073700
150.00	57.20	-0.127266
150.00	60.20	-0.122899
150.00	63.20	-0.100209
150.00	66.20	-0.112123
150.00	69.20	-0.139520
153.00	12.20	-0.013244
153.00	15.20	-0.047667
153.00	18.20	-0.082205
153.00	21.20	-0.000295
153.00	24.20	0.034983
153.00	27.20	0.026438
153.00	30.20	-0.011899
153.00	33.20	0.000240
153.00	36.20	-0.019892
153.00	39.20	0.011193
153.00	42.20	0.022053
153.00	45.20	-0.075830
153.00	48.20	-0.079169
153.00	51.20	-0.118531
153.00	54.20	-0.071040
153.00	57.20	-0.163104
153.00	60.20	-0.153920
153.00	63.20	-0.124061
153.00	66.20	-0.143196
153.00	69.20	-0.072920
156.00	12.20	-0.005007
156.00	15.20	0.005500
156.00	18.20	-0.068511
156.00	21.20	-0.029943
156.00	24.20	0.025189
156.00	27.20	-0.020206
156.00	30.20	-0.051908
156.00	33.20	-0.027208
156.00	36.20	-0.044353
156.00	39.20	0.000612
156.00	42.20	-0.015493
156.00	45.20	-0.114416
156.00	48.20	-0.102143
156.00	51.20	-0.106772
156.00	54.20	-0.081104
156.00	57.20	-0.182008
156.00	60.20	-0.171262
156.00	63.20	-0.101016
156.00	66.20	-0.102699
156.00	69.20	-0.004581
159.00	12.20	0.030574
159.00	15.20	-0.035129
159.00	18.20	-0.043689
159.00	21.20	-0.047569
159.00	24.20	0.021958
159.00	27.20	-0.034868
159.00	30.20	-0.084432
159.00	33.20	-0.043386
159.00	36.20	-0.045817
159.00	39.20	-0.024445
159.00	42.20	-0.057602
159.00	45.20	-0.153092
159.00	48.20	-0.103145
159.00	51.20	-0.117889
159.00	54.20	-0.115522
159.00	57.20	-0.163243
159.00	60.20	-0.193092
159.00	63.20	-0.095840
159.00	66.20	-0.071584
159.00	69.20	0.062141
162.00	12.20	0.039857
162.00	15.20	-0.036035
162.00	18.20	-0.031538
162.00	21.20	-0.047237
162.00	24.20	-0.052017
162.00	27.20	-0.011642
162.00	30.20	-0.076549
162.00	33.20	-0.010059
162.00	36.20	-0.032832
162.00	39.20	-0.056205
162.00	42.20	-0.098263
162.00	45.20	-0.167060
162.00	48.20	-0.087437
162.00	51.20	-0.125421
162.00	54.20	-0.125633
162.00	57.20	-0.147718
162.00	60.20	-0.157860
162.00	63.20	-0.082463
162.00	66.20	-0.065116
162.00	69.20	0.071045
165.00	12.20	0.010859
165.00	15.20	-0.001664
165.00	18.20	-0.008583
165.00	21.20	0.011452
165.00	24.20	-0.056357
165.00	27.20	-0.045111
165.00	30.20	-0.117913
165.00	33.20	-0.039710
165.00	36.20	-0.036656
165.00	39.20	-0.078849
165.00	42.20	-0.137170
165.00	45.20	-0.150762
165.00	48.20	-0.065004
165.00	51.20	-0.118314
165.00	54.20	-0.115666
165.00	57.20	-0.076203
165.00	60.20	-0.115041
165.00	63.20	-0.071140
165.00	66.20	-0.022763
165.00	69.20	0.014511
168.00	12.20	0.038687
168.00	15.20	0.034475
168.00	18.20	0.025403
168.00	21.20	0.013181
168.00	24.20	-0.039413
168.00	27.20	-0.017603
168.00	30.20	-0.114754
168.00	33.20	-0.031698
168.00	36.20	-0.030525
168.00	39.20	-0.082300
168.00	42.20	-0.157498
168.00	45.20	-0.140021
168.00	48.20	-0.051159
168.00	51.20	-0.100907
168.00	54.20	-0.087993
168.00	57.20	-0.058852
168.00	60.20	-0.077311
168.00	63.20	-0.084560
168.00	66.20	-0.027937
168.00	69.20	-0.079700
171.00	12.20	0.060520
171.00	15.20	0.053211
171.00	18.20	0.083558
171.00	21.20	0.040030
171.00	24.20	-0.058232
171.00	27.20	0.033149
171.00	30.20	-0.068021
171.00	33.20	-0.012311
171.00	36.20	-0.021980
171.00	39.20	-0.088100
171.00	42.20	-0.161630
171.00	45.20	-0.125899
171.00	48.20	-0.028166
171.00	51.20	-0.074864
171.00	54.20	-0.097385
171.00	57.20	-0.020565
171.00	60.20	-0.052852
171.00	63.20	-0.108051
171.00	66.20	-0.094425
171.00	69.20	-0.158806
174.00	12.20	0.045654
174.00	15.20	0.051679
174.00	18.20	0.087231
174.00	21.20	0.012797
174.00	24.20	0.111958
174.00	27.20	0.018014
174.00	30.20	0.100656
174.00	33.20	-0.024028
174.00	36.20	-0.060935
174.00	39.20	-0.107127
174.00	42.20	-0.170848
174.00	45.20	-0.100743
174.00	48.20	-0.008933
174.00	51.20	-0.024776
174.00	54.20	0.027407
174.00	57.20	-0.024347
174.00	60.20	-0.016695
174.00	63.20	-0.147196
174.00	66.20	-0.182680
174.00	69.20	-0.214472
177.00	12.20	0.073258
177.00	15.20	0.198538
177.00	18.20	0.256453
177.00	21.20	0.082611
177.00	24.20	0.045743
177.00	27.20	-0.022364
177.00	30.20	0.033199
177.00	33.20	-0.003888
177.00	36.20	-0.001069
177.00	39.20	-0.079295
177.00	42.20	-0.150896
177.00	45.20	-0.048551
177.00	48.20	-0.005890
177.00	51.20	-0.007754
177.00	54.20	-0.091483
177.00	57.20	0.072683
177.00	60.20	-0.043002
177.00	63.20	-0.143345
177.00	66.20	-0.179318
177.00	69.20	-0.237169
180.00	12.20	0.074129
180.00	12.20	0.074129
180.00	15.20	0.077011
180.00	15.20	0.077011
180.00	18.20	0.190650
180.00	18.20	0.190650
180.00	21.20	0.170843
180.00	21.20	0.170843
180.00	24.20	0.064250
180.00	24.20	0.064250
180.00	27.20	0.051308
180.00	27.20	0.051308
180.00	30.20	0.024764
180.00	30.20	0.024764
180.00	33.20	-0.100817
180.00	33.20	-0.100817
180.00	36.20	-0.077394
180.00	36.20	-0.077394
180.00	39.20	-0.139352
180.00	39.20	-0.139352
180.00	42.20	-0.176563
180.00	42.20	-0.176563
180.00	45.20	-0.196779
180.00	45.20	-0.196779
180.00	48.20	-0.106276
180.00	48.20	-0.106276
180.00	51.20	-0.110716
180.00	51.20	-0.110716
180.00	54.20	-0.058093
180.00	54.20	-0.058093
180.00	57.20	-0.096896
180.00	57.20	-0.096896
180.00	60.20	-0.154622
180.00	60.20	-0.154622
180.00	63.20	-0.228070
180.00	63.20	-0.228070
180.00	66.20	-0.289695
180.00	66.20	-0.289695
180.00	69.20	-0.164095
180.00	69.20	-0.164095
183.00	12.20	0.010084
183.00	12.20	0.073258
183.00	15.20	0.121499
183.00	15.20	0.198538
183.00	18.20	0.082399
183.00	18.20	0.256453
183.00	21.20	0.125320
183.00	21.20	0.082611
183.00	24.20	0.095667
183.00	24.20	0.045743
183.00	27.20	0.176821
183.00	27.20	-0.022364
183.00	30.20	0.033917
183.00	30.20	0.033199
183.00	33.20	-0.057745
183.00	33.20	-0.003888
183.00	36.20	-0.022072
183.00	36.20	-0.001069
183.00	39.20	-0.127492
183.00	39.20	-0.079295
183.00	42.20	-0.100649
183.00	42.20	-0.150896
183.00	45.20	-0.112731
183.00	45.20	-0.048551
183.00	48.20	-0.096826
183.00	48.20	-0.005890
183.00	51.20	0.026980
183.00	51.20	-0.007754
183.00	54.20	0.031713
183.00	54.20	-0.091483
183.00	57.20	-0.073188
183.00	57.20	0.072683
183.00	60.20	-0.159490
183.00	60.20	-0.043002
183.00	63.20	-0.231320
183.00	63.20	-0.143345
183.00	66.20	-0.230962
183.00	66.20	-0.179318
183.00	69.20	-0.247517
183.00	69.20	-0.237169
186.00	12.20	0.062621
186.00	12.20	0.045654
186.00	15.20	0.129873
186.00	15.20	0.051679
186.00	18.20	0.173349
186.00	18.20	0.087231
186.00	21.20	0.107523
186.00	21.20	0.012797
186.00	24.20	0.069243
186.00	24.20	0.111958
186.00	27.20	0.022438
186.00	27.20	0.018014
186.00	30.20	0.011402
186.00	30.20	0.100656
186.00	33.20	-0.049294
186.00	33.20	-0.024028
186.00	36.20	-0.043346
186.00	36.20	-0.060935
186.00	39.20	-0.103887
186.00	39.20	-0.107127
186.00	42.20	-0.137686
186.00	42.20	-0.170848
186.00	45.20	-0.105865
186.00	45.20	-0.100743
186.00	48.20	-0.039455
186.00	48.20	-0.008933
186.00	51.20	0.021708
186.00	51.20	-0.024776
186.00	54.20	0.030133
186.00	54.20	0.027407
186.00	57.20	-0.043507
186.00	57.20	-0.024347
186.00	60.20	-0.169623
186.00	60.20	-0.016695
186.00	63.20	-0.211971
186.00	63.20	-0.147196
186.00	66.20	-0.179603
186.00	66.20	-0.182680
186.00	69.20	-0.148086
186.00	69.20	-0.214472
189.00	12.20	0.093202
189.00	12.20	0.060520
189.00	15.20	0.129501
189.00	15.20	0.053211
189.00	18.20	0.164007
189.00	18.20	0.083558
189.00	21.20	0.080575
189.00	21.20	0.040030
189.00	24.20	0.061829
189.00	24.20	-0.058232
189.00	27.20	0.018906
189.00	27.20	0.033149
189.00	30.20	0.010701
189.00	30.20	-0.068021
189.00	33.20	-0.016639
189.00	33.20	-0.012311
189.00	36.20	-0.035179
189.00	36.20	-0.021980
189.00	39.20	-0.080603
189.00	39.20	-0.088100
189.00	42.20	-0.130667
189.00	42.20	-0.161630
189.00	45.20	-0.091814
189.00	45.20	-0.125899
189.00	48.20	-0.026131
189.00	48.20	-0.028166
189.00	51.20	0.030770
189.00	51.20	-0.074864
189.00	54.20	0.038677
189.00	54.20	-0.097385
189.00	57.20	-0.032813
189.00	57.20	-0.020565
189.00	60.20	-0.169785
189.00	60.20	-0.052852
189.00	63.20	-0.209717
189.00	63.20	-0.108051
189.00	66.20	-0.170660
189.00	66.20	-0.094425
189.00	69.20	-0.160503
189.00	69.20	-0.158806
192.00	12.20	0.096224
192.00	12.20	0.038687
192.00	15.20	0.131944
192.00	15.20	0.034475
192.00	18.20	0.115948
192.00	18.20	0.025403
192.00	21.20	0.097105
192.00	21.20	0.013181
192.00	24.20	0.049252
192.00	24.20	-0.039413
192.00	27.20	-0.002847
192.00	27.20	-0.017603
192.00	30.20	-0.008551
192.00	30.20	-0.114754
192.00	33.20	-0.010090
192.00	33.20	-0.031698
192.00	36.20	-0.038191
192.00	36.20	-0.030525
192.00	39.20	-0.055074
192.00	39.20	-0.082300
192.00	42.20	-0.145840
192.00	42.20	-0.157498
192.00	45.20	-0.091896
192.00	45.20	-0.140021
192.00	48.20	-0.015029
192.00	48.20	-0.051159
192.00	51.20	0.017600
192.00	51.20	-0.100907
192.00	54.20	-0.001776
192.00	54.20	-0.087993
192.00	57.20	-0.034985
192.00	57.20	-0.058852
192.00	60.20	-0.153870
192.00	60.20	-0.077311
192.00	63.20	-0.185910
192.00	63.20	-0.084560
192.00	66.20	-0.165375
192.00	66.20	-0.027937
192.00	69.20	-0.160480
192.00	69.20	-0.079700
195.00	12.20	0.063229
195.00	12.20	0.010859
195.00	15.20	0.093029
195.00	15.20	-0.001664
195.00	18.20	0.098693
195.00	18.20	-0.008583
195.00	21.20	0.069948
195.00	21.20	0.011452
195.00	24.20	-0.000335
195.00	24.20	-0.056357
195.00	27.20	0.041100
195.00	27.20	-0.045111
195.00	30.20	0.041036
195.00	30.20	-0.117913
195.00	33.20	0.000151
195.00	33.20	-0.039710
195.00	36.20	-0.060265
195.00	36.20	-0.036656
195.00	39.20	-0.093673
195.00	39.20	-0.078849
195.00	42.20	-0.162627
195.00	42.20	-0.137170
195.00	45.20	-0.092700
195.00	45.20	-0.150762
195.00	48.20	-0.016766
195.00	48.20	-0.065004
195.00	51.20	-0.020264
195.00	51.20	-0.118314
195.00	54.20	-0.027783
195.00	54.20	-0.115666
195.00	57.20	-0.041756
195.00	57.20	-0.076203
195.00	60.20	-0.109847
195.00	60.20	-0.115041
195.00	63.20	-0.182247
195.00	63.20	-0.071140
195.00	66.20	-0.158932
195.00	66.20	-0.022763
195.00	69.20	-0.171713
195.00	69.20	0.014511
198.00	12.20	0.032517
198.00	12.20	0.039857
198.00	15.20	0.064545
198.00	15.20	-0.036035
198.00	18.20	0.112416
198.00	18.20	-0.031538
198.00	21.20	0.050324
198.00	21.20	-0.047237
198.00	24.20	0.012694
198.00	24.20	-0.052017
198.00	27.20	0.050505
198.00	27.20	-0.011642
198.00	30.20	0.046488
198.00	30.20	-0.076549
198.00	33.20	0.005224
198.00	33.20	-0.010059
198.00	36.20	-0.104199
198.00	36.20	-0.032832
198.00	39.20	-0.104652
198.00	39.20	-0.056205
198.00	42.20	-0.166904
198.00	42.20	-0.098263
198.00	45.20	-0.073661
198.00	45.20	-0.167060
198.00	48.20	-0.037294
198.00	48.20	-0.087437
198.00	51.20	-0.077686
198.00	51.20	-0.125421
198.00	54.20	-0.054555
198.00	54.20	-0.125633
198.00	57.20	-0.068805
198.00	57.20	-0.147718
198.00	60.20	-0.108314
198.00	60.20	-0.157860
198.00	63.20	-0.140837
198.00	63.20	-0.082463
198.00	66.20	-0.152089
198.00	66.20	-0.065116
198.00	69.20	-0.186310
198.00	69.20	0.071045
201.00	12.20	0.049953
201.00	12.20	0.030574
201.00	15.20	0.033548
201.00	15.20	-0.035129
201.00	18.20	0.093986
201.00	18.20	-0.043689
201.00	21.20	0.009674
201.00	21.20	-0.047569
201.00	24.20	0.029398
201.00	24.20	0.021958
201.00	27.20	0.046387
201.00	27.20	-0.034868
201.00	30.20	0.023167
201.00	30.20	-0.084432
201.00	33.20	-0.017939
201.00	33.20	-0.043386
201.00	36.20	-0.115193
201.00	36.20	-0.045817
201.00	39.20	-0.086657
201.00	39.20	-0.024445
201.00	42.20	-0.153452
201.00	42.20	-0.057602
201.00	45.20	-0.066534
201.00	45.20	-0.153092
201.00	48.20	-0.049510
201.00	48.20	-0.103145
201.00	51.20	-0.100219
201.00	51.20	-0.117889
201.00	54.20	-0.110723
201.00	54.20	-0.115522
201.00	57.20	-0.092972
201.00	57.20	-0.163243
201.00	60.20	-0.082988
201.00	60.20	-0.193092
201.00	63.20	-0.110147
201.00	63.20	-0.095840
201.00	66.20	-0.125099
201.00	66.20	-0.071584
201.00	69.20	-0.154047
201.00	69.20	0.062141
204.00	12.20	0.022264
204.00	12.20	-0.005007
204.00	15.20	0.012827
204.00	15.20	0.005500
204.00	18.20	0.045246
204.00	18.20	-0.068511
204.00	21.20	-0.020469
204.00	21.20	-0.029943
204.00	24.20	0.018946
204.00	24.20	0.025189
204.00	27.20	0.028407
204.00	27.20	-0.020206
204.00	30.20	-0.006167
204.00	30.20	-0.051908
204.00	33.20	-0.016237
204.00	33.20	-0.027208
204.00	36.20	-0.118928
204.00	36.20	-0.044353
204.00	39.20	-0.097077
204.00	39.20	0.000612
204.00	42.20	-0.122064
204.00	42.20	-0.015493
204.00	45.20	-0.041094
204.00	45.20	-0.114416
204.00	48.20	-0.032204
204.00	48.20	-0.102143
204.00	51.20	-0.116656
204.00	51.20	-0.106772
204.00	54.20	-0.141007
204.00	54.20	-0.081104
204.00	57.20	-0.102147
204.00	57.20	-0.182008
204.00	60.20	-0.075398
204.00	60.20	-0.171262
204.00	63.20	-0.057809
204.00	63.20	-0.101016
204.00	66.20	-0.067614
204.00	66.20	-0.102699
204.00	69.20	-0.091126
204.00	69.20	-0.004581
207.00	12.20	0.032769
207.00	12.20	-0.013244
207.00	15.20	-0.020833
207.00	15.20	-0.047667
207.00	18.20	0.030827
207.00	18.20	-0.082205
207.00	21.20	-0.058020
207.00	21.20	-0.000295
207.00	24.20	-0.016585
207.00	24.20	0.034983
207.00	27.20	-0.046880
207.00	27.20	0.026438
207.00	30.20	0.023367
207.00	30.20	-0.011899
207.00	33.20	-0.041560
207.00	33.20	0.000240
207.00	36.20	-0.105532
207.00	36.20	-0.019892
207.00	39.20	-0.051146
207.00	39.20	0.011193
207.00	42.20	-0.079736
207.00	42.20	0.022053
207.00	45.20	-0.047271
207.00	45.20	-0.075830
207.00	48.20	-0.031715
207.00	48.20	-0.079169
207.00	51.20	-0.098867
207.00	51.20	-0.118531
207.00	54.20	-0.135838
207.00	54.20	-0.071040
207.00	57.20	-0.105904
207.00	57.20	-0.163104
207.00	60.20	-0.053039
207.00	60.20	-0.153920
207.00	63.20	-0.040809
207.00	63.20	-0.124061
207.00	66.20	-0.006392
207.00	66.20	-0.143196
207.00	69.20	-0.017552
207.00	69.20	-0.072920
210.00	12.20	0.023302
210.00	12.20	0.003621
210.00	15.20	-0.027491
210.00	15.20	-0.024583
210.00	18.20	0.008327
210.00	18.20	-0.025167
210.00	21.20	-0.064598
210.00	21.20	0.003895
210.00	24.20	0.029100
210.00	24.20	0.038722
210.00	27.20	-0.070905
210.00	27.20	0.050343
210.00	30.20	-0.038354
210.00	30.20	-0.031817
210.00	33.20	-0.040035
210.00	33.20	0.020049
210.00	36.20	-0.066089
210.00	36.20	0.000522
210.00	39.20	-0.016427
210.00	39.20	0.037198
210.00	42.20	-0.054790
210.00	42.20	0.069342
210.00	45.20	-0.032474
210.00	45.20	-0.035129
210.00	48.20	-0.045752
210.00	48.20	-0.097286
210.00	51.20	-0.104211
210.00	51.20	-0.125178
210.00	54.20	-0.153927
210.00	54.20	-0.073700
210.00	57.20	-0.114351
210.00	57.20	-0.127266
210.00	60.20	-0.078900
210.00	60.20	-0.122899
210.00	63.20	-0.030347
210.00	63.20	-0.100209
210.00	66.20	0.028134
210.00	66.20	-0.112123
210.00	69.20	0.032688
210.00	69.20	-0.139520
213.00	12.20	0.049903
213.00	12.20	-0.022936
213.00	15.20	-0.029240
213.00	15.20	-0.009026
213.00	18.20	-0.033114
213.00	18.20	-0.005085
213.00	21.20	-0.051882
213.00	21.20	0.039213
213.00	24.20	-0.030687
213.00	24.20	0.055889
213.00	27.20	-0.093827
213.00	27.20	-0.009803
213.00	30.20	-0.059160
213.00	30.20	-0.051989
213.00	33.20	-0.045509
213.00	33.20	0.034937
213.00	36.20	-0.008642
213.00	36.20	0.020005
213.00	39.20	0.024284
213.00	39.20	0.043022
213.00	42.20	-0.028686
213.00	42.20	0.092577
213.00	45.20	-0.024248
213.00	45.20	0.004856
213.00	48.20	-0.043894
213.00	48.20	-0.093815
213.00	51.20	-0.099306
213.00	51.20	-0.123808
213.00	54.20	-0.165027
213.00	54.20	-0.045187
213.00	57.20	-0.113961
213.00	57.20	-0.044782
213.00	60.20	-0.071748
213.00	60.20	-0.059943
213.00	63.20	-0.023085
213.00	63.20	-0.081271
213.00	66.20	0.034814
213.00	66.20	-0.068961
213.00	69.20	0.077014
213.00	69.20	-0.194794
216.00	12.20	0.025587
216.00	12.20	-0.040146
216.00	15.20	-0.014710
216.00	15.20	-0.023788
216.00	18.20	-0.030453
216.00	18.20	0.011840
216.00	21.20	-0.009491
216.00	21.20	0.061777
216.00	24.20	-0.073184
216.00	24.20	0.006976
216.00	27.20	-0.036936
216.00	27.20	0.026224
216.00	30.20	-0.055163
216.00	30.20	-0.062696
216.00	33.20	-0.015295
216.00	33.20	0.037609
216.00	36.20	0.029021
216.00	36.20	0.041702
216.00	39.20	0.040533
216.00	39.20	0.041172
216.00	42.20	0.014307
216.00	42.20	0.113758
216.00	45.20	-0.005964
216.00	45.20	0.019873
216.00	48.20	-0.027262
216.00	48.20	-0.083322
216.00	51.20	-0.072588
216.00	51.20	-0.111661
216.00	54.20	-0.114310
216.00	54.20	-0.025737
216.00	57.20	-0.088237
216.00	57.20	-0.002606
216.00	60.20	-0.056670
216.00	60.20	-0.015087
216.00	63.20	-0.026658
216.00	63.20	0.019165
216.00	66.20	0.021359
216.00	66.20	-0.069656
216.00	69.20	0.060630
216.00	69.20	-0.202612
219.00	12.20	0.006680
219.00	12.20	-0.041084
219.00	15.20	-0.004670
219.00	15.20	-0.064442
219.00	18.20	0.000346
219.00	18.20	0.018493
219.00	21.20	-0.025845
219.00	21.20	0.058833
219.00	24.20	-0.100398
219.00	24.20	0.008438
219.00	27.20	-0.012762
219.00	27.20	0.036773
219.00	30.20	-0.003937
219.00	30.20	-0.039029
219.00	33.20	-0.006810
219.00	33.20	0.012821
219.00	36.20	0.066376
219.00	36.20	0.044768
219.00	39.20	0.091930
219.00	39.20	0.035519
219.00	42.20	0.069023
219.00	42.20	0.133966
219.00	45.20	0.025578
219.00	45.20	0.033326
219.00	48.20	-0.044577
219.00	48.20	-0.062041
219.00	51.20	-0.024650
219.00	51.20	-0.142786
219.00	54.20	-0.062725
219.00	54.20	-0.030250
219.00	57.20	-0.064827
219.00	57.20	0.028148
219.00	60.20	-0.019383
219.00	60.20	-0.020030
219.00	63.20	-0.018275
219.00	63.20	0.027028
219.00	66.20	0.025651
219.00	66.20	-0.075326
219.00	69.20	0.028729
219.00	69.20	-0.154290
222.00	12.20	-0.027818
222.00	12.20	-0.047419
222.00	15.20	0.003566
222.00	15.20	-0.039153
222.00	18.20	0.049227
222.00	18.20	0.062281
222.00	21.20	-0.023766
222.00	21.20	0.056731
222.00	24.20	-0.074356
222.00	24.20	0.023411
222.00	27.20	0.051126
222.00	27.20	0.057419
222.00	30.20	-0.023348
222.00	30.20	-0.029296
222.00	33.20	0.041576
222.00	33.20	-0.017458
222.00	36.20	0.090983
222.00	36.20	0.041975
222.00	39.20	0.100699
222.00	39.20	0.042327
222.00	42.20	0.113721
222.00	42.20	0.121052
222.00	45.20	0.081620
222.00	45.20	0.034558
222.00	48.20	-0.025331
222.00	48.20	-0.065344
222.00	51.20	-0.040753
222.00	51.20	-0.125345
222.00	54.20	-0.057849
222.00	54.20	-0.045901
222.00	57.20	-0.029967
222.00	57.20	0.030247
222.00	60.20	0.011076
222.00	60.20	-0.028507
222.00	63.20	-0.004176
222.00	63.20	0.023542
222.00	66.20	0.013782
222.00	66.20	-0.092985
222.00	69.20	-0.002541
222.00	69.20	-0.131199
225.00	12.20	-0.021919
225.00	12.20	-0.041880
225.00	15.20	-0.004305
225.00	15.20	-0.046519
225.00	18.20	0.004427
225.00	18.20	-0.004971
225.00	21.20	-0.024795
225.00	21.20	0.032955
225.00	24.20	-0.102588
225.00	24.20	0.000230
225.00	27.20	0.053142
225.00	27.20	0.025155
225.00	30.20	0.043418
225.00	30.20	-0.039229
225.00	33.20	0.055938
225.00	33.20	-0.015955
225.00	36.20	0.114109
225.00	36.20	0.055148
225.00	39.20	0.147064
225.00	39.20	0.031648
225.00	42.20	0.160792
225.00	42.20	0.092452
225.00	45.20	0.129563
225.00	45.20	0.020134
225.00	48.20	0.027286
225.00	48.20	-0.061497
225.00	51.20	-0.031064
225.00	51.20	-0.108626
225.00	54.20	-0.017805
225.00	54.20	-0.046338
225.00	57.20	0.026653
225.00	57.20	0.006937
225.00	60.20	0.054078
225.00	60.20	-0.043577
225.00	63.20	0.122236
225.00	63.20	0.011364
225.00	66.20	0.061758
225.00	66.20	-0.081074
225.00	69.20	-0.012940
225.00	69.20	-0.110552
228.00	12.20	-0.053795
228.00	12.20	-0.051970
228.00	15.20	-0.010748
228.00	15.20	-0.031116
228.00	18.20	0.036647
228.00	18.20	-0.013737
228.00	21.20	-0.030412
228.00	21.20	0.036933
228.00	24.20	-0.030189
228.00	24.20	-0.013853
228.00	27.20	0.071533
228.00	27.20	0.061989
228.00	30.20	0.072041
228.00	30.20	-0.008156
228.00	33.20	0.100434
228.00	33.20	-0.076680
228.00	36.20	0.125611
228.00	36.20	0.050611
228.00	39.20	0.172065
228.00	39.20	0.030578
228.00	42.20	0.200922
228.00	42.20	0.085471
228.00	45.20	0.150631
228.00	45.20	-0.013131
228.00	48.20	0.024943
228.00	48.20	-0.049453
228.00	51.20	-0.021559
228.00	51.20	-0.085708
228.00	54.20	0.014987
228.00	54.20	-0.087104
228.00	57.20	0.078291
228.00	57.20	-0.019384
228.00	60.20	0.120956
228.00	60.20	-0.061591
228.00	63.20	0.167590
228.00	63.20	0.012207
228.00	66.20	0.097664
228.00	66.20	-0.037130
228.00	69.20	-0.036002
228.00	69.20	-0.040744
231.00	12.20	-0.054454
231.00	12.20	-0.049854
231.00	15.20	-0.027766
231.00	15.20	-0.034254
231.00	18.20	0.008255
231.00	18.20	-0.025160
231.00	21.20	-0.012866
231.00	21.20	-0.016242
231.00	24.20	0.002496
231.00	24.20	-0.002146
231.00	27.20	0.039963
231.00	27.20	-0.000189
231.00	30.20	0.119466
231.00	30.20	-0.007296
231.00	33.20	0.076194
231.00	33.20	-0.095159
231.00	36.20	0.106390
231.00	36.20	0.040870
231.00	39.20	0.188523
231.00	39.20	0.014417
231.00	42.20	0.246167
231.00	42.20	0.047350
231.00	45.20	0.170720
231.00	45.20	-0.012297
231.00	48.20	0.013939
231.00	48.20	-0.041843
231.00	51.20	-0.020822
231.00	51.20	-0.046408
231.00	54.20	0.038025
231.00	54.20	-0.097034
231.00	57.20	0.109054
231.00	57.20	-0.025403
231.00	60.20	0.149247
231.00	60.20	-0.051023
231.00	63.20	0.241590
231.00	63.20	-0.036086
231.00	66.20	0.147701
231.00	66.20	-0.007338
231.00	69.20	-0.011447
231.00	69.20	0.081698
234.00	12.20	-0.021412
234.00	12.20	-0.036226
234.00	15.20	-0.064006
234.00	15.20	-0.061683
234.00	18.20	-0.023565
234.00	18.20	-0.055784
234.00	21.20	0.059222
234.00	21.20	-0.067849
234.00	24.20	0.026261
234.00	24.20	-0.039725
234.00	27.20	-0.021928
234.00	27.20	-0.078736
234.00	30.20	0.082907
234.00	30.20	-0.022811
234.00	33.20	0.090317
234.00	33.20	-0.036200
234.00	36.20	0.098853
234.00	36.20	0.001083
234.00	39.20	0.193301
234.00	39.20	-0.004959
234.00	42.20	0.240734
234.00	42.20	0.016200
234.00	45.20	0.168115
234.00	45.20	-0.040466
234.00	48.20	0.041636
234.00	48.20	-0.058408
234.00	51.20	-0.026151
234.00	51.20	-0.015318
234.00	54.20	0.029345
234.00	54.20	-0.074000
234.00	57.20	0.119983
234.00	57.20	-0.037928
234.00	60.20	0.185948
234.00	60.20	-0.051043
234.00	63.20	0.235235
234.00	63.20	-0.015462
234.00	66.20	0.122587
234.00	66.20	0.061610
234.00	69.20	-0.009590
234.00	69.20	0.137488
237.00	12.20	-0.025978
237.00	12.20	-0.056717
237.00	15.20	-0.086055
237.00	15.20	-0.096651
237.00	18.20	-0.082609
237.00	18.20	-0.070462
237.00	21.20	0.090555
237.00	21.20	-0.135547
237.00	24.20	0.022300
237.00	24.20	-0.125435
237.00	27.20	-0.016193
237.00	27.20	-0.098410
237.00	30.20	0.071672
237.00	30.20	-0.044274
237.00	33.20	0.095535
237.00	33.20	-0.062062
237.00	36.20	0.094919
237.00	36.20	-0.030648
237.00	39.20	0.190487
237.00	39.20	-0.028588
237.00	42.20	0.215922
237.00	42.20	-0.012100
237.00	45.20	0.149941
237.00	45.20	-0.057155
237.00	48.20	0.059522
237.00	48.20	-0.060060
237.00	51.20	0.004519
237.00	51.20	-0.034413
237.00	54.20	0.038768
237.00	54.20	-0.072892
237.00	57.20	0.130490
237.00	57.20	-0.051167
237.00	60.20	0.167470
237.00	60.20	-0.042731
237.00	63.20	0.244991
237.00	63.20	0.024321
237.00	66.20	0.123395
237.00	66.20	0.111149
237.00	69.20	-0.026510
237.00	69.20	0.184787
240.00	12.20	-0.048723
240.00	12.20	-0.065082
240.00	15.20	-0.078638
240.00	15.20	-0.079704
240.00	18.20	-0.074674
240.00	18.20	-0.066592
240.00	21.20	0.058269
240.00	21.20	-0.155060
240.00	24.20	0.014429
240.00	24.20	-0.118362
240.00	27.20	-0.015607
240.00	27.20	-0.129639
240.00	30.20	0.047165
240.00	30.20	-0.016737
240.00	33.20	0.075595
240.00	33.20	-0.103352
240.00	36.20	0.081949
240.00	36.20	-0.064986
240.00	39.20	0.157519
240.00	39.20	-0.044839
240.00	42.20	0.186027
240.00	42.20	-0.025985
240.00	45.20	0.078291
240.00	45.20	-0.044179
240.00	48.20	0.034606
240.00	48.20	-0.037146
240.00	51.20	0.019965
240.00	51.20	-0.044032
240.00	54.20	0.050972
240.00	54.20	-0.057021
240.00	57.20	0.096491
240.00	57.20	-0.057133
240.00	60.20	0.151637
240.00	60.20	-0.023766
240.00	63.20	0.156831
240.00	63.20	0.049338
240.00	66.20	0.105299
240.00	66.20	0.105176
240.00	69.20	0.012800
240.00	69.20	0.201403
243.00	12.20	-0.047086
243.00	12.20	-0.040559
243.00	15.20	-0.091559
243.00	15.20	-0.090013
243.00	18.20	-0.109690
243.00	18.20	-0.087362
243.00	21.20	0.005611
243.00	21.20	-0.170459
243.00	24.20	0.038931
243.00	24.20	-0.115649
243.00	27.20	-0.052395
243.00	27.20	-0.163007
243.00	30.20	0.014418
243.00	30.20	-0.003226
243.00	33.20	0.068703
243.00	33.20	-0.080315
243.00	36.20	0.073344
243.00	36.20	-0.086542
243.00	39.20	0.148567
243.00	39.20	-0.070091
243.00	42.20	0.155057
243.00	42.20	-0.049281
243.00	45.20	0.080054
243.00	45.20	-0.012240
243.00	48.20	0.055996
243.00	48.20	-0.014847
243.00	51.20	0.069404
243.00	51.20	-0.004144
243.00	54.20	0.063806
243.00	54.20	-0.020203
243.00	57.20	0.047156
243.00	57.20	-0.007775
243.00	60.20	0.128892
243.00	60.20	0.015129
243.00	63.20	0.138844
243.00	63.20	0.051361
243.00	66.20	0.123157
243.00	66.20	0.063906
243.00	69.20	0.097589
243.00	69.20	0.151765
246.00	12.20	-0.057766
246.00	12.20	-0.051363
246.00	15.20	-0.105857
246.00	15.20	-0.089286
246.00	18.20	-0.113424
246.00	18.20	-0.063941
246.00	21.20	-0.017381
246.00	21.20	-0.140360
246.00	24.20	-0.008440
246.00	24.20	-0.148204
246.00	27.20	-0.057222
246.00	27.20	-0.136201
246.00	30.20	0.017050
246.00	30.20	-0.004047
246.00	33.20	0.078542
246.00	33.20	-0.050696
246.00	36.20	0.077714
246.00	36.20	-0.079218
246.00	39.20	0.122222
246.00	39.20	-0.082101
246.00	42.20	0.091557
246.00	42.20	-0.066462
246.00	45.20	0.050642
246.00	45.20	-0.023570
246.00	48.20	0.044806
246.00	48.20	-0.008650
246.00	51.20	0.079244
246.00	51.20	-0.022366
246.00	54.20	0.032949
246.00	54.20	0.013304
246.00	57.20	0.036272
246.00	57.20	0.000353
246.00	60.20	0.116861
246.00	60.20	0.052889
246.00	63.20	0.112942
246.00	63.20	0.015585
246.00	66.20	0.149682
246.00	66.20	0.022350
246.00	69.20	0.166108
246.00	69.20	0.045040
249.00	12.20	-0.083375
249.00	12.20	-0.067106
249.00	15.20	-0.090510
249.00	15.20	-0.013599
249.00	18.20	-0.143953
249.00	18.20	-0.064043
249.00	21.20	-0.078183
249.00	21.20	-0.067783
249.00	24.20	-0.023466
249.00	24.20	-0.057493
249.00	27.20	-0.019666
249.00	27.20	-0.016712
249.00	30.20	0.004327
249.00	30.20	-0.043954
249.00	33.20	0.057539
249.00	33.20	-0.113238
249.00	36.20	0.059323
249.00	36.20	-0.064941
249.00	39.20	0.077879
249.00	39.20	-0.082298
249.00	42.20	0.063444
249.00	42.20	-0.082916
249.00	45.20	0.044389
249.00	45.20	-0.020968
249.00	48.20	0.032803
249.00	48.20	0.016200
249.00	51.20	0.060155
249.00	51.20	0.021091
249.00	54.20	0.061571
249.00	54.20	0.057908
249.00	57.20	0.057416
249.00	57.20	0.013494
249.00	60.20	0.074651
249.00	60.20	0.099074
249.00	63.20	0.126977
249.00	63.20	0.006265
249.00	66.20	0.184373
249.00	66.20	0.017271
249.00	69.20	0.254152
249.00	69.20	0.033638
252.00	12.20	-0.036285
252.00	12.20	-0.024077
252.00	15.20	-0.082849
252.00	15.20	0.026853
252.00	18.20	-0.136612
252.00	18.20	-0.027818
252.00	21.20	-0.131925
252.00	21.20	-0.033904
252.00	24.20	-0.067522
252.00	24.20	0.004535
252.00	27.20	-0.039088
252.00	27.20	-0.003829
252.00	30.20	0.005025
252.00	30.20	-0.037040
252.00	33.20	0.006595
252.00	33.20	-0.042708
252.00	36.20	0.026949
252.00	36.20	-0.038848
252.00	39.20	0.052235
252.00	39.20	-0.082937
252.00	42.20	0.046225
252.00	42.20	-0.067800
252.00	45.20	0.057384
252.00	45.20	0.014348
252.00	48.20	0.011818
252.00	48.20	0.062730
252.00	51.20	0.066077
252.00	51.20	0.171013
252.00	54.20	0.057723
252.00	54.20	0.114569
252.00	57.20	0.052368
252.00	57.20	0.047938
252.00	60.20	0.065919
252.00	60.20	0.127346
252.00	63.20	0.121172
252.00	63.20	0.009404
252.00	66.20	0.180676
252.00	66.20	0.022718
252.00	69.20	0.282651
252.00	69.20	0.047324
255.00	12.20	-0.002329
255.00	12.20	-0.030566
255.00	15.20	-0.093469
255.00	15.20	0.036415
255.00	18.20	-0.117660
255.00	18.20	-0.005421
255.00	21.20	-0.136170
255.00	21.20	0.039027
255.00	24.20	-0.041293
255.00	24.20	0.080560
255.00	27.20	-0.079802
255.00	27.20	0.059017
255.00	30.20	0.018365
255.00	30.20	0.007459
255.00	33.20	0.040307
255.00	33.20	-0.030294
255.00	36.20	0.018684
255.00	36.20	-0.000810
255.00	39.20	0.046112
255.00	39.20	-0.073328
255.00	42.20	0.047022
255.00	42.20	-0.041958
255.00	45.20	0.103080
255.00	45.20	0.014027
255.00	48.20	0.020689
255.00	48.20	0.125266
255.00	51.20	0.066105
255.00	51.20	0.284233
255.00	54.20	0.034699
255.00	54.20	0.190834
255.00	57.20	0.073222
255.00	57.20	0.119434
255.00	60.20	0.086828
255.00	60.20	0.143746
255.00	63.20	0.102992
255.00	63.20	0.033649
255.00	66.20	0.170504
255.00	66.20	0.060024
255.00	69.20	0.220951
255.00	69.20	0.088106
258.00	12.20	0.015679
258.00	12.20	-0.012683
258.00	15.20	-0.045868
258.00	15.20	0.057990
258.00	18.20	-0.109502
258.00	18.20	0.032474
258.00	21.20	-0.104060
258.00	21.20	0.058260
258.00	24.20	-0.103397
258.00	24.20	0.098063
258.00	27.20	-0.117182
258.00	27.20	0.098986
258.00	30.20	0.013606
258.00	30.20	0.021527
258.00	33.20	-0.005266
258.00	33.20	-0.007575
258.00	36.20	-0.009219
258.00	36.20	0.017802
258.00	39.20	-0.002249
258.00	39.20	-0.027266
258.00	42.20	0.034086
258.00	42.20	-0.012437
258.00	45.20	0.091077
258.00	45.20	0.034035
258.00	48.20	0.012753
258.00	48.20	0.182151
258.00	51.20	0.045846
258.00	51.20	0.330047
258.00	54.20	0.007557
258.00	54.20	0.252178
258.00	57.20	0.107023
258.00	57.20	0.124794
258.00	60.20	0.119316
258.00	60.20	0.163648
258.00	63.20	0.117144
258.00	63.20	0.061363
258.00	66.20	0.112185
258.00	66.20	0.120738
258.00	69.20	0.139498
258.00	69.20	0.133148
261.00	12.20	0.007880
261.00	12.20	0.016033
261.00	15.20	0.010642
261.00	15.20	0.077997
261.00	18.20	-0.082405
261.00	18.20	-0.003499
261.00	21.20	-0.079511
261.00	21.20	0.144797
261.00	24.20	-0.062125
261.00	24.20	0.151306
261.00	27.20	-0.099423
261.00	27.20	0.151362
261.00	30.20	-0.006919
261.00	30.20	0.062389
261.00	33.20	0.016472
261.00	33.20	0.042337
261.00	36.20	-0.025363
261.00	36.20	0.024820
261.00	39.20	-0.024093
261.00	39.20	-0.002268
261.00	42.20	0.026616
261.00	42.20	0.010533
261.00	45.20	0.110970
261.00	45.20	0.071595
261.00	48.20	0.053449
261.00	48.20	0.218717
261.00	51.20	0.040175
261.00	51.20	0.360732
261.00	54.20	0.025457
261.00	54.20	0.313598
261.00	57.20	0.132655
261.00	57.20	0.112762
261.00	60.20	0.096515
261.00	60.20	0.173386
261.00	63.20	0.109882
261.00	63.20	0.094307
261.00	66.20	0.069028
261.00	66.20	0.167663
261.00	69.20	0.084064
261.00	69.20	0.176842
264.00	12.20	0.041734
264.00	12.20	0.066249
264.00	15.20	0.038346
264.00	15.20	0.060891
264.00	18.20	-0.025520
264.00	18.20	0.043657
264.00	21.20	-0.085579
264.00	21.20	0.077967
264.00	24.20	-0.024870
264.00	24.20	0.127710
264.00	27.20	-0.056959
264.00	27.20	0.127363
264.00	30.20	-0.009419
264.00	30.20	0.082232
264.00	33.20	0.039484
264.00	33.20	0.082822
264.00	36.20	-0.013598
264.00	36.20	0.049049
264.00	39.20	-0.024240
264.00	39.20	0.004539
264.00	42.20	0.008162
264.00	42.20	0.020210
264.00	45.20	0.119401
264.00	45.20	0.118161
264.00	48.20	0.085714
264.00	48.20	0.244305
264.00	51.20	0.097527
264.00	51.20	0.376042
264.00	54.20	0.069700
264.00	54.20	0.322593
264.00	57.20	0.135798
264.00	57.20	0.147817
264.00	60.20	0.101518
264.00	60.20	0.130205
264.00	63.20	0.091596
264.00	63.20	0.089922
264.00	66.20	0.049378
264.00	66.20	0.134116
264.00	69.20	0.030770
264.00	69.20	0.165109
267.00	12.20	0.021845
267.00	12.20	0.026782
267.00	15.20	0.070552
267.00	15.20	0.089667
267.00	18.20	-0.015542
267.00	18.20	0.013787
267.00	21.20	0.008548
267.00	21.20	0.104679
267.00	24.20	0.032331
267.00	24.20	0.135972
267.00	27.20	0.000388
267.00	27.20	0.136871
267.00	30.20	0.024732
267.00	30.20	0.081496
267.00	33.20	0.106659
267.00	33.20	0.078540
267.00	36.20	0.011996
267.00	36.20	0.034724
267.00	39.20	-0.024739
267.00	39.20	0.009836
267.00	42.20	-0.000274
267.00	42.20	0.020012
267.00	45.20	0.112990
267.00	45.20	0.111213
267.00	48.20	0.123089
267.00	48.20	0.236984
267.00	51.20	0.109167
267.00	51.20	0.266580
267.00	54.20	0.140727
267.00	54.20	0.299058
267.00	57.20	0.110273
267.00	57.20	0.168179
267.00	60.20	0.144727
267.00	60.20	0.124486
267.00	63.20	0.078366
267.00	63.20	0.097218
267.00	66.20	0.062934
267.00	66.20	0.129134
267.00	69.20	0.032719
267.00	69.20	0.151720
270.00	12.20	0.037166
270.00	12.20	0.037166
270.00	15.20	0.092790
270.00	15.20	0.092789
270.00	18.20	0.002374
270.00	18.20	0.002373
270.00	21.20	0.058550
270.00	21.20	0.058551
270.00	24.20	0.047551
270.00	24.20	0.047552
270.00	27.20	0.066815
270.00	27.20	0.066816
270.00	30.20	0.040096
270.00	30.20	0.040096
270.00	33.20	0.082597
270.00	33.20	0.082598
270.00	36.20	0.003965
270.00	36.20	0.003966
270.00	39.20	-0.009122
270.00	39.20	-0.009121
270.00	42.20	0.003517
270.00	42.20	0.003519
270.00	45.20	0.117960
270.00	45.20	0.117961
270.00	48.20	0.173373
270.00	48.20	0.173373
270.00	51.20	0.185539
270.00	51.20	0.185539
270.00	54.20	0.204342
270.00	54.20	0.204342
270.00	57.20	0.127856
270.00	57.20	0.127857
270.00	60.20	0.159354
270.00	60.20	0.159355
270.00	63.20	0.097642
270.00	63.20	0.097643
270.00	66.20	0.080804
270.00	66.20	0.080804
270.00	69.20	0.075675
270.00	69.20	0.075675
273.00	12.20	0.026782
273.00	12.20	0.021844
273.00	15.20	0.089666
273.00	15.20	0.070551
273.00	18.20	0.013787
273.00	18.20	-0.015543
273.00	21.20	0.104678
273.00	21.20	0.008548
273.00	24.20	0.135971
273.00	24.20	0.032332
273.00	27.20	0.136869
273.00	27.20	0.000388
273.00	30.20	0.081495
273.00	30.20	0.024732
273.00	33.20	0.078540
273.00	33.20	0.106659
273.00	36.20	0.034723
273.00	36.20	0.011996
273.00	39.20	0.009835
273.00	39.20	-0.024739
273.00	42.20	0.020012
273.00	42.20	-0.000273
273.00	45.20	0.111212
273.00	45.20	0.112990
273.00	48.20	0.236983
273.00	48.20	0.123089
273.00	51.20	0.266578
273.00	51.20	0.109167
273.00	54.20	0.299057
273.00	54.20	0.140728
273.00	57.20	0.168179
273.00	57.20	0.110273
273.00	60.20	0.124485
273.00	60.20	0.144727
273.00	63.20	0.097218
273.00	63.20	0.078366
273.00	66.20	0.129134
273.00	66.20	0.062934
273.00	69.20	0.151720
273.00	69.20	0.032720
276.00	12.20	0.066249
276.00	12.20	0.041734
276.00	15.20	0.060891
276.00	15.20	0.038346
276.00	18.20	0.043658
276.00	18.20	-0.025520
276.00	21.20	0.077967
276.00	21.20	-0.085579
276.00	24.20	0.127709
276.00	24.20	-0.024870
276.00	27.20	0.127364
276.00	27.20	-0.056959
276.00	30.20	0.082233
276.00	30.20	-0.009419
276.00	33.20	0.082822
276.00	33.20	0.039484
276.00	36.20	0.049050
276.00	36.20	-0.013598
276.00	39.20	0.004540
276.00	39.20	-0.024239
276.00	42.20	0.020211
276.00	42.20	0.008162
276.00	45.20	0.118162
276.00	45.20	0.119401
276.00	48.20	0.244306
276.00	48.20	0.085714
276.00	51.20	0.376042
276.00	51.20	0.097527
276.00	54.20	0.322593
276.00	54.20	0.069699
276.00	57.20	0.147818
276.00	57.20	0.135798
276.00	60.20	0.130206
276.00	60.20	0.101518
276.00	63.20	0.089923
276.00	63.20	0.091596
276.00	66.20	0.134117
276.00	66.20	0.049378
276.00	69.20	0.165110
276.00	69.20	0.030770
279.00	12.20	0.016033
279.00	12.20	0.007880
279.00	15.20	0.077998
279.00	15.20	0.010642
279.00	18.20	-0.003498
279.00	18.20	-0.082405
279.00	21.20	0.144797
279.00	21.20	-0.079511
279.00	24.20	0.151307
279.00	24.20	-0.062125
279.00	27.20	0.151362
279.00	27.20	-0.099423
279.00	30.20	0.062390
279.00	30.20	-0.006919
279.00	33.20	0.042338
279.00	33.20	0.016472
279.00	36.20	0.024822
279.00	36.20	-0.025363
279.00	39.20	-0.002266
279.00	39.20	-0.024094
279.00	42.20	0.010535
279.00	42.20	0.026616
279.00	45.20	0.071598
279.00	45.20	0.110970
279.00	48.20	0.218718
279.00	48.20	0.053449
279.00	51.20	0.360733
279.00	51.20	0.040176
279.00	54.20	0.313599
279.00	54.20	0.025458
279.00	57.20	0.112764
279.00	57.20	0.132656
279.00	60.20	0.173388
279.00	60.20	0.096516
279.00	63.20	0.094309
279.00	63.20	0.109882
279.00	66.20	0.167665
279.00	66.20	0.069029
279.00	69.20	0.176842
279.00	69.20	0.084064
282.00	12.20	-0.012682
282.00	12.20	0.015679
282.00	15.20	0.057990
282.00	15.20	-0.045868
282.00	18.20	0.032474
282.00	18.20	-0.109502
282.00	21.20	0.058260
282.00	21.20	-0.104059
282.00	24.20	0.098063
282.00	24.20	-0.103397
282.00	27.20	0.098986
282.00	27.20	-0.117181
282.00	30.20	0.021526
282.00	30.20	0.013606
282.00	33.20	-0.007575
282.00	33.20	-0.005265
282.00	36.20	0.017802
282.00	36.20	-0.009217
282.00	39.20	-0.027266
282.00	39.20	-0.002247
282.00	42.20	-0.012437
282.00	42.20	0.034089
282.00	45.20	0.034035
282.00	45.20	0.091078
282.00	48.20	0.182149
282.00	48.20	0.012752
282.00	51.20	0.330046
282.00	51.20	0.045845
282.00	54.20	0.252177
282.00	54.20	0.007556
282.00	57.20	0.124792
282.00	57.20	0.107023
282.00	60.20	0.163646
282.00	60.20	0.119316
282.00	63.20	0.061362
282.00	63.20	0.117145
282.00	66.20	0.120737
282.00	66.20	0.112185
282.00	69.20	0.133147
282.00	69.20	0.139498
285.00	12.20	-0.030566
285.00	12.20	-0.002330
285.00	15.20	0.036415
285.00	15.20	-0.093469
285.00	18.20	-0.005420
285.00	18.20	-0.117660
285.00	21.20	0.039029
285.00	21.20	-0.136171
285.00	24.20	0.080561
285.00	24.20	-0.041294
285.00	27.20	0.059018
285.00	27.20	-0.079802
285.00	30.20	0.007459
285.00	30.20	0.018364
285.00	33.20	-0.030294
285.00	33.20	0.040307
285.00	36.20	-0.000810
285.00	36.20	0.018685
285.00	39.20	-0.073329
285.00	39.20	0.046113
285.00	42.20	-0.041958
285.00	42.20	0.047024
285.00	45.20	0.014027
285.00	45.20	0.103081
285.00	48.20	0.125267
285.00	48.20	0.020689
285.00	51.20	0.284234
285.00	51.20	0.066105
285.00	54.20	0.190835
285.00	54.20	0.034699
285.00	57.20	0.119435
285.00	57.20	0.073224
285.00	60.20	0.143746
285.00	60.20	0.086829
285.00	63.20	0.033649
285.00	63.20	0.102993
285.00	66.20	0.060024
285.00	66.20	0.170505
285.00	69.20	0.088104
285.00	69.20	0.220952
288.00	12.20	-0.024078
288.00	12.20	-0.036284
288.00	15.20	0.026853
288.00	15.20	-0.082848
288.00	18.20	-0.027818
288.00	18.20	-0.136612
288.00	21.20	-0.033903
288.00	21.20	-0.131925
288.00	24.20	0.004534
288.00	24.20	-0.067522
288.00	27.20	-0.003829
288.00	27.20	-0.039088
288.00	30.20	-0.037040
288.00	30.20	0.005025
288.00	33.20	-0.042708
288.00	33.20	0.006596
288.00	36.20	-0.038846
288.00	36.20	0.026949
288.00	39.20	-0.082935
288.00	39.20	0.052235
288.00	42.20	-0.067797
288.00	42.20	0.046224
288.00	45.20	0.014349
288.00	45.20	0.057384
288.00	48.20	0.062728
288.00	48.20	0.011818
288.00	51.20	0.171011
288.00	51.20	0.066077
288.00	54.20	0.114567
288.00	54.20	0.057723
288.00	57.20	0.047937
288.00	57.20	0.052368
288.00	60.20	0.127345
288.00	60.20	0.065918
288.00	63.20	0.009404
288.00	63.20	0.121171
288.00	66.20	0.022717
288.00	66.20	0.180676
288.00	69.20	0.047323
288.00	69.20	0.282650
291.00	12.20	-0.067107
291.00	12.20	-0.083375
291.00	15.20	-0.013599
291.00	15.20	-0.090510
291.00	18.20	-0.064044
291.00	18.20	-0.143954
291.00	21.20	-0.067782
291.00	21.20	-0.078184
291.00	24.20	-0.057493
291.00	24.20	-0.023466
291.00	27.20	-0.016711
291.00	27.20	-0.019666
291.00	30.20	-0.043953
291.00	30.20	0.004327
291.00	33.20	-0.113237
291.00	33.20	0.057539
291.00	36.20	-0.064939
291.00	36.20	0.059323
291.00	39.20	-0.082295
291.00	39.20	0.077879
291.00	42.20	-0.082913
291.00	42.20	0.063444
291.00	45.20	-0.020966
291.00	45.20	0.044390
291.00	48.20	0.016201
291.00	48.20	0.032804
291.00	51.20	0.021093
291.00	51.20	0.060156
291.00	54.20	0.057910
291.00	54.20	0.061573
291.00	57.20	0.013497
291.00	57.20	0.057416
291.00	60.20	0.099076
291.00	60.20	0.074652
291.00	63.20	0.006268
291.00	63.20	0.126977
291.00	66.20	0.017273
291.00	66.20	0.184373
291.00	69.20	0.033639
291.00	69.20	0.254153
294.00	12.20	-0.051362
294.00	12.20	-0.057766
294.00	15.20	-0.089284
294.00	15.20	-0.105858
294.00	18.20	-0.063940
294.00	18.20	-0.113426
294.00	21.20	-0.140357
294.00	21.20	-0.017382
294.00	24.20	-0.148202
294.00	24.20	-0.008441
294.00	27.20	-0.136199
294.00	27.20	-0.057223
294.00	30.20	-0.004047
294.00	30.20	0.017049
294.00	33.20	-0.050695
294.00	33.20	0.078542
294.00	36.20	-0.079219
294.00	36.20	0.077714
294.00	39.20	-0.082102
294.00	39.20	0.122222
294.00	42.20	-0.066463
294.00	42.20	0.091557
294.00	45.20	-0.023571
294.00	45.20	0.050642
294.00	48.20	-0.008650
294.00	48.20	0.044806
294.00	51.20	-0.022365
294.00	51.20	0.079244
294.00	54.20	0.013306
294.00	54.20	0.032948
294.00	57.20	0.000352
294.00	57.20	0.036272
294.00	60.20	0.052888
294.00	60.20	0.116861
294.00	63.20	0.015583
294.00	63.20	0.112943
294.00	66.20	0.022348
294.00	66.20	0.149683
294.00	69.20	0.045038
294.00	69.20	0.166110
297.00	12.20	-0.040559
297.00	12.20	-0.047087
297.00	15.20	-0.090013
297.00	15.20	-0.091560
297.00	18.20	-0.087362
297.00	18.20	-0.109692
297.00	21.20	-0.170458
297.00	21.20	0.005609
297.00	24.20	-0.115649
297.00	24.20	0.038930
297.00	27.20	-0.163006
297.00	27.20	-0.052396
297.00	30.20	-0.003226
297.00	30.20	0.014417
297.00	33.20	-0.080315
297.00	33.20	0.068703
297.00	36.20	-0.086542
297.00	36.20	0.073344
297.00	39.20	-0.070092
297.00	39.20	0.148567
297.00	42.20	-0.049283
297.00	42.20	0.155055
297.00	45.20	-0.012242
297.00	45.20	0.080053
297.00	48.20	-0.014848
297.00	48.20	0.055997
297.00	51.20	-0.004145
297.00	51.20	0.069404
297.00	54.20	-0.020204
297.00	54.20	0.063806
297.00	57.20	-0.007776
297.00	57.20	0.047155
297.00	60.20	0.015128
297.00	60.20	0.128892
297.00	63.20	0.051359
297.00	63.20	0.138844
297.00	66.20	0.063903
297.00	66.20	0.123159
297.00	69.20	0.151762
297.00	69.20	0.097592
300.00	12.20	-0.065082
300.00	12.20	-0.048723
300.00	15.20	-0.079705
300.00	15.20	-0.078639
300.00	18.20	-0.066592
300.00	18.20	-0.074676
300.00	21.20	-0.155061
300.00	21.20	0.058268
300.00	24.20	-0.118363
300.00	24.20	0.014429
300.00	27.20	-0.129639
300.00	27.20	-0.015608
300.00	30.20	-0.016737
300.00	30.20	0.047164
300.00	33.20	-0.103353
300.00	33.20	0.075595
300.00	36.20	-0.064987
300.00	36.20	0.081948
300.00	39.20	-0.044838
300.00	39.20	0.157518
300.00	42.20	-0.025985
300.00	42.20	0.186027
300.00	45.20	-0.044180
300.00	45.20	0.078291
300.00	48.20	-0.037148
300.00	48.20	0.034606
300.00	51.20	-0.044035
300.00	51.20	0.019967
300.00	54.20	-0.057022
300.00	54.20	0.050973
300.00	57.20	-0.057134
300.00	57.20	0.096491
300.00	60.20	-0.023768
300.00	60.20	0.151638
300.00	63.20	0.049337
300.00	63.20	0.156832
300.00	66.20	0.105174
300.00	66.20	0.105301
300.00	69.20	0.201401
300.00	69.20	0.012803
303.00	12.20	-0.056719
303.00	12.20	-0.025978
303.00	15.20	-0.096653
303.00	15.20	-0.086055
303.00	18.20	-0.070466
303.00	18.20	-0.082609
303.00	21.20	-0.135549
303.00	21.20	0.090555
303.00	24.20	-0.125435
303.00	24.20	0.022300
303.00	27.20	-0.098411
303.00	27.20	-0.016193
303.00	30.20	-0.044273
303.00	30.20	0.071672
303.00	33.20	-0.062061
303.00	33.20	0.095535
303.00	36.20	-0.030647
303.00	36.20	0.094919
303.00	39.20	-0.028585
303.00	39.20	0.190487
303.00	42.20	-0.012097
303.00	42.20	0.215922
303.00	45.20	-0.057151
303.00	45.20	0.149941
303.00	48.20	-0.060058
303.00	48.20	0.059521
303.00	51.20	-0.034411
303.00	51.20	0.004519
303.00	54.20	-0.072890
303.00	54.20	0.038767
303.00	57.20	-0.051165
303.00	57.20	0.130489
303.00	60.20	-0.042725
303.00	60.20	0.167469
303.00	63.20	0.024327
303.00	63.20	0.244991
303.00	66.20	0.111154
303.00	66.20	0.123395
303.00	69.20	0.184791
303.00	69.20	-0.026510
306.00	12.20	-0.036226
306.00	12.20	-0.021413
306.00	15.20	-0.061682
306.00	15.20	-0.064007
306.00	18.20	-0.055783
306.00	18.20	-0.023567
306.00	21.20	-0.067849
306.00	21.20	0.059221
306.00	24.20	-0.039725
306.00	24.20	0.026260
306.00	27.20	-0.078736
306.00	27.20	-0.021928
306.00	30.20	-0.022810
306.00	30.20	0.082907
306.00	33.20	-0.036200
306.00	33.20	0.090317
306.00	36.20	0.001083
306.00	36.20	0.098852
306.00	39.20	-0.004960
306.00	39.20	0.193301
306.00	42.20	0.016199
306.00	42.20	0.240734
306.00	45.20	-0.040465
306.00	45.20	0.168116
306.00	48.20	-0.058407
306.00	48.20	0.041636
306.00	51.20	-0.015316
306.00	51.20	-0.026150
306.00	54.20	-0.073998
306.00	54.20	0.029346
306.00	57.20	-0.037927
306.00	57.20	0.119984
306.00	60.20	-0.051041
306.00	60.20	0.185949
306.00	63.20	-0.015462
306.00	63.20	0.235237
306.00	66.20	0.061610
306.00	66.20	0.122589
306.00	69.20	0.137488
306.00	69.20	-0.009588
309.00	12.20	-0.049854
309.00	12.20	-0.054454
309.00	15.20	-0.034253
309.00	15.20	-0.027767
309.00	18.20	-0.025159
309.00	18.20	0.008255
309.00	21.20	-0.016242
309.00	21.20	-0.012866
309.00	24.20	-0.002146
309.00	24.20	0.002496
309.00	27.20	-0.000189
309.00	27.20	0.039962
309.00	30.20	-0.007296
309.00	30.20	0.119467
309.00	33.20	-0.095158
309.00	33.20	0.076194
309.00	36.20	0.040870
309.00	36.20	0.106389
309.00	39.20	0.014416
309.00	39.20	0.188523
309.00	42.20	0.047349
309.00	42.20	0.246167
309.00	45.20	-0.012296
309.00	45.20	0.170719
309.00	48.20	-0.041842
309.00	48.20	0.013939
309.00	51.20	-0.046406
309.00	51.20	-0.020822
309.00	54.20	-0.097032
309.00	54.20	0.038025
309.00	57.20	-0.025402
309.00	57.20	0.109054
309.00	60.20	-0.051022
309.00	60.20	0.149247
309.00	63.20	-0.036085
309.00	63.20	0.241590
309.00	66.20	-0.007337
309.00	66.20	0.147701
309.00	69.20	0.081699
309.00	69.20	-0.011447
312.00	12.20	-0.051971
312.00	12.20	-0.053796
312.00	15.20	-0.031116
312.00	15.20	-0.010749
312.00	18.20	-0.013739
312.00	18.20	0.036646
312.00	21.20	0.036933
312.00	21.20	-0.030412
312.00	24.20	-0.013853
312.00	24.20	-0.030189
312.00	27.20	0.061988
312.00	27.20	0.071534
312.00	30.20	-0.008156
312.00	30.20	0.072043
312.00	33.20	-0.076680
312.00	33.20	0.100434
312.00	36.20	0.050611
312.00	36.20	0.125612
312.00	39.20	0.030578
312.00	39.20	0.172066
312.00	42.20	0.085471
312.00	42.20	0.200923
312.00	45.20	-0.013131
312.00	45.20	0.150633
312.00	48.20	-0.049453
312.00	48.20	0.024944
312.00	51.20	-0.085707
312.00	51.20	-0.021557
312.00	54.20	-0.087104
312.00	54.20	0.014990
312.00	57.20	-0.019385
312.00	57.20	0.078293
312.00	60.20	-0.061591
312.00	60.20	0.120958
312.00	63.20	0.012208
312.00	63.20	0.167592
312.00	66.20	-0.037129
312.00	66.20	0.097666
312.00	69.20	-0.040741
312.00	69.20	-0.036001
315.00	12.20	-0.041881
315.00	12.20	-0.021918
315.00	15.20	-0.046521
315.00	15.20	-0.004305
315.00	18.20	-0.004975
315.00	18.20	0.004427
315.00	21.20	0.032953
315.00	21.20	-0.024796
315.00	24.20	0.000230
315.00	24.20	-0.102588
315.00	27.20	0.025154
315.00	27.20	0.053142
315.00	30.20	-0.039228
315.00	30.20	0.043419
315.00	33.20	-0.015954
315.00	33.20	0.055938
315.00	36.20	0.055149
315.00	36.20	0.114108
315.00	39.20	0.031650
315.00	39.20	0.147063
315.00	42.20	0.092455
315.00	42.20	0.160791
315.00	45.20	0.020137
315.00	45.20	0.129564
315.00	48.20	-0.061494
315.00	48.20	0.027286
315.00	51.20	-0.108621
315.00	51.20	-0.031064
315.00	54.20	-0.046334
315.00	54.20	-0.017806
315.00	57.20	0.006940
315.00	57.20	0.026654
315.00	60.20	-0.043573
315.00	60.20	0.054078
315.00	63.20	0.011369
315.00	63.20	0.122237
315.00	66.20	-0.081067
315.00	66.20	0.061759
315.00	69.20	-0.110544
315.00	69.20	-0.012940
318.00	12.20	-0.047419
318.00	12.20	-0.027819
318.00	15.20	-0.039153
318.00	15.20	0.003565
318.00	18.20	0.062283
318.00	18.20	0.049226
318.00	21.20	0.056730
318.00	21.20	-0.023766
318.00	24.20	0.023410
318.00	24.20	-0.074357
318.00	27.20	0.057418
318.00	27.20	0.051126
318.00	30.20	-0.029296
318.00	30.20	-0.023348
318.00	33.20	-0.017459
318.00	33.20	0.041576
318.00	36.20	0.041975
318.00	36.20	0.090984
318.00	39.20	0.042327
318.00	39.20	0.100700
318.00	42.20	0.121051
318.00	42.20	0.113722
318.00	45.20	0.034557
318.00	45.20	0.081621
318.00	48.20	-0.065344
318.00	48.20	-0.025330
318.00	51.20	-0.125346
318.00	51.20	-0.040752
318.00	54.20	-0.045903
318.00	54.20	-0.057847
318.00	57.20	0.030247
318.00	57.20	-0.029965
318.00	60.20	-0.028509
318.00	60.20	0.011078
318.00	63.20	0.023541
318.00	63.20	-0.004174
318.00	66.20	-0.092985
318.00	66.20	0.013784
318.00	69.20	-0.131199
318.00	69.20	-0.002540
321.00	12.20	-0.041085
321.00	12.20	0.006680
321.00	15.20	-0.064442
321.00	15.20	-0.004669
321.00	18.20	0.018492
321.00	18.20	0.000348
321.00	21.20	0.058832
321.00	21.20	-0.025843
321.00	24.20	0.008439
321.00	24.20	-0.100397
321.00	27.20	0.036772
321.00	27.20	-0.012760
321.00	30.20	-0.039029
321.00	30.20	-0.003937
321.00	33.20	0.012821
321.00	33.20	-0.006810
321.00	36.20	0.044767
321.00	36.20	0.066376
321.00	39.20	0.035519
321.00	39.20	0.091930
321.00	42.20	0.133967
321.00	42.20	0.069023
321.00	45.20	0.033327
321.00	45.20	0.025578
321.00	48.20	-0.062040
321.00	48.20	-0.044576
321.00	51.20	-0.142785
321.00	51.20	-0.024649
321.00	54.20	-0.030250
321.00	54.20	-0.062723
321.00	57.20	0.028148
321.00	57.20	-0.064827
321.00	60.20	-0.020030
321.00	60.20	-0.019383
321.00	63.20	0.027029
321.00	63.20	-0.018275
321.00	66.20	-0.075325
321.00	66.20	0.025650
321.00	69.20	-0.154289
321.00	69.20	0.028727
324.00	12.20	-0.040147
324.00	12.20	0.025587
324.00	15.20	-0.023790
324.00	15.20	-0.014710
324.00	18.20	0.011840
324.00	18.20	-0.030454
324.00	21.20	0.061776
324.00	21.20	-0.009491
324.00	24.20	0.006975
324.00	24.20	-0.073184
324.00	27.20	0.026223
324.00	27.20	-0.036936
324.00	30.20	-0.062695
324.00	30.20	-0.055162
324.00	33.20	0.037608
324.00	33.20	-0.015295
324.00	36.20	0.041701
324.00	36.20	0.029022
324.00	39.20	0.041172
324.00	39.20	0.040534
324.00	42.20	0.113758
324.00	42.20	0.014309
324.00	45.20	0.019873
324.00	45.20	-0.005963
324.00	48.20	-0.083323
324.00	48.20	-0.027261
324.00	51.20	-0.111662
324.00	51.20	-0.072586
324.00	54.20	-0.025737
324.00	54.20	-0.114308
324.00	57.20	-0.002606
324.00	57.20	-0.088236
324.00	60.20	-0.015087
324.00	60.20	-0.056668
324.00	63.20	0.019166
324.00	63.20	-0.026656
324.00	66.20	-0.069656
324.00	66.20	0.021361
324.00	69.20	-0.202611
324.00	69.20	0.060631
327.00	12.20	-0.022937
327.00	12.20	0.049904
327.00	15.20	-0.009026
327.00	15.20	-0.029239
327.00	18.20	-0.005088
327.00	18.20	-0.033113
327.00	21.20	0.039211
327.00	21.20	-0.051881
327.00	24.20	0.055889
327.00	24.20	-0.030687
327.00	27.20	-0.009803
327.00	27.20	-0.093827
327.00	30.20	-0.051988
327.00	30.20	-0.059160
327.00	33.20	0.034938
327.00	33.20	-0.045509
327.00	36.20	0.020005
327.00	36.20	-0.008642
327.00	39.20	0.043022
327.00	39.20	0.024283
327.00	42.20	0.092578
327.00	42.20	-0.028687
327.00	45.20	0.004859
327.00	45.20	-0.024248
327.00	48.20	-0.093811
327.00	48.20	-0.043894
327.00	51.20	-0.123804
327.00	51.20	-0.099305
327.00	54.20	-0.045183
327.00	54.20	-0.165026
327.00	57.20	-0.044777
327.00	57.20	-0.113961
327.00	60.20	-0.059937
327.00	60.20	-0.071749
327.00	63.20	-0.081266
327.00	63.20	-0.023087
327.00	66.20	-0.068958
327.00	66.20	0.034813
327.00	69.20	-0.194791
327.00	69.20	0.077014
330.00	12.20	0.003621
330.00	12.20	0.023302
330.00	15.20	-0.024584
330.00	15.20	-0.027491
330.00	18.20	-0.025169
330.00	18.20	0.008327
330.00	21.20	0.003893
330.00	21.20	-0.064598
330.00	24.20	0.038721
330.00	24.20	0.029100
330.00	27.20	0.050341
330.00	27.20	-0.070905
330.00	30.20	-0.031818
330.00	30.20	-0.038353
330.00	33.20	0.020047
330.00	33.20	-0.040034
330.00	36.20	0.000521
330.00	36.20	-0.066088
330.00	39.20	0.037198
330.00	39.20	-0.016427
330.00	42.20	0.069342
330.00	42.20	-0.054790
330.00	45.20	-0.035130
330.00	45.20	-0.032473
330.00	48.20	-0.097287
330.00	48.20	-0.045750
330.00	51.20	-0.125179
330.00	51.20	-0.104209
330.00	54.20	-0.073702
330.00	54.20	-0.153925
330.00	57.20	-0.127267
330.00	57.20	-0.114350
330.00	60.20	-0.122900
330.00	60.20	-0.078899
330.00	63.20	-0.100209
330.00	63.20	-0.030345
330.00	66.20	-0.112121
330.00	66.20	0.028136
330.00	69.20	-0.139518
330.00	69.20	0.032690
333.00	12.20	-0.013244
333.00	12.20	0.032770
333.00	15.20	-0.047666
333.00	15.20	-0.020832
333.00	18.20	-0.082204
333.00	18.20	0.030828
333.00	21.20	-0.000293
333.00	21.20	-0.058020
333.00	24.20	0.034984
333.00	24.20	-0.016584
333.00	27.20	0.026439
333.00	27.20	-0.046881
333.00	30.20	-0.011898
333.00	30.20	0.023367
333.00	33.20	0.000241
333.00	33.20	-0.041561
333.00	36.20	-0.019890
333.00	36.20	-0.105532
333.00	39.20	0.011194
333.00	39.20	-0.051147
333.00	42.20	0.022055
333.00	42.20	-0.079738
333.00	45.20	-0.075828
333.00	45.20	-0.047272
333.00	48.20	-0.079168
333.00	48.20	-0.031715
333.00	51.20	-0.118528
333.00	51.20	-0.098866
333.00	54.20	-0.071037
333.00	54.20	-0.135839
333.00	57.20	-0.163102
333.00	57.20	-0.105905
333.00	60.20	-0.153917
333.00	60.20	-0.053040
333.00	63.20	-0.124060
333.00	63.20	-0.040811
333.00	66.20	-0.143196
333.00	66.20	-0.006392
333.00	69.20	-0.072922
333.00	69.20	-0.017550
336.00	12.20	-0.005007
336.00	12.20	0.022264
336.00	15.20	0.005501
336.00	15.20	0.012827
336.00	18.20	-0.068511
336.00	18.20	0.045246
336.00	21.20	-0.029941
336.00	21.20	-0.020470
336.00	24.20	0.025190
336.00	24.20	0.018945
336.00	27.20	-0.020203
336.00	27.20	0.028406
336.00	30.20	-0.051908
336.00	30.20	-0.006167
336.00	33.20	-0.027207
336.00	33.20	-0.016237
336.00	36.20	-0.044353
336.00	36.20	-0.118928
336.00	39.20	0.000613
336.00	39.20	-0.097077
336.00	42.20	-0.015492
336.00	42.20	-0.122063
336.00	45.20	-0.114415
336.00	45.20	-0.041093
336.00	48.20	-0.102142
336.00	48.20	-0.032204
336.00	51.20	-0.106770
336.00	51.20	-0.116655
336.00	54.20	-0.081101
336.00	54.20	-0.141007
336.00	57.20	-0.182007
336.00	57.20	-0.102146
336.00	60.20	-0.171262
336.00	60.20	-0.075397
336.00	63.20	-0.101016
336.00	63.20	-0.057808
336.00	66.20	-0.102699
336.00	66.20	-0.067613
336.00	69.20	-0.004582
336.00	69.20	-0.091124
339.00	12.20	0.030574
339.00	12.20	0.049953
339.00	15.20	-0.035128
339.00	15.20	0.033548
339.00	18.20	-0.043689
339.00	18.20	0.093986
339.00	21.20	-0.047567
339.00	21.20	0.009674
339.00	24.20	0.021961
339.00	24.20	0.029398
339.00	27.20	-0.034866
339.00	27.20	0.046387
339.00	30.20	-0.084431
339.00	30.20	0.023167
339.00	33.20	-0.043385
339.00	33.20	-0.017939
339.00	36.20	-0.045817
339.00	36.20	-0.115194
339.00	39.20	-0.024445
339.00	39.20	-0.086658
339.00	42.20	-0.057603
339.00	42.20	-0.153453
339.00	45.20	-0.153092
339.00	45.20	-0.066535
339.00	48.20	-0.103142
339.00	48.20	-0.049510
339.00	51.20	-0.117885
339.00	51.20	-0.100219
339.00	54.20	-0.115519
339.00	54.20	-0.110724
339.00	57.20	-0.163242
339.00	57.20	-0.092972
339.00	60.20	-0.193090
339.00	60.20	-0.082989
339.00	63.20	-0.095841
339.00	63.20	-0.110148
339.00	66.20	-0.071585
339.00	66.20	-0.125099
339.00	69.20	0.062140
339.00	69.20	-0.154047
342.00	12.20	0.039856
342.00	12.20	0.032516
342.00	15.20	-0.036036
342.00	15.20	0.064544
342.00	18.20	-0.031539
342.00	18.20	0.112415
342.00	21.20	-0.047236
342.00	21.20	0.050323
342.00	24.20	-0.052015
342.00	24.20	0.012693
342.00	27.20	-0.011642
342.00	27.20	0.050504
342.00	30.20	-0.076549
342.00	30.20	0.046487
342.00	33.20	-0.010058
342.00	33.20	0.005224
342.00	36.20	-0.032831
342.00	36.20	-0.104199
342.00	39.20	-0.056203
342.00	39.20	-0.104652
342.00	42.20	-0.098261
342.00	42.20	-0.166904
342.00	45.20	-0.167059
342.00	45.20	-0.073660
342.00	48.20	-0.087436
342.00	48.20	-0.037294
342.00	51.20	-0.125420
342.00	51.20	-0.077686
342.00	54.20	-0.125631
342.00	54.20	-0.054556
342.00	57.20	-0.147718
342.00	57.20	-0.068805
342.00	60.20	-0.157859
342.00	60.20	-0.108313
342.00	63.20	-0.082462
342.00	63.20	-0.140835
342.00	66.20	-0.065115
342.00	66.20	-0.152087
342.00	69.20	0.071045
342.00	69.20	-0.186309
345.00	12.20	0.010860
345.00	12.20	0.063229
345.00	15.20	-0.001662
345.00	15.20	0.093028
345.00	18.20	-0.008583
345.00	18.20	0.098692
345.00	21.20	0.011452
345.00	21.20	0.069946
345.00	24.20	-0.056355
345.00	24.20	-0.000336
345.00	27.20	-0.045109
345.00	27.20	0.041099
345.00	30.20	-0.117913
345.00	30.20	0.041036
345.00	33.20	-0.039711
345.00	33.20	0.000150
345.00	36.20	-0.036659
345.00	36.20	-0.060268
345.00	39.20	-0.078852
345.00	39.20	-0.093675
345.00	42.20	-0.137174
345.00	42.20	-0.162630
345.00	45.20	-0.150763
345.00	45.20	-0.092702
345.00	48.20	-0.065002
345.00	48.20	-0.016767
345.00	51.20	-0.118310
345.00	51.20	-0.020265
345.00	54.20	-0.115663
345.00	54.20	-0.027785
345.00	57.20	-0.076203
345.00	57.20	-0.041757
345.00	60.20	-0.115041
345.00	60.20	-0.109848
345.00	63.20	-0.071142
345.00	63.20	-0.182248
345.00	66.20	-0.022764
345.00	66.20	-0.158933
345.00	69.20	0.014512
345.00	69.20	-0.171712
348.00	12.20	0.038687
348.00	12.20	0.096224
348.00	15.20	0.034475
348.00	15.20	0.131944
348.00	18.20	0.025403
348.00	18.20	0.115948
348.00	21.20	0.013180
348.00	21.20	0.097104
348.00	24.20	-0.039414
348.00	24.20	0.049251
348.00	27.20	-0.017603
348.00	27.20	-0.002847
348.00	30.20	-0.114755
348.00	30.20	-0.008551
348.00	33.20	-0.031699
348.00	33.20	-0.010090
348.00	36.20	-0.030525
348.00	36.20	-0.038191
348.00	39.20	-0.082301
348.00	39.20	-0.055073
348.00	42.20	-0.157499
348.00	42.20	-0.145840
348.00	45.20	-0.140022
348.00	45.20	-0.091896
348.00	48.20	-0.051160
348.00	48.20	-0.015028
348.00	51.20	-0.100907
348.00	51.20	0.017600
348.00	54.20	-0.087993
348.00	54.20	-0.001776
348.00	57.20	-0.058852
348.00	57.20	-0.034984
348.00	60.20	-0.077312
348.00	60.20	-0.153869
348.00	63.20	-0.084560
348.00	63.20	-0.185909
348.00	66.20	-0.027936
348.00	66.20	-0.165375
348.00	69.20	-0.079697
348.00	69.20	-0.160480
351.00	12.20	0.060520
351.00	12.20	0.093202
351.00	15.20	0.053212
351.00	15.20	0.129501
351.00	18.20	0.083558
351.00	18.20	0.164006
351.00	21.20	0.040029
351.00	21.20	0.080575
351.00	24.20	-0.058232
351.00	24.20	0.061829
351.00	27.20	0.033148
351.00	27.20	0.018906
351.00	30.20	-0.068022
351.00	30.20	0.010701
351.00	33.20	-0.012311
351.00	33.20	-0.016638
351.00	36.20	-0.021981
351.00	36.20	-0.035179
351.00	39.20	-0.088102
351.00	39.20	-0.080602
351.00	42.20	-0.161633
351.00	42.20	-0.130666
351.00	45.20	-0.125900
351.00	45.20	-0.091813
351.00	48.20	-0.028165
351.00	48.20	-0.026131
351.00	51.20	-0.074863
351.00	51.20	0.030770
351.00	54.20	-0.097385
351.00	54.20	0.038677
351.00	57.20	-0.020565
351.00	57.20	-0.032813
351.00	60.20	-0.052853
351.00	60.20	-0.169785
351.00	63.20	-0.108051
351.00	63.20	-0.209716
351.00	66.20	-0.094423
351.00	66.20	-0.170659
351.00	69.20	-0.158804
351.00	69.20	-0.160503
354.00	12.20	0.045654
354.00	12.20	0.062621
354.00	15.20	0.051678
354.00	15.20	0.129873
354.00	18.20	0.087231
354.00	18.20	0.173349
354.00	21.20	0.012797
354.00	21.20	0.107523
354.00	24.20	0.111959
354.00	24.20	0.069244
354.00	27.20	0.018015
354.00	27.20	0.022437
354.00	30.20	0.100656
354.00	30.20	0.011402
354.00	33.20	-0.024028
354.00	33.20	-0.049294
354.00	36.20	-0.060935
354.00	36.20	-0.043345
354.00	39.20	-0.107127
354.00	39.20	-0.103886
354.00	42.20	-0.170846
354.00	42.20	-0.137685
354.00	45.20	-0.100743
354.00	45.20	-0.105864
354.00	48.20	-0.008933
354.00	48.20	-0.039455
354.00	51.20	-0.024777
354.00	51.20	0.021708
354.00	54.20	0.027406
354.00	54.20	0.030133
354.00	57.20	-0.024347
354.00	57.20	-0.043507
354.00	60.20	-0.016695
354.00	60.20	-0.169623
354.00	63.20	-0.147195
354.00	63.20	-0.211970
354.00	66.20	-0.182680
354.00	66.20	-0.179602
354.00	69.20	-0.214472
354.00	69.20	-0.148085
357.00	12.20	0.073259
357.00	12.20	0.010084
357.00	15.20	0.198540
357.00	15.20	0.121499
357.00	18.20	0.256454
357.00	18.20	0.082399
357.00	21.20	0.082610
357.00	21.20	0.125321
357.00	24.20	0.045742
357.00	24.20	0.095668
357.00	27.20	-0.022363
357.00	27.20	0.176821
357.00	30.20	0.033200
357.00	30.20	0.033918
357.00	33.20	-0.003889
357.00	33.20	-0.057744
357.00	36.20	-0.001070
357.00	36.20	-0.022072
357.00	39.20	-0.079297
357.00	39.20	-0.127491
357.00	42.20	-0.150900
357.00	42.20	-0.100649
357.00	45.20	-0.048552
357.00	45.20	-0.112730
357.00	48.20	-0.005888
357.00	48.20	-0.096826
357.00	51.20	-0.007751
357.00	51.20	0.026981
357.00	54.20	-0.091481
357.00	54.20	0.031713
357.00	57.20	0.072682
357.00	57.20	-0.073188
357.00	60.20	-0.043002
357.00	60.20	-0.159490
357.00	63.20	-0.143346
357.00	63.20	-0.231320
357.00	66.20	-0.179318
357.00	66.20	-0.230963
357.00	69.20	-0.237168
357.00	69.20	-0.247518
360.00	12.20	0.074129
360.00	15.20	0.077011
360.00	18.20	0.190650
360.00	21.20	0.170844
360.00	24.20	0.064251
360.00	27.20	0.051309
360.00	30.20	0.024765
360.00	33.20	-0.100817
360.00	36.20	-0.077394
360.00	39.20	-0.139351
360.00	42.20	-0.176562
360.00	45.20	-0.196779
360.00	48.20	-0.106276
360.00	51.20	-0.110715
360.00	54.20	-0.058092
360.00	57.20	-0.096896
360.00	60.20	-0.154622
360.00	63.20	-0.228070
360.00	66.20	-0.289694
360.00	69.20	-0.164095
