theta 12.20
0.00	0.062621
3.00	0.093202
6.00	0.096224
9.00	0.063229
12.00	0.032517
15.00	0.049953
18.00	0.022264
21.00	0.032769
24.00	0.023302
27.00	0.049903
30.00	0.025587
33.00	0.006680
36.00	-0.027818
39.00	-0.021919
42.00	-0.053795
45.00	-0.054454
48.00	-0.021412
51.00	-0.025978
54.00	-0.048723
57.00	-0.047086
60.00	-0.057766
63.00	-0.083375
66.00	-0.036285
69.00	-0.002329
72.00	0.015679
75.00	0.007880
78.00	0.041734
81.00	0.021845
84.00	0.037166
87.00	0.026782
90.00	0.066249
93.00	0.026782
96.00	0.037166
99.00	0.021845
102.00	0.041734
105.00	0.007880
108.00	0.015679
111.00	-0.002329
114.00	-0.036285
117.00	-0.083375
120.00	-0.057766
123.00	-0.047086
126.00	-0.048723
129.00	-0.025978
132.00	-0.021412
135.00	-0.054454
138.00	-0.053795
141.00	-0.021919
144.00	-0.027818
147.00	0.006680
150.00	0.025587
153.00	0.049903
156.00	0.023302
159.00	0.032769
162.00	0.022264
165.00	0.049953
168.00	0.032517
171.00	0.063229
174.00	0.096224
177.00	0.093202
180.00	0.062621
183.00	0.093202
186.00	0.096224
189.00	0.063229
192.00	0.032517
195.00	0.049953
198.00	0.022264
201.00	0.032769
204.00	0.023302
207.00	0.049903
210.00	0.025587
213.00	0.006680
216.00	-0.027818
219.00	-0.021919
222.00	-0.053795
225.00	-0.054454
228.00	-0.021412
231.00	-0.025978
234.00	-0.048723
237.00	-0.047086
240.00	-0.057766
243.00	-0.083375
246.00	-0.036285
249.00	-0.002329
252.00	0.015679
255.00	0.007880
258.00	0.041734
261.00	0.021845
264.00	0.037166
267.00	0.026782
270.00	0.066249
273.00	0.026782
276.00	0.037166
279.00	0.021845
282.00	0.041734
285.00	0.007880
288.00	0.015679
291.00	-0.002329
294.00	-0.036285
297.00	-0.083375
300.00	-0.057766
303.00	-0.047086
306.00	-0.048723
309.00	-0.025978
312.00	-0.021412
315.00	-0.054454
318.00	-0.053795
321.00	-0.021919
324.00	-0.027818
327.00	0.006680
330.00	0.025587
333.00	0.049903
336.00	0.023302
339.00	0.032769
342.00	0.022264
345.00	0.049953
348.00	0.032517
351.00	0.063229
354.00	0.096224
357.00	0.093202
360.00	0.062621

theta 15.20
0.00	0.129873
3.00	0.129501
6.00	0.131944
9.00	0.093029
12.00	0.064545
15.00	0.033548
18.00	0.012827
21.00	-0.020833
24.00	-0.027491
27.00	-0.029240
30.00	-0.014710
33.00	-0.004670
36.00	0.003566
39.00	-0.004305
42.00	-0.010748
45.00	-0.027766
48.00	-0.064006
51.00	-0.086055
54.00	-0.078638
57.00	-0.091559
60.00	-0.105857
63.00	-0.090510
66.00	-0.082849
69.00	-0.093469
72.00	-0.045868
75.00	0.010642
78.00	0.038346
81.00	0.070552
84.00	0.092790
87.00	0.089666
90.00	0.060891
93.00	0.089666
96.00	0.092790
99.00	0.070552
102.00	0.038346
105.00	0.010642
108.00	-0.045868
111.00	-0.093469
114.00	-0.082849
117.00	-0.090510
120.00	-0.105857
123.00	-0.091559
126.00	-0.078638
129.00	-0.086055
132.00	-0.064006
135.00	-0.027766
138.00	-0.010748
141.00	-0.004305
144.00	0.003566
147.00	-0.004670
150.00	-0.014710
153.00	-0.029240
156.00	-0.027491
159.00	-0.020833
162.00	0.012827
165.00	0.033548
168.00	0.064545
171.00	0.093029
174.00	0.131944
177.00	0.129501
180.00	0.129873
183.00	0.129501
186.00	0.131944
189.00	0.093029
192.00	0.064545
195.00	0.033548
198.00	0.012827
201.00	-0.020833
204.00	-0.027491
207.00	-0.029240
210.00	-0.014710
213.00	-0.004670
216.00	0.003566
219.00	-0.004305
222.00	-0.010748
225.00	-0.027766
228.00	-0.064006
231.00	-0.086055
234.00	-0.078638
237.00	-0.091559
240.00	-0.105857
243.00	-0.090510
246.00	-0.082849
249.00	-0.093469
252.00	-0.045868
255.00	0.010642
258.00	0.038346
261.00	0.070552
264.00	0.092790
267.00	0.089666
270.00	0.060891
273.00	0.089666
276.00	0.092790
279.00	0.070552
282.00	0.038346
285.00	0.010642
288.00	-0.045868
291.00	-0.093469
294.00	-0.082849
297.00	-0.090510
300.00	-0.105857
303.00	-0.091559
306.00	-0.078638
309.00	-0.086055
312.00	-0.064006
315.00	-0.027766
318.00	-0.010748
321.00	-0.004305
324.00	0.003566
327.00	-0.004670
330.00	-0.014710
333.00	-0.029240
336.00	-0.027491
339.00	-0.020833
342.00	0.012827
345.00	0.033548
348.00	0.064545
351.00	0.093029
354.00	0.131944
357.00	0.129501
360.00	0.129873

theta 18.20
0.00	0.173349
3.00	0.164007
6.00	0.115948
9.00	0.098693
12.00	0.112416
15.00	0.093986
18.00	0.045246
21.00	0.030827
24.00	0.008327
27.00	-0.033114
30.00	-0.030453
33.00	0.000346
36.00	0.049227
39.00	0.004427
42.00	0.036647
45.00	0.008255
48.00	-0.023565
51.00	-0.082609
54.00	-0.074674
57.00	-0.109690
60.00	-0.113424
63.00	-0.143953
66.00	-0.136612
69.00	-0.117660
72.00	-0.109502
75.00	-0.082405
78.00	-0.025520
81.00	-0.015542
84.00	0.002374
87.00	0.013787
90.00	0.043658
93.00	0.013787
96.00	0.002374
99.00	-0.015542
102.00	-0.025520
105.00	-0.082405
108.00	-0.109502
111.00	-0.117660
114.00	-0.136612
117.00	-0.143953
120.00	-0.113424
123.00	-0.109690
126.00	-0.074674
129.00	-0.082609
132.00	-0.023565
135.00	0.008255
138.00	0.036647
141.00	0.004427
144.00	0.049227
147.00	0.000346
150.00	-0.030453
153.00	-0.033114
156.00	0.008327
159.00	0.030827
162.00	0.045246
165.00	0.093986
168.00	0.112416
171.00	0.098693
174.00	0.115948
177.00	0.164007
180.00	0.173349
183.00	0.164007
186.00	0.115948
189.00	0.098693
192.00	0.112416
195.00	0.093986
198.00	0.045246
201.00	0.030827
204.00	0.008327
207.00	-0.033114
210.00	-0.030453
213.00	0.000346
216.00	0.049227
219.00	0.004427
222.00	0.036647
225.00	0.008255
228.00	-0.023565
231.00	-0.082609
234.00	-0.074674
237.00	-0.109690
240.00	-0.113424
243.00	-0.143953
246.00	-0.136612
249.00	-0.117660
252.00	-0.109502
255.00	-0.082405
258.00	-0.025520
261.00	-0.015542
264.00	0.002374
267.00	0.013787
270.00	0.043658
273.00	0.013787
276.00	0.002374
279.00	-0.015542
282.00	-0.025520
285.00	-0.082405
288.00	-0.109502
291.00	-0.117660
294.00	-0.136612
297.00	-0.143953
300.00	-0.113424
303.00	-0.109690
306.00	-0.074674
309.00	-0.082609
312.00	-0.023565
315.00	0.008255
318.00	0.036647
321.00	0.004427
324.00	0.049227
327.00	0.000346
330.00	-0.030453
333.00	-0.033114
336.00	0.008327
339.00	0.030827
342.00	0.045246
345.00	0.093986
348.00	0.112416
351.00	0.098693
354.00	0.115948
357.00	0.164007
360.00	0.173349

theta 21.20
0.00	0.107523
3.00	0.080575
6.00	0.097105
9.00	0.069948
12.00	0.050324
15.00	0.009674
18.00	-0.020469
21.00	-0.058020
24.00	-0.064598
27.00	-0.051882
30.00	-0.009491
33.00	-0.025845
36.00	-0.023766
39.00	-0.024795
42.00	-0.030412
45.00	-0.012866
48.00	0.059222
51.00	0.090555
54.00	0.058269
57.00	0.005611
60.00	-0.017381
63.00	-0.078183
66.00	-0.131925
69.00	-0.136170
72.00	-0.104060
75.00	-0.079511
78.00	-0.085579
81.00	0.008548
84.00	0.058550
87.00	0.104678
90.00	0.077967
93.00	0.104678
96.00	0.058550
99.00	0.008548
102.00	-0.085579
105.00	-0.079511
108.00	-0.104060
111.00	-0.136170
114.00	-0.131925
117.00	-0.078183
120.00	-0.017381
123.00	0.005611
126.00	0.058269
129.00	0.090555
132.00	0.059222
135.00	-0.012866
138.00	-0.030412
141.00	-0.024795
144.00	-0.023766
147.00	-0.025845
150.00	-0.009491
153.00	-0.051882
156.00	-0.064598
159.00	-0.058020
162.00	-0.020469
165.00	0.009674
168.00	0.050324
171.00	0.069948
174.00	0.097105
177.00	0.080575
180.00	0.107523
183.00	0.080575
186.00	0.097105
189.00	0.069948
192.00	0.050324
195.00	0.009674
198.00	-0.020469
201.00	-0.058020
204.00	-0.064598
207.00	-0.051882
210.00	-0.009491
213.00	-0.025845
216.00	-0.023766
219.00	-0.024795
222.00	-0.030412
225.00	-0.012866
228.00	0.059222
231.00	0.090555
234.00	0.058269
237.00	0.005611
240.00	-0.017381
243.00	-0.078183
246.00	-0.131925
249.00	-0.136170
252.00	-0.104060
255.00	-0.079511
258.00	-0.085579
261.00	0.008548
264.00	0.058550
267.00	0.104678
270.00	0.077967
273.00	0.104678
276.00	0.058550
279.00	0.008548
282.00	-0.085579
285.00	-0.079511
288.00	-0.104060
291.00	-0.136170
294.00	-0.131925
297.00	-0.078183
300.00	-0.017381
303.00	0.005611
306.00	0.058269
309.00	0.090555
312.00	0.059222
315.00	-0.012866
318.00	-0.030412
321.00	-0.024795
324.00	-0.023766
327.00	-0.025845
330.00	-0.009491
333.00	-0.051882
336.00	-0.064598
339.00	-0.058020
342.00	-0.020469
345.00	0.009674
348.00	0.050324
351.00	0.069948
354.00	0.097105
357.00	0.080575
360.00	0.107523

theta 24.20
0.00	0.069243
3.00	0.061829
6.00	0.049252
9.00	-0.000335
12.00	0.012694
15.00	0.029398
18.00	0.018946
21.00	-0.016585
24.00	0.029100
27.00	-0.030687
30.00	-0.073184
33.00	-0.100398
36.00	-0.074356
39.00	-0.102588
42.00	-0.030189
45.00	0.002496
48.00	0.026261
51.00	0.022300
54.00	0.014429
57.00	0.038931
60.00	-0.008440
63.00	-0.023466
66.00	-0.067522
69.00	-0.041293
72.00	-0.103397
75.00	-0.062125
78.00	-0.024870
81.00	0.032331
84.00	0.047551
87.00	0.135971
90.00	0.127709
93.00	0.135971
96.00	0.047551
99.00	0.032331
102.00	-0.024870
105.00	-0.062125
108.00	-0.103397
111.00	-0.041293
114.00	-0.067522
117.00	-0.023466
120.00	-0.008440
123.00	0.038931
126.00	0.014429
129.00	0.022300
132.00	0.026261
135.00	0.002496
138.00	-0.030189
141.00	-0.102588
144.00	-0.074356
147.00	-0.100398
150.00	-0.073184
153.00	-0.030687
156.00	0.029100
159.00	-0.016585
162.00	0.018946
165.00	0.029398
168.00	0.012694
171.00	-0.000335
174.00	0.049252
177.00	0.061829
180.00	0.069243
183.00	0.061829
186.00	0.049252
189.00	-0.000335
192.00	0.012694
195.00	0.029398
198.00	0.018946
201.00	-0.016585
204.00	0.029100
207.00	-0.030687
210.00	-0.073184
213.00	-0.100398
216.00	-0.074356
219.00	-0.102588
222.00	-0.030189
225.00	0.002496
228.00	0.026261
231.00	0.022300
234.00	0.014429
237.00	0.038931
240.00	-0.008440
243.00	-0.023466
246.00	-0.067522
249.00	-0.041293
252.00	-0.103397
255.00	-0.062125
258.00	-0.024870
261.00	0.032331
264.00	0.047551
267.00	0.135971
270.00	0.127709
273.00	0.135971
276.00	0.047551
279.00	0.032331
282.00	-0.024870
285.00	-0.062125
288.00	-0.103397
291.00	-0.041293
294.00	-0.067522
297.00	-0.023466
300.00	-0.008440
303.00	0.038931
306.00	0.014429
309.00	0.022300
312.00	0.026261
315.00	0.002496
318.00	-0.030189
321.00	-0.102588
324.00	-0.074356
327.00	-0.100398
330.00	-0.073184
333.00	-0.030687
336.00	0.029100
339.00	-0.016585
342.00	0.018946
345.00	0.029398
348.00	0.012694
351.00	-0.000335
354.00	0.049252
357.00	0.061829
360.00	0.069243

theta 27.20
0.00	0.022438
3.00	0.018906
6.00	-0.002847
9.00	0.041100
12.00	0.050505
15.00	0.046387
18.00	0.028407
21.00	-0.046880
24.00	-0.070905
27.00	-0.093827
30.00	-0.036936
33.00	-0.012762
36.00	0.051126
39.00	0.053142
42.00	0.071533
45.00	0.039963
48.00	-0.021928
51.00	-0.016193
54.00	-0.015607
57.00	-0.052395
60.00	-0.057222
63.00	-0.019666
66.00	-0.039088
69.00	-0.079802
72.00	-0.117182
75.00	-0.099423
78.00	-0.056959
81.00	0.000388
84.00	0.066815
87.00	0.136869
90.00	0.127364
93.00	0.136869
96.00	0.066815
99.00	0.000388
102.00	-0.056959
105.00	-0.099423
108.00	-0.117182
111.00	-0.079802
114.00	-0.039088
117.00	-0.019666
120.00	-0.057222
123.00	-0.052395
126.00	-0.015607
129.00	-0.016193
132.00	-0.021928
135.00	0.039963
138.00	0.071533
141.00	0.053142
144.00	0.051126
147.00	-0.012762
150.00	-0.036936
153.00	-0.093827
156.00	-0.070905
159.00	-0.046880
162.00	0.028407
165.00	0.046387
168.00	0.050505
171.00	0.041100
174.00	-0.002847
177.00	0.018906
180.00	0.022438
183.00	0.018906
186.00	-0.002847
189.00	0.041100
192.00	0.050505
195.00	0.046387
198.00	0.028407
201.00	-0.046880
204.00	-0.070905
207.00	-0.093827
210.00	-0.036936
213.00	-0.012762
216.00	0.051126
219.00	0.053142
222.00	0.071533
225.00	0.039963
228.00	-0.021928
231.00	-0.016193
234.00	-0.015607
237.00	-0.052395
240.00	-0.057222
243.00	-0.019666
246.00	-0.039088
249.00	-0.079802
252.00	-0.117182
255.00	-0.099423
258.00	-0.056959
261.00	0.000388
264.00	0.066815
267.00	0.136869
270.00	0.127364
273.00	0.136869
276.00	0.066815
279.00	0.000388
282.00	-0.056959
285.00	-0.099423
288.00	-0.117182
291.00	-0.079802
294.00	-0.039088
297.00	-0.019666
300.00	-0.057222
303.00	-0.052395
306.00	-0.015607
309.00	-0.016193
312.00	-0.021928
315.00	0.039963
318.00	0.071533
321.00	0.053142
324.00	0.051126
327.00	-0.012762
330.00	-0.036936
333.00	-0.093827
336.00	-0.070905
339.00	-0.046880
342.00	0.028407
345.00	0.046387
348.00	0.050505
351.00	0.041100
354.00	-0.002847
357.00	0.018906
360.00	0.022438

theta 30.20
0.00	0.011402
3.00	0.010701
6.00	-0.008551
9.00	0.041036
12.00	0.046488
15.00	0.023167
18.00	-0.006167
21.00	0.023367
24.00	-0.038354
27.00	-0.059160
30.00	-0.055163
33.00	-0.003937
36.00	-0.023348
39.00	0.043418
42.00	0.072041
45.00	0.119466
48.00	0.082907
51.00	0.071672
54.00	0.047165
57.00	0.014418
60.00	0.017050
63.00	0.004327
66.00	0.005025
69.00	0.018365
72.00	0.013606
75.00	-0.006919
78.00	-0.009419
81.00	0.024732
84.00	0.040096
87.00	0.081495
90.00	0.082233
93.00	0.081495
96.00	0.040096
99.00	0.024732
102.00	-0.009419
105.00	-0.006919
108.00	0.013606
111.00	0.018365
114.00	0.005025
117.00	0.004327
120.00	0.017050
123.00	0.014418
126.00	0.047165
129.00	0.071672
132.00	0.082907
135.00	0.119466
138.00	0.072041
141.00	0.043418
144.00	-0.023348
147.00	-0.003937
150.00	-0.055163
153.00	-0.059160
156.00	-0.038354
159.00	0.023367
162.00	-0.006167
165.00	0.023167
168.00	0.046488
171.00	0.041036
174.00	-0.008551
177.00	0.010701
180.00	0.011402
183.00	0.010701
186.00	-0.008551
189.00	0.041036
192.00	0.046488
195.00	0.023167
198.00	-0.006167
201.00	0.023367
204.00	-0.038354
207.00	-0.059160
210.00	-0.055163
213.00	-0.003937
216.00	-0.023348
219.00	0.043418
222.00	0.072041
225.00	0.119466
228.00	0.082907
231.00	0.071672
234.00	0.047165
237.00	0.014418
240.00	0.017050
243.00	0.004327
246.00	0.005025
249.00	0.018365
252.00	0.013606
255.00	-0.006919
258.00	-0.009419
261.00	0.024732
264.00	0.040096
267.00	0.081495
270.00	0.082233
273.00	0.081495
276.00	0.040096
279.00	0.024732
282.00	-0.009419
285.00	-0.006919
288.00	0.013606
291.00	0.018365
294.00	0.005025
297.00	0.004327
300.00	0.017050
303.00	0.014418
306.00	0.047165
309.00	0.071672
312.00	0.082907
315.00	0.119466
318.00	0.072041
321.00	0.043418
324.00	-0.023348
327.00	-0.003937
330.00	-0.055163
333.00	-0.059160
336.00	-0.038354
339.00	0.023367
342.00	-0.006167
345.00	0.023167
348.00	0.046488
351.00	0.041036
354.00	-0.008551
357.00	0.010701
360.00	0.011402

theta 33.20
0.00	-0.049294
3.00	-0.016639
6.00	-0.010090
9.00	0.000151
12.00	0.005224
15.00	-0.017939
18.00	-0.016237
21.00	-0.041560
24.00	-0.040035
27.00	-0.045509
30.00	-0.015295
33.00	-0.006810
36.00	0.041576
39.00	0.055938
42.00	0.100434
45.00	0.076194
48.00	0.090317
51.00	0.095535
54.00	0.075595
57.00	0.068703
60.00	0.078542
63.00	0.057539
66.00	0.006595
69.00	0.040307
72.00	-0.005266
75.00	0.016472
78.00	0.039484
81.00	0.106659
84.00	0.082597
87.00	0.078540
90.00	0.082822
93.00	0.078540
96.00	0.082597
99.00	0.106659
102.00	0.039484
105.00	0.016472
108.00	-0.005266
111.00	0.040307
114.00	0.006595
117.00	0.057539
120.00	0.078542
123.00	0.068703
126.00	0.075595
129.00	0.095535
132.00	0.090317
135.00	0.076194
138.00	0.100434
141.00	0.055938
144.00	0.041576
147.00	-0.006810
150.00	-0.015295
153.00	-0.045509
156.00	-0.040035
159.00	-0.041560
162.00	-0.016237
165.00	-0.017939
168.00	0.005224
171.00	0.000151
174.00	-0.010090
177.00	-0.016639
180.00	-0.049294
183.00	-0.016639
186.00	-0.010090
189.00	0.000151
192.00	0.005224
195.00	-0.017939
198.00	-0.016237
201.00	-0.041560
204.00	-0.040035
207.00	-0.045509
210.00	-0.015295
213.00	-0.006810
216.00	0.041576
219.00	0.055938
222.00	0.100434
225.00	0.076194
228.00	0.090317
231.00	0.095535
234.00	0.075595
237.00	0.068703
240.00	0.078542
243.00	0.057539
246.00	0.006595
249.00	0.040307
252.00	-0.005266
255.00	0.016472
258.00	0.039484
261.00	0.106659
264.00	0.082597
267.00	0.078540
270.00	0.082822
273.00	0.078540
276.00	0.082597
279.00	0.106659
282.00	0.039484
285.00	0.016472
288.00	-0.005266
291.00	0.040307
294.00	0.006595
297.00	0.057539
300.00	0.078542
303.00	0.068703
306.00	0.075595
309.00	0.095535
312.00	0.090317
315.00	0.076194
318.00	0.100434
321.00	0.055938
324.00	0.041576
327.00	-0.006810
330.00	-0.015295
333.00	-0.045509
336.00	-0.040035
339.00	-0.041560
342.00	-0.016237
345.00	-0.017939
348.00	0.005224
351.00	0.000151
354.00	-0.010090
357.00	-0.016639
360.00	-0.049294

theta 36.20
0.00	-0.043346
3.00	-0.035179
6.00	-0.038191
9.00	-0.060265
12.00	-0.104199
15.00	-0.115193
18.00	-0.118928
21.00	-0.105532
24.00	-0.066089
27.00	-0.008642
30.00	0.029021
33.00	0.066376
36.00	0.090983
39.00	0.114109
42.00	0.125611
45.00	0.106390
48.00	0.098853
51.00	0.094919
54.00	0.081949
57.00	0.073344
60.00	0.077714
63.00	0.059323
66.00	0.026949
69.00	0.018684
72.00	-0.009219
75.00	-0.025363
78.00	-0.013598
81.00	0.011996
84.00	0.003965
87.00	0.034723
90.00	0.049050
93.00	0.034723
96.00	0.003965
99.00	0.011996
102.00	-0.013598
105.00	-0.025363
108.00	-0.009219
111.00	0.018684
114.00	0.026949
117.00	0.059323
120.00	0.077714
123.00	0.073344
126.00	0.081949
129.00	0.094919
132.00	0.098853
135.00	0.106390
138.00	0.125611
141.00	0.114109
144.00	0.090983
147.00	0.066376
150.00	0.029021
153.00	-0.008642
156.00	-0.066089
159.00	-0.105532
162.00	-0.118928
165.00	-0.115193
168.00	-0.104199
171.00	-0.060265
174.00	-0.038191
177.00	-0.035179
180.00	-0.043346
183.00	-0.035179
186.00	-0.038191
189.00	-0.060265
192.00	-0.104199
195.00	-0.115193
198.00	-0.118928
201.00	-0.105532
204.00	-0.066089
207.00	-0.008642
210.00	0.029021
213.00	0.066376
216.00	0.090983
219.00	0.114109
222.00	0.125611
225.00	0.106390
228.00	0.098853
231.00	0.094919
234.00	0.081949
237.00	0.073344
240.00	0.077714
243.00	0.059323
246.00	0.026949
249.00	0.018684
252.00	-0.009219
255.00	-0.025363
258.00	-0.013598
261.00	0.011996
264.00	0.003965
267.00	0.034723
270.00	0.049050
273.00	0.034723
276.00	0.003965
279.00	0.011996
282.00	-0.013598
285.00	-0.025363
288.00	-0.009219
291.00	0.018684
294.00	0.026949
297.00	0.059323
300.00	0.077714
303.00	0.073344
306.00	0.081949
309.00	0.094919
312.00	0.098853
315.00	0.106390
318.00	0.125611
321.00	0.114109
324.00	0.090983
327.00	0.066376
330.00	0.029021
333.00	-0.008642
336.00	-0.066089
339.00	-0.105532
342.00	-0.118928
345.00	-0.115193
348.00	-0.104199
351.00	-0.060265
354.00	-0.038191
357.00	-0.035179
360.00	-0.043346

theta 39.20
0.00	-0.103887
3.00	-0.080603
6.00	-0.055074
9.00	-0.093673
12.00	-0.104652
15.00	-0.086657
18.00	-0.097077
21.00	-0.051146
24.00	-0.016427
27.00	0.024284
30.00	0.040533
33.00	0.091930
36.00	0.100699
39.00	0.147064
42.00	0.172065
45.00	0.188523
48.00	0.193301
51.00	0.190487
54.00	0.157519
57.00	0.148567
60.00	0.122222
63.00	0.077879
66.00	0.052235
69.00	0.046112
72.00	-0.002249
75.00	-0.024093
78.00	-0.024240
81.00	-0.024739
84.00	-0.009122
87.00	0.009835
90.00	0.004540
93.00	0.009835
96.00	-0.009122
99.00	-0.024739
102.00	-0.024240
105.00	-0.024093
108.00	-0.002249
111.00	0.046112
114.00	0.052235
117.00	0.077879
120.00	0.122222
123.00	0.148567
126.00	0.157519
129.00	0.190487
132.00	0.193301
135.00	0.188523
138.00	0.172065
141.00	0.147064
144.00	0.100699
147.00	0.091930
150.00	0.040533
153.00	0.024284
156.00	-0.016427
159.00	-0.051146
162.00	-0.097077
165.00	-0.086657
168.00	-0.104652
171.00	-0.093673
174.00	-0.055074
177.00	-0.080603
180.00	-0.103887
183.00	-0.080603
186.00	-0.055074
189.00	-0.093673
192.00	-0.104652
195.00	-0.086657
198.00	-0.097077
201.00	-0.051146
204.00	-0.016427
207.00	0.024284
210.00	0.040533
213.00	0.091930
216.00	0.100699
219.00	0.147064
222.00	0.172065
225.00	0.188523
228.00	0.193301
231.00	0.190487
234.00	0.157519
237.00	0.148567
240.00	0.122222
243.00	0.077879
246.00	0.052235
249.00	0.046112
252.00	-0.002249
255.00	-0.024093
258.00	-0.024240
261.00	-0.024739
264.00	-0.009122
267.00	0.009835
270.00	0.004540
273.00	0.009835
276.00	-0.009122
279.00	-0.024739
282.00	-0.024240
285.00	-0.024093
288.00	-0.002249
291.00	0.046112
294.00	0.052235
297.00	0.077879
300.00	0.122222
303.00	0.148567
306.00	0.157519
309.00	0.190487
312.00	0.193301
315.00	0.188523
318.00	0.172065
321.00	0.147064
324.00	0.100699
327.00	0.091930
330.00	0.040533
333.00	0.024284
336.00	-0.016427
339.00	-0.051146
342.00	-0.097077
345.00	-0.086657
348.00	-0.104652
351.00	-0.093673
354.00	-0.055074
357.00	-0.080603
360.00	-0.103887

theta 42.20
0.00	-0.137686
3.00	-0.130667
6.00	-0.145840
9.00	-0.162627
12.00	-0.166904
15.00	-0.153452
18.00	-0.122064
21.00	-0.079736
24.00	-0.054790
27.00	-0.028686
30.00	0.014307
33.00	0.069023
36.00	0.113721
39.00	0.160792
42.00	0.200922
45.00	0.246167
48.00	0.240734
51.00	0.215922
54.00	0.186027
57.00	0.155057
60.00	0.091557
63.00	0.063444
66.00	0.046225
69.00	0.047022
72.00	0.034086
75.00	0.026616
78.00	0.008162
81.00	-0.000274
84.00	0.003517
87.00	0.020012
90.00	0.020211
93.00	0.020012
96.00	0.003517
99.00	-0.000274
102.00	0.008162
105.00	0.026616
108.00	0.034086
111.00	0.047022
114.00	0.046225
117.00	0.063444
120.00	0.091557
123.00	0.155057
126.00	0.186027
129.00	0.215922
132.00	0.240734
135.00	0.246167
138.00	0.200922
141.00	0.160792
144.00	0.113721
147.00	0.069023
150.00	0.014307
153.00	-0.028686
156.00	-0.054790
159.00	-0.079736
162.00	-0.122064
165.00	-0.153452
168.00	-0.166904
171.00	-0.162627
174.00	-0.145840
177.00	-0.130667
180.00	-0.137686
183.00	-0.130667
186.00	-0.145840
189.00	-0.162627
192.00	-0.166904
195.00	-0.153452
198.00	-0.122064
201.00	-0.079736
204.00	-0.054790
207.00	-0.028686
210.00	0.014307
213.00	0.069023
216.00	0.113721
219.00	0.160792
222.00	0.200922
225.00	0.246167
228.00	0.240734
231.00	0.215922
234.00	0.186027
237.00	0.155057
240.00	0.091557
243.00	0.063444
246.00	0.046225
249.00	0.047022
252.00	0.034086
255.00	0.026616
258.00	0.008162
261.00	-0.000274
264.00	0.003517
267.00	0.020012
270.00	0.020211
273.00	0.020012
276.00	0.003517
279.00	-0.000274
282.00	0.008162
285.00	0.026616
288.00	0.034086
291.00	0.047022
294.00	0.046225
297.00	0.063444
300.00	0.091557
303.00	0.155057
306.00	0.186027
309.00	0.215922
312.00	0.240734
315.00	0.246167
318.00	0.200922
321.00	0.160792
324.00	0.113721
327.00	0.069023
330.00	0.014307
333.00	-0.028686
336.00	-0.054790
339.00	-0.079736
342.00	-0.122064
345.00	-0.153452
348.00	-0.166904
351.00	-0.162627
354.00	-0.145840
357.00	-0.130667
360.00	-0.137686

theta 45.20
0.00	-0.105865
3.00	-0.091814
6.00	-0.091896
9.00	-0.092700
12.00	-0.073661
15.00	-0.066534
18.00	-0.041094
21.00	-0.047271
24.00	-0.032474
27.00	-0.024248
30.00	-0.005964
33.00	0.025578
36.00	0.081620
39.00	0.129563
42.00	0.150631
45.00	0.170720
48.00	0.168115
51.00	0.149941
54.00	0.078291
57.00	0.080054
60.00	0.050642
63.00	0.044389
66.00	0.057384
69.00	0.103080
72.00	0.091077
75.00	0.110970
78.00	0.119401
81.00	0.112990
84.00	0.117960
87.00	0.111212
90.00	0.118162
93.00	0.111212
96.00	0.117960
99.00	0.112990
102.00	0.119401
105.00	0.110970
108.00	0.091077
111.00	0.103080
114.00	0.057384
117.00	0.044389
120.00	0.050642
123.00	0.080054
126.00	0.078291
129.00	0.149941
132.00	0.168115
135.00	0.170720
138.00	0.150631
141.00	0.129563
144.00	0.081620
147.00	0.025578
150.00	-0.005964
153.00	-0.024248
156.00	-0.032474
159.00	-0.047271
162.00	-0.041094
165.00	-0.066534
168.00	-0.073661
171.00	-0.092700
174.00	-0.091896
177.00	-0.091814
180.00	-0.105865
183.00	-0.091814
186.00	-0.091896
189.00	-0.092700
192.00	-0.073661
195.00	-0.066534
198.00	-0.041094
201.00	-0.047271
204.00	-0.032474
207.00	-0.024248
210.00	-0.005964
213.00	0.025578
216.00	0.081620
219.00	0.129563
222.00	0.150631
225.00	0.170720
228.00	0.168115
231.00	0.149941
234.00	0.078291
237.00	0.080054
240.00	0.050642
243.00	0.044389
246.00	0.057384
249.00	0.103080
252.00	0.091077
255.00	0.110970
258.00	0.119401
261.00	0.112990
264.00	0.117960
267.00	0.111212
270.00	0.118162
273.00	0.111212
276.00	0.117960
279.00	0.112990
282.00	0.119401
285.00	0.110970
288.00	0.091077
291.00	0.103080
294.00	0.057384
297.00	0.044389
300.00	0.050642
303.00	0.080054
306.00	0.078291
309.00	0.149941
312.00	0.168115
315.00	0.170720
318.00	0.150631
321.00	0.129563
324.00	0.081620
327.00	0.025578
330.00	-0.005964
333.00	-0.024248
336.00	-0.032474
339.00	-0.047271
342.00	-0.041094
345.00	-0.066534
348.00	-0.073661
351.00	-0.092700
354.00	-0.091896
357.00	-0.091814
360.00	-0.105865

theta 48.20
0.00	-0.039455
3.00	-0.026131
6.00	-0.015029
9.00	-0.016766
12.00	-0.037294
15.00	-0.049510
18.00	-0.032204
21.00	-0.031715
24.00	-0.045752
27.00	-0.043894
30.00	-0.027262
33.00	-0.044577
36.00	-0.025331
39.00	0.027286
42.00	0.024943
45.00	0.013939
48.00	0.041636
51.00	0.059522
54.00	0.034606
57.00	0.055996
60.00	0.044806
63.00	0.032803
66.00	0.011818
69.00	0.020689
72.00	0.012753
75.00	0.053449
78.00	0.085714
81.00	0.123089
84.00	0.173373
87.00	0.236983
90.00	0.244306
93.00	0.236983
96.00	0.173373
99.00	0.123089
102.00	0.085714
105.00	0.053449
108.00	0.012753
111.00	0.020689
114.00	0.011818
117.00	0.032803
120.00	0.044806
123.00	0.055996
126.00	0.034606
129.00	0.059522
132.00	0.041636
135.00	0.013939
138.00	0.024943
141.00	0.027286
144.00	-0.025331
147.00	-0.044577
150.00	-0.027262
153.00	-0.043894
156.00	-0.045752
159.00	-0.031715
162.00	-0.032204
165.00	-0.049510
168.00	-0.037294
171.00	-0.016766
174.00	-0.015029
177.00	-0.026131
180.00	-0.039455
183.00	-0.026131
186.00	-0.015029
189.00	-0.016766
192.00	-0.037294
195.00	-0.049510
198.00	-0.032204
201.00	-0.031715
204.00	-0.045752
207.00	-0.043894
210.00	-0.027262
213.00	-0.044577
216.00	-0.025331
219.00	0.027286
222.00	0.024943
225.00	0.013939
228.00	0.041636
231.00	0.059522
234.00	0.034606
237.00	0.055996
240.00	0.044806
243.00	0.032803
246.00	0.011818
249.00	0.020689
252.00	0.012753
255.00	0.053449
258.00	0.085714
261.00	0.123089
264.00	0.173373
267.00	0.236983
270.00	0.244306
273.00	0.236983
276.00	0.173373
279.00	0.123089
282.00	0.085714
285.00	0.053449
288.00	0.012753
291.00	0.020689
294.00	0.011818
297.00	0.032803
300.00	0.044806
303.00	0.055996
306.00	0.034606
309.00	0.059522
312.00	0.041636
315.00	0.013939
318.00	0.024943
321.00	0.027286
324.00	-0.025331
327.00	-0.044577
330.00	-0.027262
333.00	-0.043894
336.00	-0.045752
339.00	-0.031715
342.00	-0.032204
345.00	-0.049510
348.00	-0.037294
351.00	-0.016766
354.00	-0.015029
357.00	-0.026131
360.00	-0.039455

theta 51.20
0.00	0.021708
3.00	0.030770
6.00	0.017600
9.00	-0.020264
12.00	-0.077686
15.00	-0.100219
18.00	-0.116656
21.00	-0.098867
24.00	-0.104211
27.00	-0.099306
30.00	-0.072588
33.00	-0.024650
36.00	-0.040753
39.00	-0.031064
42.00	-0.021559
45.00	-0.020822
48.00	-0.026151
51.00	0.004519
54.00	0.019965
57.00	0.069404
60.00	0.079244
63.00	0.060155
66.00	0.066077
69.00	0.066105
72.00	0.045846
75.00	0.040175
78.00	0.097527
81.00	0.109167
84.00	0.185539
87.00	0.266578
90.00	0.376042
93.00	0.266578
96.00	0.185539
99.00	0.109167
102.00	0.097527
105.00	0.040175
108.00	0.045846
111.00	0.066105
114.00	0.066077
117.00	0.060155
120.00	0.079244
123.00	0.069404
126.00	0.019965
129.00	0.004519
132.00	-0.026151
135.00	-0.020822
138.00	-0.021559
141.00	-0.031064
144.00	-0.040753
147.00	-0.024650
150.00	-0.072588
153.00	-0.099306
156.00	-0.104211
159.00	-0.098867
162.00	-0.116656
165.00	-0.100219
168.00	-0.077686
171.00	-0.020264
174.00	0.017600
177.00	0.030770
180.00	0.021708
183.00	0.030770
186.00	0.017600
189.00	-0.020264
192.00	-0.077686
195.00	-0.100219
198.00	-0.116656
201.00	-0.098867
204.00	-0.104211
207.00	-0.099306
210.00	-0.072588
213.00	-0.024650
216.00	-0.040753
219.00	-0.031064
222.00	-0.021559
225.00	-0.020822
228.00	-0.026151
231.00	0.004519
234.00	0.019965
237.00	0.069404
240.00	0.079244
243.00	0.060155
246.00	0.066077
249.00	0.066105
252.00	0.045846
255.00	0.040175
258.00	0.097527
261.00	0.109167
264.00	0.185539
267.00	0.266578
270.00	0.376042
273.00	0.266578
276.00	0.185539
279.00	0.109167
282.00	0.097527
285.00	0.040175
288.00	0.045846
291.00	0.066105
294.00	0.066077
297.00	0.060155
300.00	0.079244
303.00	0.069404
306.00	0.019965
309.00	0.004519
312.00	-0.026151
315.00	-0.020822
318.00	-0.021559
321.00	-0.031064
324.00	-0.040753
327.00	-0.024650
330.00	-0.072588
333.00	-0.099306
336.00	-0.104211
339.00	-0.098867
342.00	-0.116656
345.00	-0.100219
348.00	-0.077686
351.00	-0.020264
354.00	0.017600
357.00	0.030770
360.00	0.021708

theta 54.20
0.00	0.030133
3.00	0.038677
6.00	-0.001776
9.00	-0.027783
12.00	-0.054555
15.00	-0.110723
18.00	-0.141007
21.00	-0.135838
24.00	-0.153927
27.00	-0.165027
30.00	-0.114310
33.00	-0.062725
36.00	-0.057849
39.00	-0.017805
42.00	0.014987
45.00	0.038025
48.00	0.029345
51.00	0.038768
54.00	0.050972
57.00	0.063806
60.00	0.032949
63.00	0.061571
66.00	0.057723
69.00	0.034699
72.00	0.007557
75.00	0.025457
78.00	0.069700
81.00	0.140727
84.00	0.204342
87.00	0.299057
90.00	0.322593
93.00	0.299057
96.00	0.204342
99.00	0.140727
102.00	0.069700
105.00	0.025457
108.00	0.007557
111.00	0.034699
114.00	0.057723
117.00	0.061571
120.00	0.032949
123.00	0.063806
126.00	0.050972
129.00	0.038768
132.00	0.029345
135.00	0.038025
138.00	0.014987
141.00	-0.017805
144.00	-0.057849
147.00	-0.062725
150.00	-0.114310
153.00	-0.165027
156.00	-0.153927
159.00	-0.135838
162.00	-0.141007
165.00	-0.110723
168.00	-0.054555
171.00	-0.027783
174.00	-0.001776
177.00	0.038677
180.00	0.030133
183.00	0.038677
186.00	-0.001776
189.00	-0.027783
192.00	-0.054555
195.00	-0.110723
198.00	-0.141007
201.00	-0.135838
204.00	-0.153927
207.00	-0.165027
210.00	-0.114310
213.00	-0.062725
216.00	-0.057849
219.00	-0.017805
222.00	0.014987
225.00	0.038025
228.00	0.029345
231.00	0.038768
234.00	0.050972
237.00	0.063806
240.00	0.032949
243.00	0.061571
246.00	0.057723
249.00	0.034699
252.00	0.007557
255.00	0.025457
258.00	0.069700
261.00	0.140727
264.00	0.204342
267.00	0.299057
270.00	0.322593
273.00	0.299057
276.00	0.204342
279.00	0.140727
282.00	0.069700
285.00	0.025457
288.00	0.007557
291.00	0.034699
294.00	0.057723
297.00	0.061571
300.00	0.032949
303.00	0.063806
306.00	0.050972
309.00	0.038768
312.00	0.029345
315.00	0.038025
318.00	0.014987
321.00	-0.017805
324.00	-0.057849
327.00	-0.062725
330.00	-0.114310
333.00	-0.165027
336.00	-0.153927
339.00	-0.135838
342.00	-0.141007
345.00	-0.110723
348.00	-0.054555
351.00	-0.027783
354.00	-0.001776
357.00	0.038677
360.00	0.030133

theta 57.20
0.00	-0.043507
3.00	-0.032813
6.00	-0.034985
9.00	-0.041756
12.00	-0.068805
15.00	-0.092972
18.00	-0.102147
21.00	-0.105904
24.00	-0.114351
27.00	-0.113961
30.00	-0.088237
33.00	-0.064827
36.00	-0.029967
39.00	0.026653
42.00	0.078291
45.00	0.109054
48.00	0.119983
51.00	0.130490
54.00	0.096491
57.00	0.047156
60.00	0.036272
63.00	0.057416
66.00	0.052368
69.00	0.073222
72.00	0.107023
75.00	0.132655
78.00	0.135798
81.00	0.110273
84.00	0.127856
87.00	0.168179
90.00	0.147818
93.00	0.168179
96.00	0.127856
99.00	0.110273
102.00	0.135798
105.00	0.132655
108.00	0.107023
111.00	0.073222
114.00	0.052368
117.00	0.057416
120.00	0.036272
123.00	0.047156
126.00	0.096491
129.00	0.130490
132.00	0.119983
135.00	0.109054
138.00	0.078291
141.00	0.026653
144.00	-0.029967
147.00	-0.064827
150.00	-0.088237
153.00	-0.113961
156.00	-0.114351
159.00	-0.105904
162.00	-0.102147
165.00	-0.092972
168.00	-0.068805
171.00	-0.041756
174.00	-0.034985
177.00	-0.032813
180.00	-0.043507
183.00	-0.032813
186.00	-0.034985
189.00	-0.041756
192.00	-0.068805
195.00	-0.092972
198.00	-0.102147
201.00	-0.105904
204.00	-0.114351
207.00	-0.113961
210.00	-0.088237
213.00	-0.064827
216.00	-0.029967
219.00	0.026653
222.00	0.078291
225.00	0.109054
228.00	0.119983
231.00	0.130490
234.00	0.096491
237.00	0.047156
240.00	0.036272
243.00	0.057416
246.00	0.052368
249.00	0.073222
252.00	0.107023
255.00	0.132655
258.00	0.135798
261.00	0.110273
264.00	0.127856
267.00	0.168179
270.00	0.147818
273.00	0.168179
276.00	0.127856
279.00	0.110273
282.00	0.135798
285.00	0.132655
288.00	0.107023
291.00	0.073222
294.00	0.052368
297.00	0.057416
300.00	0.036272
303.00	0.047156
306.00	0.096491
309.00	0.130490
312.00	0.119983
315.00	0.109054
318.00	0.078291
321.00	0.026653
324.00	-0.029967
327.00	-0.064827
330.00	-0.088237
333.00	-0.113961
336.00	-0.114351
339.00	-0.105904
342.00	-0.102147
345.00	-0.092972
348.00	-0.068805
351.00	-0.041756
354.00	-0.034985
357.00	-0.032813
360.00	-0.043507

theta 60.20
0.00	-0.169623
3.00	-0.169785
6.00	-0.153870
9.00	-0.109847
12.00	-0.108314
15.00	-0.082988
18.00	-0.075398
21.00	-0.053039
24.00	-0.078900
27.00	-0.071748
30.00	-0.056670
33.00	-0.019383
36.00	0.011076
39.00	0.054078
42.00	0.120956
45.00	0.149247
48.00	0.185948
51.00	0.167470
54.00	0.151637
57.00	0.128892
60.00	0.116861
63.00	0.074651
66.00	0.065919
69.00	0.086828
72.00	0.119316
75.00	0.096515
78.00	0.101518
81.00	0.144727
84.00	0.159354
87.00	0.124485
90.00	0.130206
93.00	0.124485
96.00	0.159354
99.00	0.144727
102.00	0.101518
105.00	0.096515
108.00	0.119316
111.00	0.086828
114.00	0.065919
117.00	0.074651
120.00	0.116861
123.00	0.128892
126.00	0.151637
129.00	0.167470
132.00	0.185948
135.00	0.149247
138.00	0.120956
141.00	0.054078
144.00	0.011076
147.00	-0.019383
150.00	-0.056670
153.00	-0.071748
156.00	-0.078900
159.00	-0.053039
162.00	-0.075398
165.00	-0.082988
168.00	-0.108314
171.00	-0.109847
174.00	-0.153870
177.00	-0.169785
180.00	-0.169623
183.00	-0.169785
186.00	-0.153870
189.00	-0.109847
192.00	-0.108314
195.00	-0.082988
198.00	-0.075398
201.00	-0.053039
204.00	-0.078900
207.00	-0.071748
210.00	-0.056670
213.00	-0.019383
216.00	0.011076
219.00	0.054078
222.00	0.120956
225.00	0.149247
228.00	0.185948
231.00	0.167470
234.00	0.151637
237.00	0.128892
240.00	0.116861
243.00	0.074651
246.00	0.065919
249.00	0.086828
252.00	0.119316
255.00	0.096515
258.00	0.101518
261.00	0.144727
264.00	0.159354
267.00	0.124485
270.00	0.130206
273.00	0.124485
276.00	0.159354
279.00	0.144727
282.00	0.101518
285.00	0.096515
288.00	0.119316
291.00	0.086828
294.00	0.065919
297.00	0.074651
300.00	0.116861
303.00	0.128892
306.00	0.151637
309.00	0.167470
312.00	0.185948
315.00	0.149247
318.00	0.120956
321.00	0.054078
324.00	0.011076
327.00	-0.019383
330.00	-0.056670
333.00	-0.071748
336.00	-0.078900
339.00	-0.053039
342.00	-0.075398
345.00	-0.082988
348.00	-0.108314
351.00	-0.109847
354.00	-0.153870
357.00	-0.169785
360.00	-0.169623

theta 63.20
0.00	-0.211971
3.00	-0.209717
6.00	-0.185910
9.00	-0.182247
12.00	-0.140837
15.00	-0.110147
18.00	-0.057809
21.00	-0.040809
24.00	-0.030347
27.00	-0.023085
30.00	-0.026658
33.00	-0.018275
36.00	-0.004176
39.00	0.122236
42.00	0.167590
45.00	0.241590
48.00	0.235235
51.00	0.244991
54.00	0.156831
57.00	0.138844
60.00	0.112942
63.00	0.126977
66.00	0.121172
69.00	0.102992
72.00	0.117144
75.00	0.109882
78.00	0.091596
81.00	0.078366
84.00	0.097642
87.00	0.097218
90.00	0.089923
93.00	0.097218
96.00	0.097642
99.00	0.078366
102.00	0.091596
105.00	0.109882
108.00	0.117144
111.00	0.102992
114.00	0.121172
117.00	0.126977
120.00	0.112942
123.00	0.138844
126.00	0.156831
129.00	0.244991
132.00	0.235235
135.00	0.241590
138.00	0.167590
141.00	0.122236
144.00	-0.004176
147.00	-0.018275
150.00	-0.026658
153.00	-0.023085
156.00	-0.030347
159.00	-0.040809
162.00	-0.057809
165.00	-0.110147
168.00	-0.140837
171.00	-0.182247
174.00	-0.185910
177.00	-0.209717
180.00	-0.211971
183.00	-0.209717
186.00	-0.185910
189.00	-0.182247
192.00	-0.140837
195.00	-0.110147
198.00	-0.057809
201.00	-0.040809
204.00	-0.030347
207.00	-0.023085
210.00	-0.026658
213.00	-0.018275
216.00	-0.004176
219.00	0.122236
222.00	0.167590
225.00	0.241590
228.00	0.235235
231.00	0.244991
234.00	0.156831
237.00	0.138844
240.00	0.112942
243.00	0.126977
246.00	0.121172
249.00	0.102992
252.00	0.117144
255.00	0.109882
258.00	0.091596
261.00	0.078366
264.00	0.097642
267.00	0.097218
270.00	0.089923
273.00	0.097218
276.00	0.097642
279.00	0.078366
282.00	0.091596
285.00	0.109882
288.00	0.117144
291.00	0.102992
294.00	0.121172
297.00	0.126977
300.00	0.112942
303.00	0.138844
306.00	0.156831
309.00	0.244991
312.00	0.235235
315.00	0.241590
318.00	0.167590
321.00	0.122236
324.00	-0.004176
327.00	-0.018275
330.00	-0.026658
333.00	-0.023085
336.00	-0.030347
339.00	-0.040809
342.00	-0.057809
345.00	-0.110147
348.00	-0.140837
351.00	-0.182247
354.00	-0.185910
357.00	-0.209717
360.00	-0.211971

theta 66.20
0.00	-0.179603
3.00	-0.170660
6.00	-0.165375
9.00	-0.158932
12.00	-0.152089
15.00	-0.125099
18.00	-0.067614
21.00	-0.006392
24.00	0.028134
27.00	0.034814
30.00	0.021359
33.00	0.025651
36.00	0.013782
39.00	0.061758
42.00	0.097664
45.00	0.147701
48.00	0.122587
51.00	0.123395
54.00	0.105299
57.00	0.123157
60.00	0.149682
63.00	0.184373
66.00	0.180676
69.00	0.170504
72.00	0.112185
75.00	0.069028
78.00	0.049378
81.00	0.062934
84.00	0.080804
87.00	0.129134
90.00	0.134117
93.00	0.129134
96.00	0.080804
99.00	0.062934
102.00	0.049378
105.00	0.069028
108.00	0.112185
111.00	0.170504
114.00	0.180676
117.00	0.184373
120.00	0.149682
123.00	0.123157
126.00	0.105299
129.00	0.123395
132.00	0.122587
135.00	0.147701
138.00	0.097664
141.00	0.061758
144.00	0.013782
147.00	0.025651
150.00	0.021359
153.00	0.034814
156.00	0.028134
159.00	-0.006392
162.00	-0.067614
165.00	-0.125099
168.00	-0.152089
171.00	-0.158932
174.00	-0.165375
177.00	-0.170660
180.00	-0.179603
183.00	-0.170660
186.00	-0.165375
189.00	-0.158932
192.00	-0.152089
195.00	-0.125099
198.00	-0.067614
201.00	-0.006392
204.00	0.028134
207.00	0.034814
210.00	0.021359
213.00	0.025651
216.00	0.013782
219.00	0.061758
222.00	0.097664
225.00	0.147701
228.00	0.122587
231.00	0.123395
234.00	0.105299
237.00	0.123157
240.00	0.149682
243.00	0.184373
246.00	0.180676
249.00	0.170504
252.00	0.112185
255.00	0.069028
258.00	0.049378
261.00	0.062934
264.00	0.080804
267.00	0.129134
270.00	0.134117
273.00	0.129134
276.00	0.080804
279.00	0.062934
282.00	0.049378
285.00	0.069028
288.00	0.112185
291.00	0.170504
294.00	0.180676
297.00	0.184373
300.00	0.149682
303.00	0.123157
306.00	0.105299
309.00	0.123395
312.00	0.122587
315.00	0.147701
318.00	0.097664
321.00	0.061758
324.00	0.013782
327.00	0.025651
330.00	0.021359
333.00	0.034814
336.00	0.028134
339.00	-0.006392
342.00	-0.067614
345.00	-0.125099
348.00	-0.152089
351.00	-0.158932
354.00	-0.165375
357.00	-0.170660
360.00	-0.179603

theta 69.20
0.00	-0.148086
3.00	-0.160503
6.00	-0.160480
9.00	-0.171713
12.00	-0.186310
15.00	-0.154047
18.00	-0.091126
21.00	-0.017552
24.00	0.032688
27.00	0.077014
30.00	0.060630
33.00	0.028729
36.00	-0.002541
39.00	-0.012940
42.00	-0.036002
45.00	-0.011447
48.00	-0.009590
51.00	-0.026510
54.00	0.012800
57.00	0.097589
60.00	0.166108
63.00	0.254152
66.00	0.282651
69.00	0.220951
72.00	0.139498
75.00	0.084064
78.00	0.030770
81.00	0.032719
84.00	0.075675
87.00	0.151720
90.00	0.165110
93.00	0.151720
96.00	0.075675
99.00	0.032719
102.00	0.030770
105.00	0.084064
108.00	0.139498
111.00	0.220951
114.00	0.282651
117.00	0.254152
120.00	0.166108
123.00	0.097589
126.00	0.012800
129.00	-0.026510
132.00	-0.009590
135.00	-0.011447
138.00	-0.036002
141.00	-0.012940
144.00	-0.002541
147.00	0.028729
150.00	0.060630
153.00	0.077014
156.00	0.032688
159.00	-0.017552
162.00	-0.091126
165.00	-0.154047
168.00	-0.186310
171.00	-0.171713
174.00	-0.160480
177.00	-0.160503
180.00	-0.148086
183.00	-0.160503
186.00	-0.160480
189.00	-0.171713
192.00	-0.186310
195.00	-0.154047
198.00	-0.091126
201.00	-0.017552
204.00	0.032688
207.00	0.077014
210.00	0.060630
213.00	0.028729
216.00	-0.002541
219.00	-0.012940
222.00	-0.036002
225.00	-0.011447
228.00	-0.009590
231.00	-0.026510
234.00	0.012800
237.00	0.097589
240.00	0.166108
243.00	0.254152
246.00	0.282651
249.00	0.220951
252.00	0.139498
255.00	0.084064
258.00	0.030770
261.00	0.032719
264.00	0.075675
267.00	0.151720
270.00	0.165110
273.00	0.151720
276.00	0.075675
279.00	0.032719
282.00	0.030770
285.00	0.084064
288.00	0.139498
291.00	0.220951
294.00	0.282651
297.00	0.254152
300.00	0.166108
303.00	0.097589
306.00	0.012800
309.00	-0.026510
312.00	-0.009590
315.00	-0.011447
318.00	-0.036002
321.00	-0.012940
324.00	-0.002541
327.00	0.028729
330.00	0.060630
333.00	0.077014
336.00	0.032688
339.00	-0.017552
342.00	-0.091126
345.00	-0.154047
348.00	-0.186310
351.00	-0.171713
354.00	-0.160480
357.00	-0.160503
360.00	-0.148086

