Fe on Ga203
  1123.99988  1113.99988    -0.50000     1.00000     2.00000    21    50.0
LO MagPE 50.000KE/1  Ex=1486.599eV WF=4.000eV Ck=XL Det=MCD Ent=6x12mm Exit=4mm
91013
91101
92219
93511
96908
100794
108503
120395
143316
168940
187961
187124
162202
137636
119783
109285
102114
95280
91519
89625
88332
   711.49994   702.99994    -0.50000     1.00000     2.00000    18    50.0
LO MagPE 50.000KE/1  Ex=1486.599eV WF=4.000eV Ck=XL Det=MCD Ent=6x12mm Exit=4mm
79641
81379
81386
83462
82697
82175
85976
89900
92479
92246
86212
78303
74348
73401
73033
72045
71207
71406
