Fe on Ga203
  1123.99988  1113.99988    -0.50000     1.00000     2.00000    21    50.0
LO MagPE 50.000KE/1  Ex=1486.599eV WF=4.000eV Ck=XL Det=MCD Ent=6x12mm Exit=4mm
96097
96281
98906
98563
102585
105266
108536
117147
132073
152129
170651
167277
156323
135274
122570
114856
106323
101377
98806
94916
95310
   711.49994   702.99994    -0.50000     1.00000     2.00000    18    50.0
LO MagPE 50.000KE/1  Ex=1486.599eV WF=4.000eV Ck=XL Det=MCD Ent=6x12mm Exit=4mm
82549
83690
83408
82154
83834
86417
90262
95018
95979
93649
85551
78953
72188
71115
69050
68577
67679
67879
