Fe on Ga203
  1123.99988  1113.99988    -0.50000     1.00000     2.00000    21    50.0
LO MagPE 50.000KE/1  Ex=1486.599eV WF=4.000eV Ck=XL Det=MCD Ent=6x12mm Exit=4mm
35544
35779
37450
37416
39760
43328
48637
58036
76334
97195
113164
111131
89599
68130
55168
47447
41954
37953
35841
34850
33392
   711.49994   702.99994    -0.50000     1.00000     2.00000    18    50.0
LO MagPE 50.000KE/1  Ex=1486.599eV WF=4.000eV Ck=XL Det=MCD Ent=6x12mm Exit=4mm
30879
32283
31588
32018
33114
33646
34140
35161
37028
35228
33407
30598
29023
29092
27979
28192
28265
28012
