Fe on Ga203
  1123.99988  1113.99988    -0.50000     1.00000     2.00000    21    50.0
LO MagPE 50.000KE/1  Ex=1486.599eV WF=4.000eV Ck=XL Det=MCD Ent=6x12mm Exit=4mm
56943
56241
56767
57074
58457
58458
60845
64487
69751
77342
83253
84586
77986
71521
66332
62643
60126
56777
56148
55660
54916
   711.49994   702.99994    -0.50000     1.00000     2.00000    18    50.0
LO MagPE 50.000KE/1  Ex=1486.599eV WF=4.000eV Ck=XL Det=MCD Ent=6x12mm Exit=4mm
43633
44644
44625
44985
45920
46009
47589
49111
50879
51723
47722
44061
41037
40287
39787
39020
39383
39027
