Fe on Ga203
  1123.99988  1113.99988    -0.50000     1.00000     2.00000    21    50.0
LO MagPE 50.000KE/1  Ex=1486.599eV WF=4.000eV Ck=XL Det=MCD Ent=6x12mm Exit=4mm
70340
70649
71328
73177
73260
74946
78062
83326
93289
104939
114420
115777
107369
94928
87517
81732
76574
72890
70081
68761
67386
   711.49994   702.99994    -0.50000     1.00000     2.00000    18    50.0
LO MagPE 50.000KE/1  Ex=1486.599eV WF=4.000eV Ck=XL Det=MCD Ent=6x12mm Exit=4mm
55126
55369
57039
57191
57044
56670
57723
59212
60640
60841
58481
55473
53324
51824
51458
51213
52215
52374
