Fe on Ga203
  1123.99988  1113.99988    -0.50000     1.00000     2.00000    21    50.0
LO MagPE 50.000KE/1  Ex=1486.599eV WF=4.000eV Ck=XL Det=MCD Ent=6x12mm Exit=4mm
84863
84961
85051
85951
87054
89477
93109
99070
109784
124067
136558
137473
124792
112049
102052
97454
92173
86626
84909
83221
82709
   711.49994   702.99994    -0.50000     1.00000     2.00000    18    50.0
LO MagPE 50.000KE/1  Ex=1486.599eV WF=4.000eV Ck=XL Det=MCD Ent=6x12mm Exit=4mm
64604
66020
65509
65794
66686
67006
68093
69534
70931
71134
69285
64694
62957
61241
60987
61419
61183
61145
