Fe on Ga203
  1123.99988  1113.99988    -0.50000     1.00000     2.00000    21    50.0
LO MagPE 50.000KE/1  Ex=1486.599eV WF=4.000eV Ck=XL Det=MCD Ent=6x12mm Exit=4mm
33267
33820
33509
34608
35059
37824
40552
47287
55407
68746
74710
74240
63873
52331
44200
39800
36988
35466
34553
32454
32348
   711.49994   702.99994    -0.50000     1.00000     2.00000    18    50.0
LO MagPE 50.000KE/1  Ex=1486.599eV WF=4.000eV Ck=XL Det=MCD Ent=6x12mm Exit=4mm
27632
29565
28443
29422
30370
30823
32360
34359
35921
34974
32104
28045
25542
23895
24278
23222
23100
23129
