Fe on Ga203
  1123.99988  1113.99988    -0.50000     1.00000     2.00000    21    50.0
LO MagPE 50.000KE/1  Ex=1486.599eV WF=4.000eV Ck=XL Det=MCD Ent=6x12mm Exit=4mm
78744
78017
79431
79791
80889
82177
85148
92165
100684
113183
125608
125772
115075
103739
95202
90259
84173
79797
78198
75868
75440
   711.49994   702.99994    -0.50000     1.00000     2.00000    18    50.0
LO MagPE 50.000KE/1  Ex=1486.599eV WF=4.000eV Ck=XL Det=MCD Ent=6x12mm Exit=4mm
62114
61416
62064
62423
62705
63645
63886
65599
66719
67904
65757
61736
59215
58671
58321
57806
57197
58502
