Fe on Ga203
  1123.99988  1113.99988    -0.50000     1.00000     2.00000    21    50.0
LO MagPE 50.000KE/1  Ex=1486.599eV WF=4.000eV Ck=XL Det=MCD Ent=6x12mm Exit=4mm
37559
37842
38488
38268
38802
38940
40947
43432
47401
52202
57311
57982
54612
50409
47860
45014
42263
39003
36899
36285
35954
   711.49994   702.99994    -0.50000     1.00000     2.00000    18    50.0
LO MagPE 50.000KE/1  Ex=1486.599eV WF=4.000eV Ck=XL Det=MCD Ent=6x12mm Exit=4mm
27453
27575
28514
28637
28515
29168
29413
30671
31590
31476
30027
27509
25823
25589
24951
25440
24909
24682
