Fe on Ga203
  1123.99988  1113.99988    -0.50000     1.00000     2.00000    21    50.0
LO MagPE 50.000KE/1  Ex=1486.599eV WF=4.000eV Ck=XL Det=MCD Ent=6x12mm Exit=4mm
57658
58934
58571
59007
59987
62762
66481
72617
83869
97836
109291
109708
99989
84182
74788
70220
63376
59799
57243
55725
55271
   711.49994   702.99994    -0.50000     1.00000     2.00000    18    50.0
LO MagPE 50.000KE/1  Ex=1486.599eV WF=4.000eV Ck=XL Det=MCD Ent=6x12mm Exit=4mm
46806
47982
47046
48264
48675
48880
49765
51642
53674
53077
51125
47731
44075
44117
43081
42300
41803
42954
