Fe on Ga203
  1123.99988  1113.99988    -0.50000     1.00000     2.00000    21    50.0
LO MagPE 50.000KE/1  Ex=1486.599eV WF=4.000eV Ck=XL Det=MCD Ent=6x12mm Exit=4mm
92368
96671
98120
100406
101635
104128
110443
122669
138589
160784
181502
179762
157558
136566
119341
110887
103937
99652
95482
94901
91564
   711.49994   702.99994    -0.50000     1.00000     2.00000    18    50.0
LO MagPE 50.000KE/1  Ex=1486.599eV WF=4.000eV Ck=XL Det=MCD Ent=6x12mm Exit=4mm
79794
81050
81461
83327
84080
87031
90418
95110
100028
98968
87406
77805
71793
69918
68915
67218
67734
68426
