Fe on Ga203
  1123.99988  1113.99988    -0.50000     1.00000     2.00000    21    50.0
LO MagPE 50.000KE/1  Ex=1486.599eV WF=4.000eV Ck=XL Det=MCD Ent=6x12mm Exit=4mm
86331
87068
87664
89868
90513
95012
101594
115394
136124
162007
181317
180462
156289
131063
114098
102673
96299
90744
87333
85169
83993
   711.49994   702.99994    -0.50000     1.00000     2.00000    18    50.0
LO MagPE 50.000KE/1  Ex=1486.599eV WF=4.000eV Ck=XL Det=MCD Ent=6x12mm Exit=4mm
76842
77506
78386
79239
81369
82372
83771
87532
91033
90247
83888
75074
70904
68384
67115
67407
67253
67243
