Fe on Ga203
  1123.99988  1113.99988    -0.50000     1.00000     2.00000    21    50.0
LO MagPE 50.000KE/1  Ex=1486.599eV WF=4.000eV Ck=XL Det=MCD Ent=6x12mm Exit=4mm
83828
83867
85584
85511
87731
88434
93482
100336
111844
128394
140803
141015
127257
114196
101955
96828
90728
87100
84289
82501
82112
   711.49994   702.99994    -0.50000     1.00000     2.00000    18    50.0
LO MagPE 50.000KE/1  Ex=1486.599eV WF=4.000eV Ck=XL Det=MCD Ent=6x12mm Exit=4mm
69888
71257
72444
72856
74303
76036
79929
83424
85347
85695
77804
69357
63110
61843
60673
59473
60175
59761
