Fe on Ga203
  1123.99988  1113.99988    -0.50000     1.00000     2.00000    21    50.0
LO MagPE 50.000KE/1  Ex=1486.599eV WF=4.000eV Ck=XL Det=MCD Ent=6x12mm Exit=4mm
84669
84883
85230
85571
85488
86998
90338
93812
100728
107940
114609
115568
108758
101127
94955
91867
89124
86029
84295
83720
82853
   711.49994   702.99994    -0.50000     1.00000     2.00000    18    50.0
LO MagPE 50.000KE/1  Ex=1486.599eV WF=4.000eV Ck=XL Det=MCD Ent=6x12mm Exit=4mm
68572
69803
69509
71002
71683
72723
75491
79078
81357
80419
74329
67927
63147
61263
59748
60326
59541
59397
