Fe on Ga203
  1123.99988  1113.99988    -0.50000     1.00000     2.00000    21    50.0
LO MagPE 50.000KE/1  Ex=1486.599eV WF=4.000eV Ck=XL Det=MCD Ent=6x12mm Exit=4mm
32514
32812
34049
34855
37119
42459
48175
57020
74321
96143
111600
109592
86939
67237
51709
45422
39829
35118
32947
31797
31130
   711.49994   702.99994    -0.50000     1.00000     2.00000    18    50.0
LO MagPE 50.000KE/1  Ex=1486.599eV WF=4.000eV Ck=XL Det=MCD Ent=6x12mm Exit=4mm
31225
31210
31886
31393
31757
32626
33382
35152
35924
36181
32963
30580
28225
27040
26838
26513
26629
26944
