Fe on Ga203
  1123.99988  1113.99988    -0.50000     1.00000     2.00000    21    50.0
LO MagPE 50.000KE/1  Ex=1486.599eV WF=4.000eV Ck=XL Det=MCD Ent=6x12mm Exit=4mm
98991
99640
97673
96343
98811
101919
109807
118390
132589
161388
178395
179230
154635
133986
122890
114259
106488
101137
98838
98025
96104
   711.49994   702.99994    -0.50000     1.00000     2.00000    18    50.0
LO MagPE 50.000KE/1  Ex=1486.599eV WF=4.000eV Ck=XL Det=MCD Ent=6x12mm Exit=4mm
82790
85840
85201
86309
89000
88704
93771
100343
102676
102251
92318
81984
75621
74514
72883
71460
72454
70806
