Fe on Ga203
  1123.99988  1113.99988    -0.50000     1.00000     2.00000    21    50.0
LO MagPE 50.000KE/1  Ex=1486.599eV WF=4.000eV Ck=XL Det=MCD Ent=6x12mm Exit=4mm
88325
88496
89550
90143
91030
94113
98118
104699
117238
132570
145586
147602
133848
118437
106650
100815
95790
90041
88059
86942
86009
   711.49994   702.99994    -0.50000     1.00000     2.00000    18    50.0
LO MagPE 50.000KE/1  Ex=1486.599eV WF=4.000eV Ck=XL Det=MCD Ent=6x12mm Exit=4mm
68529
68472
68234
70418
70217
71245
71665
72970
75542
75134
72872
68428
65833
63842
63617
63106
63590
63802
