Fe on Ga203
  1123.99988  1113.99988    -0.50000     1.00000     2.00000    21    50.0
LO MagPE 50.000KE/1  Ex=1486.599eV WF=4.000eV Ck=XL Det=MCD Ent=6x12mm Exit=4mm
89832
90376
90906
91274
94493
96394
101989
110291
124456
146492
161357
161248
145365
125036
112567
104430
98518
93477
89458
87837
88018
   711.49994   702.99994    -0.50000     1.00000     2.00000    18    50.0
LO MagPE 50.000KE/1  Ex=1486.599eV WF=4.000eV Ck=XL Det=MCD Ent=6x12mm Exit=4mm
70136
71573
71929
72987
72635
74264
73718
75052
78374
77805
76285
71485
67809
66535
66128
66927
65842
66069
