Fe on Ga203
  1123.99988  1113.99988    -0.50000     1.00000     2.00000    21    50.0
LO MagPE 50.000KE/1  Ex=1486.599eV WF=4.000eV Ck=XL Det=MCD Ent=6x12mm Exit=4mm
85530
85960
86272
87333
88610
90484
94220
100260
109740
123074
134804
135554
124098
111566
102790
97551
91237
87904
84837
83926
82620
   711.49994   702.99994    -0.50000     1.00000     2.00000    18    50.0
LO MagPE 50.000KE/1  Ex=1486.599eV WF=4.000eV Ck=XL Det=MCD Ent=6x12mm Exit=4mm
65033
65483
65452
66695
67294
66907
68388
69629
70197
70467
69158
65562
64108
62746
62122
61230
61219
61298
