Fe on Ga203
  1123.99988  1113.99988    -0.50000     1.00000     2.00000    21    50.0
LO MagPE 50.000KE/1  Ex=1486.599eV WF=4.000eV Ck=XL Det=MCD Ent=6x12mm Exit=4mm
77999
78658
79779
80636
82116
85433
89199
98118
114112
132760
149774
149954
134380
114058
101099
93522
85735
80215
77673
75943
75322
   711.49994   702.99994    -0.50000     1.00000     2.00000    18    50.0
LO MagPE 50.000KE/1  Ex=1486.599eV WF=4.000eV Ck=XL Det=MCD Ent=6x12mm Exit=4mm
62187
62661
64108
63944
64721
66559
67895
71193
72745
72664
69690
63647
59098
57488
57041
56280
56550
57030
