Fe on Ga203
  1123.99988  1113.99988    -0.50000     1.00000     2.00000    21    50.0
LO MagPE 50.000KE/1  Ex=1486.599eV WF=4.000eV Ck=XL Det=MCD Ent=6x12mm Exit=4mm
30812
32661
33454
34089
35637
37092
40983
47507
57868
72711
81243
80128
68399
55463
46754
40804
37578
34005
32679
31764
31079
   711.49994   702.99994    -0.50000     1.00000     2.00000    18    50.0
LO MagPE 50.000KE/1  Ex=1486.599eV WF=4.000eV Ck=XL Det=MCD Ent=6x12mm Exit=4mm
29616
30779
31309
31612
31593
33358
33714
35039
35545
35477
32721
30448
27756
25626
24870
25054
26311
26035
