Fe on Ga203
  1123.99988  1113.99988    -0.50000     1.00000     2.00000    21    50.0
LO MagPE 50.000KE/1  Ex=1486.599eV WF=4.000eV Ck=XL Det=MCD Ent=6x12mm Exit=4mm
91941
93458
94490
95056
98558
100346
107309
119541
137508
157839
177285
178085
157387
135272
121386
112517
103967
97284
91921
90950
88463
   711.49994   702.99994    -0.50000     1.00000     2.00000    18    50.0
LO MagPE 50.000KE/1  Ex=1486.599eV WF=4.000eV Ck=XL Det=MCD Ent=6x12mm Exit=4mm
81645
80878
82231
83434
85199
83716
88034
90956
92663
90784
85247
82302
76333
74193
71678
72001
69686
70988
