Fe on Ga203
  1123.99988  1113.99988    -0.50000     1.00000     2.00000    21    50.0
LO MagPE 50.000KE/1  Ex=1486.599eV WF=4.000eV Ck=XL Det=MCD Ent=6x12mm Exit=4mm
32628
33158
33508
33846
34872
37656
39871
47000
56653
69028
78848
79000
67808
53233
45253
42093
37068
35352
31807
32573
32080
   711.49994   702.99994    -0.50000     1.00000     2.00000    18    50.0
LO MagPE 50.000KE/1  Ex=1486.599eV WF=4.000eV Ck=XL Det=MCD Ent=6x12mm Exit=4mm
30658
31426
32708
31875
31939
32660
35384
36571
38262
38981
35086
30890
28189
27038
26971
26587
25818
25773
