Fe on Ga203
  1123.99988  1113.99988    -0.50000     1.00000     2.00000    21    50.0
LO MagPE 50.000KE/1  Ex=1486.599eV WF=4.000eV Ck=XL Det=MCD Ent=6x12mm Exit=4mm
78808
79335
80071
81550
83143
86529
92547
103758
123355
145685
164498
161722
140640
118574
104181
94047
85147
80390
77336
75904
74115
   711.49994   702.99994    -0.50000     1.00000     2.00000    18    50.0
LO MagPE 50.000KE/1  Ex=1486.599eV WF=4.000eV Ck=XL Det=MCD Ent=6x12mm Exit=4mm
69601
69867
70861
71017
72832
73392
74998
76638
78211
78694
75225
69458
65781
63751
62982
62975
62135
62053
