Fe on Ga203
  1123.99988  1113.99988    -0.50000     1.00000     2.00000    21    50.0
LO MagPE 50.000KE/1  Ex=1486.599eV WF=4.000eV Ck=XL Det=MCD Ent=6x12mm Exit=4mm
77769
76173
77229
78249
79008
79859
82881
87416
95272
104180
112678
112648
105550
95802
89094
85107
81231
77825
76066
75926
74429
   711.49994   702.99994    -0.50000     1.00000     2.00000    18    50.0
LO MagPE 50.000KE/1  Ex=1486.599eV WF=4.000eV Ck=XL Det=MCD Ent=6x12mm Exit=4mm
63053
63090
64326
65722
66417
67959
70694
73081
75258
74079
69519
62507
57763
55832
55118
54893
54738
54895
