Fe on Ga203
  1123.99988  1113.99988    -0.50000     1.00000     2.00000    21    50.0
LO MagPE 50.000KE/1  Ex=1486.599eV WF=4.000eV Ck=XL Det=MCD Ent=6x12mm Exit=4mm
30144
30604
30863
31530
32075
33893
36483
39245
48251
58858
65811
65552
59542
48073
42351
37658
33469
32177
32316
31532
30926
   711.49994   702.99994    -0.50000     1.00000     2.00000    18    50.0
LO MagPE 50.000KE/1  Ex=1486.599eV WF=4.000eV Ck=XL Det=MCD Ent=6x12mm Exit=4mm
26122
27081
26849
27720
27809
29092
32277
34231
33588
35083
31321
26452
24419
23753
22400
22517
22661
22725
