Fe on Ga203
  1123.99988  1113.99988    -0.50000     1.00000     2.00000    21    50.0
LO MagPE 50.000KE/1  Ex=1486.599eV WF=4.000eV Ck=XL Det=MCD Ent=6x12mm Exit=4mm
29002
29654
29575
29929
31087
34605
37202
41464
51181
63633
74190
71342
60557
48964
41563
36151
32211
30407
29767
28433
28328
   711.49994   702.99994    -0.50000     1.00000     2.00000    18    50.0
LO MagPE 50.000KE/1  Ex=1486.599eV WF=4.000eV Ck=XL Det=MCD Ent=6x12mm Exit=4mm
25058
26246
26295
27570
27683
27917
29785
30927
32198
30924
27990
25619
22794
21787
21356
21517
21129
20651
