Fe on Ga203
  1123.99988  1113.99988    -0.50000     1.00000     2.00000    21    50.0
LO MagPE 50.000KE/1  Ex=1486.599eV WF=4.000eV Ck=XL Det=MCD Ent=6x12mm Exit=4mm
25754
25756
26389
26666
27894
29207
33136
37885
46460
58861
67109
66714
56843
45018
37212
32675
28673
26754
25456
24860
24604
   711.49994   702.99994    -0.50000     1.00000     2.00000    18    50.0
LO MagPE 50.000KE/1  Ex=1486.599eV WF=4.000eV Ck=XL Det=MCD Ent=6x12mm Exit=4mm
23023
22751
23358
23441
23830
24765
25429
27436
28305
27593
24683
22281
19965
19179
19127
18380
18573
18804
