Fe on Ga203
  1123.99988  1113.99988    -0.50000     1.00000     2.00000    21    50.0
LO MagPE 50.000KE/1  Ex=1486.599eV WF=4.000eV Ck=XL Det=MCD Ent=6x12mm Exit=4mm
55546
56396
56371
57178
58511
60189
63491
68517
77621
89073
99707
100106
90100
78807
72640
66510
61804
57631
55448
54216
54327
   711.49994   702.99994    -0.50000     1.00000     2.00000    18    50.0
LO MagPE 50.000KE/1  Ex=1486.599eV WF=4.000eV Ck=XL Det=MCD Ent=6x12mm Exit=4mm
46063
47241
47694
47366
50556
48413
49067
53630
51982
53420
50351
46526
44452
42841
41970
41922
42031
41709
