Fe on Ga203
  1123.99988  1113.99988    -0.50000     1.00000     2.00000    21    50.0
LO MagPE 50.000KE/1  Ex=1486.599eV WF=4.000eV Ck=XL Det=MCD Ent=6x12mm Exit=4mm
77050
78112
77908
79040
81669
83598
87732
95650
110182
125915
138976
139222
124185
108307
98364
90060
85497
80367
76890
74866
75694
   711.49994   702.99994    -0.50000     1.00000     2.00000    18    50.0
LO MagPE 50.000KE/1  Ex=1486.599eV WF=4.000eV Ck=XL Det=MCD Ent=6x12mm Exit=4mm
70190
71298
71904
72957
74651
75755
79192
84347
87539
86555
80098
70696
64427
62245
60920
61000
61403
59837
