Fe on Ga203
  1123.99988  1113.99988    -0.50000     1.00000     2.00000    21    50.0
LO MagPE 50.000KE/1  Ex=1486.599eV WF=4.000eV Ck=XL Det=MCD Ent=6x12mm Exit=4mm
31818
33048
33621
35181
37044
40102
44218
54231
71469
91320
105869
103887
84730
64372
52091
43976
38475
35162
33322
32050
31101
   711.49994   702.99994    -0.50000     1.00000     2.00000    18    50.0
LO MagPE 50.000KE/1  Ex=1486.599eV WF=4.000eV Ck=XL Det=MCD Ent=6x12mm Exit=4mm
30425
32019
31172
31186
32181
32567
33626
34339
35531
34579
32859
30756
28180
41532
27573
27915
39047
27040
