Fe on Ga203
  1123.99988  1113.99988    -0.50000     1.00000     2.00000    21    50.0
LO MagPE 50.000KE/1  Ex=1486.599eV WF=4.000eV Ck=XL Det=MCD Ent=6x12mm Exit=4mm
46720
47148
47822
47469
48744
50136
51694
55825
61750
70111
76392
77683
71266
64357
59506
55932
52181
49021
46757
45086
44768
   711.49994   702.99994    -0.50000     1.00000     2.00000    18    50.0
LO MagPE 50.000KE/1  Ex=1486.599eV WF=4.000eV Ck=XL Det=MCD Ent=6x12mm Exit=4mm
36661
37339
37770
37957
38668
38892
39714
42215
42746
43457
41381
37630
34786
33398
32864
32345
32942
32660
