Fe on Ga203
  1123.99988  1113.99988    -0.50000     1.00000     2.00000    21    50.0
LO MagPE 50.000KE/1  Ex=1486.599eV WF=4.000eV Ck=XL Det=MCD Ent=6x12mm Exit=4mm
94234
94862
95834
97742
100946
105743
111509
123252
141681
174747
193756
191175
161767
140250
121145
109783
105081
99197
94193
91254
91044
   711.49994   702.99994    -0.50000     1.00000     2.00000    18    50.0
LO MagPE 50.000KE/1  Ex=1486.599eV WF=4.000eV Ck=XL Det=MCD Ent=6x12mm Exit=4mm
81024
80390
82483
80885
83760
85298
89039
89153
89730
88936
86340
80124
76096
74667
73291
73669
74205
74725
