Fe on Ga203
  1123.99988  1113.99988    -0.50000     1.00000     2.00000    21    50.0
LO MagPE 50.000KE/1  Ex=1486.599eV WF=4.000eV Ck=XL Det=MCD Ent=6x12mm Exit=4mm
75792
74831
75388
77307
79575
82809
88549
97709
114165
134316
151651
151575
133674
111972
98674
90212
83333
77595
73999
72943
72497
   711.49994   702.99994    -0.50000     1.00000     2.00000    18    50.0
LO MagPE 50.000KE/1  Ex=1486.599eV WF=4.000eV Ck=XL Det=MCD Ent=6x12mm Exit=4mm
66859
67983
67391
68320
69688
69570
70616
73813
76092
77054
73389
67057
62150
61573
60567
60038
59770
59055
