Fe on Ga203
  1123.99988  1113.99988    -0.50000     1.00000     2.00000    21    50.0
LO MagPE 50.000KE/1  Ex=1486.599eV WF=4.000eV Ck=XL Det=MCD Ent=6x12mm Exit=4mm
31231
30971
31042
31745
34720
34935
38170
45353
57485
68279
76050
75092
65793
53008
44409
39583
34681
32584
30843
29672
28162
   711.49994   702.99994    -0.50000     1.00000     2.00000    18    50.0
LO MagPE 50.000KE/1  Ex=1486.599eV WF=4.000eV Ck=XL Det=MCD Ent=6x12mm Exit=4mm
28216
29077
29477
30063
31732
30877
32236
34267
34001
34542
30995
28317
26942
27049
26349
25692
26145
25412
