Fe on Ga203
  1123.99988  1113.99988    -0.50000     1.00000     2.00000    21    50.0
LO MagPE 50.000KE/1  Ex=1486.599eV WF=4.000eV Ck=XL Det=MCD Ent=6x12mm Exit=4mm
31059
30185
29453
29765
31310
32583
35689
40014
48280
57589
64360
64674
55125
45647
39836
35704
33141
30816
30315
29240
28268
   711.49994   702.99994    -0.50000     1.00000     2.00000    18    50.0
LO MagPE 50.000KE/1  Ex=1486.599eV WF=4.000eV Ck=XL Det=MCD Ent=6x12mm Exit=4mm
27958
29779
29666
30283
30786
33096
33599
36748
38309
37256
34924
28792
26653
24532
24470
24451
23999
23880
