Fe on Ga203
  1123.99988  1113.99988    -0.50000     1.00000     2.00000    21    50.0
LO MagPE 50.000KE/1  Ex=1486.599eV WF=4.000eV Ck=XL Det=MCD Ent=6x12mm Exit=4mm
92227
92855
93181
94854
94621
99126
105802
115478
131896
154094
169011
168567
153191
130274
118316
108209
101778
95778
94237
90320
90041
   711.49994   702.99994    -0.50000     1.00000     2.00000    18    50.0
LO MagPE 50.000KE/1  Ex=1486.599eV WF=4.000eV Ck=XL Det=MCD Ent=6x12mm Exit=4mm
76252
78276
78294
78798
81358
83310
86890
91210
92159
88575
83416
72789
68100
66435
64407
63786
63388
63889
