Fe on Ga203
  1123.99988  1113.99988    -0.50000     1.00000     2.00000    21    50.0
LO MagPE 50.000KE/1  Ex=1486.599eV WF=4.000eV Ck=XL Det=MCD Ent=6x12mm Exit=4mm
65945
65594
66657
66327
67951
69902
71785
76527
84062
92943
101425
100834
93814
84965
79310
74293
69927
67546
65204
64372
64100
   711.49994   702.99994    -0.50000     1.00000     2.00000    18    50.0
LO MagPE 50.000KE/1  Ex=1486.599eV WF=4.000eV Ck=XL Det=MCD Ent=6x12mm Exit=4mm
53518
53938
53585
54607
55293
56969
58551
60558
64015
63076
58954
54334
50611
48384
47925
48357
47453
46674
