Fe on Ga203
  1123.99988  1113.99988    -0.50000     1.00000     2.00000    21    50.0
LO MagPE 50.000KE/1  Ex=1486.599eV WF=4.000eV Ck=XL Det=MCD Ent=6x12mm Exit=4mm
100696
101834
102098
102791
105394
110908
119701
130687
153887
181146
201572
200323
176285
148059
131637
121033
112812
105720
101538
99998
98503
   711.49994   702.99994    -0.50000     1.00000     2.00000    18    50.0
LO MagPE 50.000KE/1  Ex=1486.599eV WF=4.000eV Ck=XL Det=MCD Ent=6x12mm Exit=4mm
84836
84144
82968
84231
87347
85400
84749
88491
92463
95109
90878
83119
77952
76508
77401
77768
78262
76529
