Fe on Ga203
  1123.99988  1113.99988    -0.50000     1.00000     2.00000    21    50.0
LO MagPE 50.000KE/1  Ex=1486.599eV WF=4.000eV Ck=XL Det=MCD Ent=6x12mm Exit=4mm
31705
32316
32440
33717
35408
36434
41480
49285
61519
74943
86758
84033
70286
56659
45642
40812
38089
34528
32072
31008
31076
   711.49994   702.99994    -0.50000     1.00000     2.00000    18    50.0
LO MagPE 50.000KE/1  Ex=1486.599eV WF=4.000eV Ck=XL Det=MCD Ent=6x12mm Exit=4mm
29264
29911
30342
30907
31486
31214
32794
33682
35522
34766
33413
28460
27090
25807
25003
24838
24579
25114
