Fe on Ga203
  1123.99988  1113.99988    -0.50000     1.00000     2.00000    21    50.0
LO MagPE 50.000KE/1  Ex=1486.599eV WF=4.000eV Ck=XL Det=MCD Ent=6x12mm Exit=4mm
36333
36860
37601
39042
39660
43064
49494
58990
74170
92780
108490
106176
87519
69246
55203
48421
42400
38658
36195
35741
34034
   711.49994   702.99994    -0.50000     1.00000     2.00000    18    50.0
LO MagPE 50.000KE/1  Ex=1486.599eV WF=4.000eV Ck=XL Det=MCD Ent=6x12mm Exit=4mm
31588
31471
31055
31092
31616
33084
33734
34824
35620
35914
33851
30180
28183
27851
26980
27280
27256
28019
