Fe on Ga203
  1123.99988  1113.99988    -0.50000     1.00000     2.00000    21    50.0
LO MagPE 50.000KE/1  Ex=1486.599eV WF=4.000eV Ck=XL Det=MCD Ent=6x12mm Exit=4mm
33187
33112
34234
35079
36005
37249
41012
48775
60606
77884
90375
85712
73588
58408
48987
42680
37594
33987
32586
30892
30519
   711.49994   702.99994    -0.50000     1.00000     2.00000    18    50.0
LO MagPE 50.000KE/1  Ex=1486.599eV WF=4.000eV Ck=XL Det=MCD Ent=6x12mm Exit=4mm
29679
30288
30312
31270
31598
31951
32969
33890
34683
36388
34492
31058
28608
27603
27226
26739
26741
26385
