Fe on Ga203
  1123.99988  1113.99988    -0.50000     1.00000     2.00000    21    50.0
LO MagPE 50.000KE/1  Ex=1486.599eV WF=4.000eV Ck=XL Det=MCD Ent=6x12mm Exit=4mm
64088
64037
63949
64289
64301
65974
67808
72186
77477
85665
92410
92179
85647
78260
75673
69706
66504
63938
62143
61721
60662
   711.49994   702.99994    -0.50000     1.00000     2.00000    18    50.0
LO MagPE 50.000KE/1  Ex=1486.599eV WF=4.000eV Ck=XL Det=MCD Ent=6x12mm Exit=4mm
48790
49431
49801
49661
50981
52337
53470
55100
56799
57306
54061
49714
46129
44084
44254
44142
43573
43934
