Fe on Ga203
  1123.99988  1113.99988    -0.50000     1.00000     2.00000    21    50.0
LO MagPE 50.000KE/1  Ex=1486.599eV WF=4.000eV Ck=XL Det=MCD Ent=6x12mm Exit=4mm
25986
25201
25946
26353
27952
29011
32298
38011
46301
57450
64943
63828
53672
42556
36782
30963
29160
26530
25474
24385
24450
   711.49994   702.99994    -0.50000     1.00000     2.00000    18    50.0
LO MagPE 50.000KE/1  Ex=1486.599eV WF=4.000eV Ck=XL Det=MCD Ent=6x12mm Exit=4mm
24985
25147
25105
25468
25788
26041
27133
28266
29158
28728
26718
23537
22002
20755
21664
21243
20925
20771
