Fe on Ga203
  1123.99988  1113.99988    -0.50000     1.00000     2.00000    21    50.0
LO MagPE 50.000KE/1  Ex=1486.599eV WF=4.000eV Ck=XL Det=MCD Ent=6x12mm Exit=4mm
84971
86114
85268
86697
86820
88594
92400
97769
106281
117445
126513
126364
115994
106051
98266
94513
89005
85660
84523
83123
82145
   711.49994   702.99994    -0.50000     1.00000     2.00000    18    50.0
LO MagPE 50.000KE/1  Ex=1486.599eV WF=4.000eV Ck=XL Det=MCD Ent=6x12mm Exit=4mm
69049
69618
71333
73180
72913
75226
77850
81518
85276
82459
75559
68271
63421
60386
59535
59088
58653
59165
