Fe on Ga203
  1123.99988  1113.99988    -0.50000     1.00000     2.00000    21    50.0
LO MagPE 50.000KE/1  Ex=1486.599eV WF=4.000eV Ck=XL Det=MCD Ent=6x12mm Exit=4mm
51438
51317
51522
51784
51813
53274
54850
56922
61616
67742
72164
73487
69385
65457
61929
59089
56259
52440
50871
50245
49126
   711.49994   702.99994    -0.50000     1.00000     2.00000    18    50.0
LO MagPE 50.000KE/1  Ex=1486.599eV WF=4.000eV Ck=XL Det=MCD Ent=6x12mm Exit=4mm
38926
39825
40151
39957
40365
40406
41281
42424
43776
43415
41790
39486
37392
37011
35856
36376
36533
35912
