Fe on Ga203
  1123.99988  1113.99988    -0.50000     1.00000     2.00000    21    50.0
LO MagPE 50.000KE/1  Ex=1486.599eV WF=4.000eV Ck=XL Det=MCD Ent=6x12mm Exit=4mm
101541
102137
104088
105467
110031
118155
126000
143999
172668
202533
229431
226635
197402
161781
142834
127456
117425
109099
106480
103027
100864
   711.49994   702.99994    -0.50000     1.00000     2.00000    18    50.0
LO MagPE 50.000KE/1  Ex=1486.599eV WF=4.000eV Ck=XL Det=MCD Ent=6x12mm Exit=4mm
87160
89464
88035
87809
89182
91273
91906
95490
98755
102102
95598
87869
84250
82126
81412
80291
81227
80619
