Fe on Ga203
  1123.99988  1113.99988    -0.50000     1.00000     2.00000    21    50.0
LO MagPE 50.000KE/1  Ex=1486.599eV WF=4.000eV Ck=XL Det=MCD Ent=6x12mm Exit=4mm
34359
33771
34500
36160
38953
41798
45945
51913
62525
76846
87926
91015
76285
61585
50920
45623
41301
38232
34926
34303
34483
   711.49994   702.99994    -0.50000     1.00000     2.00000    18    50.0
LO MagPE 50.000KE/1  Ex=1486.599eV WF=4.000eV Ck=XL Det=MCD Ent=6x12mm Exit=4mm
30086
30347
30702
30897
31719
33122
33907
34928
35200
35346
34269
31167
29766
28177
27894
28211
28101
27691
