Fe on Ga203
  1123.99988  1113.99988    -0.50000     1.00000     2.00000    21    50.0
LO MagPE 50.000KE/1  Ex=1486.599eV WF=4.000eV Ck=XL Det=MCD Ent=6x12mm Exit=4mm
31730
32645
32789
33670
34698
36325
38676
41995
50360
60689
68428
67188
61868
51279
44296
39962
37214
34525
33093
32647
32025
   711.49994   702.99994    -0.50000     1.00000     2.00000    18    50.0
LO MagPE 50.000KE/1  Ex=1486.599eV WF=4.000eV Ck=XL Det=MCD Ent=6x12mm Exit=4mm
28914
30912
30251
29650
30402
31937
33889
35630
36911
36019
32721
28631
27085
26188
25402
24693
24155
23919
