Fe on Ga203
  1123.99988  1113.99988    -0.50000     1.00000     2.00000    21    50.0
LO MagPE 50.000KE/1  Ex=1486.599eV WF=4.000eV Ck=XL Det=MCD Ent=6x12mm Exit=4mm
32587
33549
33229
34107
36313
38896
43405
52661
65888
81738
92519
88163
72125
57257
47412
41715
37859
34100
32791
31444
31784
   711.49994   702.99994    -0.50000     1.00000     2.00000    18    50.0
LO MagPE 50.000KE/1  Ex=1486.599eV WF=4.000eV Ck=XL Det=MCD Ent=6x12mm Exit=4mm
32889
32619
32118
32889
33494
34797
34662
35795
37610
36579
33960
32078
29950
29357
28190
28659
28346
28054
