Fe on Ga203
  1123.99988  1113.99988    -0.50000     1.00000     2.00000    21    50.0
LO MagPE 50.000KE/1  Ex=1486.599eV WF=4.000eV Ck=XL Det=MCD Ent=6x12mm Exit=4mm
31323
31546
32299
33502
35794
38387
44586
55582
71551
90170
104041
97859
78548
59928
48333
42055
36606
33436
31390
30029
30312
   711.49994   702.99994    -0.50000     1.00000     2.00000    18    50.0
LO MagPE 50.000KE/1  Ex=1486.599eV WF=4.000eV Ck=XL Det=MCD Ent=6x12mm Exit=4mm
31977
32929
31755
33023
33361
33444
35480
37313
37904
36929
34551
31581
28872
28268
28658
28081
28624
27377
