Fe on Ga203
  1123.99988  1113.99988    -0.50000     1.00000     2.00000    21    50.0
LO MagPE 50.000KE/1  Ex=1486.599eV WF=4.000eV Ck=XL Det=MCD Ent=6x12mm Exit=4mm
77199
77209
78990
79970
81053
85829
89530
100175
116641
136301
152514
152324
135331
112712
100164
92512
83478
79799
77857
76094
74354
   711.49994   702.99994    -0.50000     1.00000     2.00000    18    50.0
LO MagPE 50.000KE/1  Ex=1486.599eV WF=4.000eV Ck=XL Det=MCD Ent=6x12mm Exit=4mm
68932
70356
70802
71534
74167
75803
77259
81935
83855
84323
78798
69831
65046
63203
60892
60476
61209
60092
