Fe on Ga203
  1123.99988  1113.99988    -0.50000     1.00000     2.00000    21    50.0
LO MagPE 50.000KE/1  Ex=1486.599eV WF=4.000eV Ck=XL Det=MCD Ent=6x12mm Exit=4mm
81926
82484
83207
84401
84460
86515
90731
95643
107461
120255
131559
131294
119817
106226
98662
92753
88948
83846
82903
80684
80425
   711.49994   702.99994    -0.50000     1.00000     2.00000    18    50.0
LO MagPE 50.000KE/1  Ex=1486.599eV WF=4.000eV Ck=XL Det=MCD Ent=6x12mm Exit=4mm
69478
69313
70629
70512
73101
74989
78422
82421
86007
83830
76514
66759
63264
60223
59871
59153
59064
59539
