Fe on Ga203
  1123.99988  1113.99988    -0.50000     1.00000     2.00000    21    50.0
LO MagPE 50.000KE/1  Ex=1486.599eV WF=4.000eV Ck=XL Det=MCD Ent=6x12mm Exit=4mm
65973
66230
65821
65884
66418
67121
68601
70230
73436
77882
82251
83137
79119
75862
73141
71434
68162
66104
64472
64241
63544
   711.49994   702.99994    -0.50000     1.00000     2.00000    18    50.0
LO MagPE 50.000KE/1  Ex=1486.599eV WF=4.000eV Ck=XL Det=MCD Ent=6x12mm Exit=4mm
50021
50461
50413
50886
51290
51603
52036
52636
53337
53845
52982
50853
49819
49255
48447
48472
47924
48552
