Fe on Ga203
  1123.99988  1113.99988    -0.50000     1.00000     2.00000    21    50.0
LO MagPE 50.000KE/1  Ex=1486.599eV WF=4.000eV Ck=XL Det=MCD Ent=6x12mm Exit=4mm
33601
34072
34363
35493
37362
40221
45639
55071
69571
89414
102779
100900
82297
64082
51693
44395
39388
36092
33608
33417
32788
   711.49994   702.99994    -0.50000     1.00000     2.00000    18    50.0
LO MagPE 50.000KE/1  Ex=1486.599eV WF=4.000eV Ck=XL Det=MCD Ent=6x12mm Exit=4mm
29642
29665
29936
29991
30983
30288
31872
33420
33777
33527
32192
29842
27943
26976
26942
27443
26567
26674
