Fe on Ga203
  1123.99988  1113.99988    -0.50000     1.00000     2.00000    21    50.0
LO MagPE 50.000KE/1  Ex=1486.599eV WF=4.000eV Ck=XL Det=MCD Ent=6x12mm Exit=4mm
33634
33413
33341
34007
33796
34969
35666
37542
40208
43870
47213
48085
45223
42225
40861
39427
37230
34487
32805
32489
32282
   711.49994   702.99994    -0.50000     1.00000     2.00000    18    50.0
LO MagPE 50.000KE/1  Ex=1486.599eV WF=4.000eV Ck=XL Det=MCD Ent=6x12mm Exit=4mm
22253
22305
22290
22412
22777
23391
23092
24222
24449
24667
23851
22129
21138
20499
20093
20587
20222
20340
