Fe on Ga203
  1123.99988  1113.99988    -0.50000     1.00000     2.00000    21    50.0
LO MagPE 50.000KE/1  Ex=1486.599eV WF=4.000eV Ck=XL Det=MCD Ent=6x12mm Exit=4mm
34698
33960
35364
35962
38336
42015
47433
58239
75695
95780
111446
106692
88770
67522
54317
46161
40096
37118
36186
33364
33670
   711.49994   702.99994    -0.50000     1.00000     2.00000    18    50.0
LO MagPE 50.000KE/1  Ex=1486.599eV WF=4.000eV Ck=XL Det=MCD Ent=6x12mm Exit=4mm
30693
30409
32054
31011
31978
32424
32953
33330
35175
34560
33807
30471
27901
28745
27661
27698
27273
27041
