Fe on Ga203
  1123.99988  1113.99988    -0.50000     1.00000     2.00000    21    50.0
LO MagPE 50.000KE/1  Ex=1486.599eV WF=4.000eV Ck=XL Det=MCD Ent=6x12mm Exit=4mm
78655
78545
78463
80594
82144
84307
88244
96566
110640
127609
141987
141281
126027
109750
99933
92358
86318
80330
78203
75719
75225
   711.49994   702.99994    -0.50000     1.00000     2.00000    18    50.0
LO MagPE 50.000KE/1  Ex=1486.599eV WF=4.000eV Ck=XL Det=MCD Ent=6x12mm Exit=4mm
62361
63832
63941
63980
64446
65306
66209
66688
69449
69002
66706
62543
59675
58739
58615
57930
57384
58205
