Fe on Ga203
  1123.99988  1113.99988    -0.50000     1.00000     2.00000    21    50.0
LO MagPE 50.000KE/1  Ex=1486.599eV WF=4.000eV Ck=XL Det=MCD Ent=6x12mm Exit=4mm
33742
33460
33035
34885
36711
37502
40823
48697
60865
73256
85242
81190
68571
56106
46429
41133
37317
34133
35196
32591
30720
   711.49994   702.99994    -0.50000     1.00000     2.00000    18    50.0
LO MagPE 50.000KE/1  Ex=1486.599eV WF=4.000eV Ck=XL Det=MCD Ent=6x12mm Exit=4mm
29008
30408
30632
30742
31128
32314
31972
33673
34030
35011
32453
28189
27039
27131
28011
27970
26983
26921
