Fe on Ga203
  1123.99988  1113.99988    -0.50000     1.00000     2.00000    21    50.0
LO MagPE 50.000KE/1  Ex=1486.599eV WF=4.000eV Ck=XL Det=MCD Ent=6x12mm Exit=4mm
67102
67150
67937
69074
68496
69917
72785
77029
84431
93151
101761
102325
95177
86259
80683
77918
72523
68754
66404
65788
64866
   711.49994   702.99994    -0.50000     1.00000     2.00000    18    50.0
LO MagPE 50.000KE/1  Ex=1486.599eV WF=4.000eV Ck=XL Det=MCD Ent=6x12mm Exit=4mm
52519
52123
53498
53810
53657
54376
55388
56806
57412
56851
54891
52135
50320
49635
49285
48521
48730
49389
