Fe on Ga203
  1123.99988  1113.99988    -0.50000     1.00000     2.00000    21    50.0
LO MagPE 50.000KE/1  Ex=1486.599eV WF=4.000eV Ck=XL Det=MCD Ent=6x12mm Exit=4mm
41583
41840
41972
42007
42692
43247
44645
46705
50138
54451
58431
58560
55670
51281
49188
47224
44743
42243
41374
40700
40121
   711.49994   702.99994    -0.50000     1.00000     2.00000    18    50.0
LO MagPE 50.000KE/1  Ex=1486.599eV WF=4.000eV Ck=XL Det=MCD Ent=6x12mm Exit=4mm
30838
31831
31894
32025
32198
33267
33291
34791
35290
36194
34291
31087
29157
28495
28292
28118
28239
28259
