Fe on Ga203
  1123.99988  1113.99988    -0.50000     1.00000     2.00000    21    50.0
LO MagPE 50.000KE/1  Ex=1486.599eV WF=4.000eV Ck=XL Det=MCD Ent=6x12mm Exit=4mm
85104
85335
85716
85897
88263
89028
93033
98878
110269
124616
133943
134369
122484
109427
99679
95183
90577
85958
83880
83898
82728
   711.49994   702.99994    -0.50000     1.00000     2.00000    18    50.0
LO MagPE 50.000KE/1  Ex=1486.599eV WF=4.000eV Ck=XL Det=MCD Ent=6x12mm Exit=4mm
74470
71774
72446
73662
75807
80347
80817
85644
87094
86225
78584
69886
63427
61646
60966
60020
60623
59293
