Fe on Ga203
  1123.99988  1113.99988    -0.50000     1.00000     2.00000    21    50.0
LO MagPE 50.000KE/1  Ex=1486.599eV WF=4.000eV Ck=XL Det=MCD Ent=6x12mm Exit=4mm
66161
66203
67125
67671
68823
71522
74695
81954
93100
108626
120228
122732
110286
94003
84744
79400
73905
68731
66427
65003
63273
   711.49994   702.99994    -0.50000     1.00000     2.00000    18    50.0
LO MagPE 50.000KE/1  Ex=1486.599eV WF=4.000eV Ck=XL Det=MCD Ent=6x12mm Exit=4mm
55421
55276
56340
57844
57363
59168
60257
62107
65414
64202
61130
55941
53065
50656
50153
50241
49593
50976
