Fe on Ga203
  1123.99988  1113.99988    -0.50000     1.00000     2.00000    21    50.0
LO MagPE 50.000KE/1  Ex=1486.599eV WF=4.000eV Ck=XL Det=MCD Ent=6x12mm Exit=4mm
41025
40895
40870
41166
41528
42319
42939
44222
47770
51247
55308
55618
53111
49708
48220
46195
43990
41727
40525
39540
38905
   711.49994   702.99994    -0.50000     1.00000     2.00000    18    50.0
LO MagPE 50.000KE/1  Ex=1486.599eV WF=4.000eV Ck=XL Det=MCD Ent=6x12mm Exit=4mm
30696
30379
30882
31120
31890
31688
32523
34037
35154
35584
33772
30670
28902
28249
27155
27623
27151
27433
