Fe on Ga203
  1123.99988  1113.99988    -0.50000     1.00000     2.00000    21    50.0
LO MagPE 50.000KE/1  Ex=1486.599eV WF=4.000eV Ck=XL Det=MCD Ent=6x12mm Exit=4mm
68486
67857
68443
68366
69321
69705
71264
73621
78597
84199
88247
88700
84007
79242
75600
72752
70776
68967
67015
66887
66245
   711.49994   702.99994    -0.50000     1.00000     2.00000    18    50.0
LO MagPE 50.000KE/1  Ex=1486.599eV WF=4.000eV Ck=XL Det=MCD Ent=6x12mm Exit=4mm
52686
52879
53963
53846
54927
55664
56632
59304
60421
60624
58010
52931
49470
48804
48738
48023
47583
47195
