Fe on Ga203
  1123.99988  1113.99988    -0.50000     1.00000     2.00000    21    50.0
LO MagPE 50.000KE/1  Ex=1486.599eV WF=4.000eV Ck=XL Det=MCD Ent=6x12mm Exit=4mm
84291
84881
85433
86709
86366
88777
91811
98812
109177
124434
135140
136192
125029
112022
102674
96625
91334
86224
83709
82589
81553
   711.49994   702.99994    -0.50000     1.00000     2.00000    18    50.0
LO MagPE 50.000KE/1  Ex=1486.599eV WF=4.000eV Ck=XL Det=MCD Ent=6x12mm Exit=4mm
65122
64954
66212
66645
66644
67570
68492
69738
70273
70686
69426
65110
62275
62048
61156
60944
60198
60900
