Fe on Ga203
  1123.99988  1113.99988    -0.50000     1.00000     2.00000    21    50.0
LO MagPE 50.000KE/1  Ex=1486.599eV WF=4.000eV Ck=XL Det=MCD Ent=6x12mm Exit=4mm
54800
55036
54967
55388
55267
56103
57128
58383
61809
66878
70401
71548
67438
63549
61763
59506
57077
54909
53769
53187
52444
   711.49994   702.99994    -0.50000     1.00000     2.00000    18    50.0
LO MagPE 50.000KE/1  Ex=1486.599eV WF=4.000eV Ck=XL Det=MCD Ent=6x12mm Exit=4mm
40987
41484
41930
41769
41332
42216
42377
43972
44066
44617
42713
41578
40251
39767
39449
38998
38882
39490
