Fe on Ga203
  1123.99988  1113.99988    -0.50000     1.00000     2.00000    21    50.0
LO MagPE 50.000KE/1  Ex=1486.599eV WF=4.000eV Ck=XL Det=MCD Ent=6x12mm Exit=4mm
91421
92105
92864
94910
96291
100161
106207
118761
136052
161407
179431
178359
157182
133526
118582
108455
101130
94929
92287
89650
89033
   711.49994   702.99994    -0.50000     1.00000     2.00000    18    50.0
LO MagPE 50.000KE/1  Ex=1486.599eV WF=4.000eV Ck=XL Det=MCD Ent=6x12mm Exit=4mm
74551
74130
75396
76332
76872
76528
80286
81342
83508
83437
80101
76081
70319
69264
69001
68415
68914
68888
