Fe on Ga203
  1123.99988  1113.99988    -0.50000     1.00000     2.00000    21    50.0
LO MagPE 50.000KE/1  Ex=1486.599eV WF=4.000eV Ck=XL Det=MCD Ent=6x12mm Exit=4mm
69138
69925
70789
71355
72797
75470
79775
87245
101038
116506
130125
131190
115935
99388
88821
81302
76908
71137
68720
66617
66255
   711.49994   702.99994    -0.50000     1.00000     2.00000    18    50.0
LO MagPE 50.000KE/1  Ex=1486.599eV WF=4.000eV Ck=XL Det=MCD Ent=6x12mm Exit=4mm
59662
60233
61804
62347
63296
62977
67157
68791
70626
70057
66228
60017
55652
52451
51856
51612
52154
51851
