Fe on Ga203
  1123.99988  1113.99988    -0.50000     1.00000     2.00000    21    50.0
LO MagPE 50.000KE/1  Ex=1486.599eV WF=4.000eV Ck=XL Det=MCD Ent=6x12mm Exit=4mm
78312
79604
80658
80242
83179
85020
88714
95924
108759
123232
134962
135314
123272
107583
96743
91185
85449
81347
77979
77964
78147
   711.49994   702.99994    -0.50000     1.00000     2.00000    18    50.0
LO MagPE 50.000KE/1  Ex=1486.599eV WF=4.000eV Ck=XL Det=MCD Ent=6x12mm Exit=4mm
67774
68992
70202
71070
72089
71950
75187
78772
81846
81132
74718
66906
62331
58977
58575
59243
57296
58218
