Fe on Ga203
  1123.99988  1113.99988    -0.50000     1.00000     2.00000    21    50.0
LO MagPE 50.000KE/1  Ex=1486.599eV WF=4.000eV Ck=XL Det=MCD Ent=6x12mm Exit=4mm
44633
44842
45716
45098
45907
47120
47798
51170
55326
61171
66278
67511
62629
57306
53308
50495
48184
45573
44140
44452
43228
   711.49994   702.99994    -0.50000     1.00000     2.00000    18    50.0
LO MagPE 50.000KE/1  Ex=1486.599eV WF=4.000eV Ck=XL Det=MCD Ent=6x12mm Exit=4mm
33375
33680
34104
34571
34103
35747
36296
37161
39042
39942
37541
33842
31484
30550
31003
28986
30114
30493
