Fe on Ga203
  1123.99988  1113.99988    -0.50000     1.00000     2.00000    21    50.0
LO MagPE 50.000KE/1  Ex=1486.599eV WF=4.000eV Ck=XL Det=MCD Ent=6x12mm Exit=4mm
84509
83849
85035
86296
86347
88331
90850
97352
105550
117537
126350
125515
116050
106412
99458
92356
88897
85255
83398
82813
81958
   711.49994   702.99994    -0.50000     1.00000     2.00000    18    50.0
LO MagPE 50.000KE/1  Ex=1486.599eV WF=4.000eV Ck=XL Det=MCD Ent=6x12mm Exit=4mm
68872
68924
70783
71304
71928
74536
77675
82107
84807
82269
76493
67309
62665
60942
59615
58921
58382
64171
