Fe on Ga203
  1123.99988  1113.99988    -0.50000     1.00000     2.00000    21    50.0
LO MagPE 50.000KE/1  Ex=1486.599eV WF=4.000eV Ck=XL Det=MCD Ent=6x12mm Exit=4mm
31601
33813
32691
33981
33714
34456
38019
44447
50638
60229
67890
64627
56490
45281
39167
36230
34058
32796
31980
31183
31338
   711.49994   702.99994    -0.50000     1.00000     2.00000    18    50.0
LO MagPE 50.000KE/1  Ex=1486.599eV WF=4.000eV Ck=XL Det=MCD Ent=6x12mm Exit=4mm
27917
27252
28083
27982
28741
30485
32070
32575
34518
35249
33146
28538
26188
24339
24511
24520
24566
24521
