Fe on Ga203
  1123.99988  1113.99988    -0.50000     1.00000     2.00000    21    50.0
LO MagPE 50.000KE/1  Ex=1486.599eV WF=4.000eV Ck=XL Det=MCD Ent=6x12mm Exit=4mm
34971
35543
35951
36965
40025
42191
46807
58797
77560
100401
114749
111597
90207
69836
56152
49618
42974
39076
37192
35283
35967
   711.49994   702.99994    -0.50000     1.00000     2.00000    18    50.0
LO MagPE 50.000KE/1  Ex=1486.599eV WF=4.000eV Ck=XL Det=MCD Ent=6x12mm Exit=4mm
32075
31604
33149
34376
34733
35501
37224
38051
40033
39061
36013
33338
31436
29847
29328
28485
27885
29017
