Fe on Ga203
  1123.99988  1113.99988    -0.50000     1.00000     2.00000    21    50.0
LO MagPE 50.000KE/1  Ex=1486.599eV WF=4.000eV Ck=XL Det=MCD Ent=6x12mm Exit=4mm
37018
36752
37628
39137
41436
43195
48154
54225
68727
86934
99800
98502
81786
63582
51961
46817
42599
39390
37983
36017
35215
   711.49994   702.99994    -0.50000     1.00000     2.00000    18    50.0
LO MagPE 50.000KE/1  Ex=1486.599eV WF=4.000eV Ck=XL Det=MCD Ent=6x12mm Exit=4mm
31380
32724
31829
32452
33273
33674
35669
35284
36992
37863
35795
32082
29227
28799
29057
28740
28331
28236
