Fe on Ga203
  1123.99988  1113.99988    -0.50000     1.00000     2.00000    21    50.0
LO MagPE 50.000KE/1  Ex=1486.599eV WF=4.000eV Ck=XL Det=MCD Ent=6x12mm Exit=4mm
72973
73201
75106
76852
78144
80791
85877
95479
111168
133200
148751
147851
131480
111530
96793
88976
81988
77494
73461
73258
70680
   711.49994   702.99994    -0.50000     1.00000     2.00000    18    50.0
LO MagPE 50.000KE/1  Ex=1486.599eV WF=4.000eV Ck=XL Det=MCD Ent=6x12mm Exit=4mm
64554
64040
65522
66350
66765
68258
68886
71792
74484
75546
70263
65234
61613
59993
57740
58718
58219
57544
