Fe on Ga203
  1123.99988  1113.99988    -0.50000     1.00000     2.00000    21    50.0
LO MagPE 50.000KE/1  Ex=1486.599eV WF=4.000eV Ck=XL Det=MCD Ent=6x12mm Exit=4mm
31217
31898
31548
32482
33076
34282
36625
40548
49301
58251
65075
65250
56568
48511
41318
38172
34476
33150
31845
28885
31058
   711.49994   702.99994    -0.50000     1.00000     2.00000    18    50.0
LO MagPE 50.000KE/1  Ex=1486.599eV WF=4.000eV Ck=XL Det=MCD Ent=6x12mm Exit=4mm
27248
27059
27145
27872
28820
29954
31022
33570
34873
35021
31020
26761
25421
23947
23444
23099
23239
22789
