Fe on Ga203
  1123.99988  1113.99988    -0.50000     1.00000     2.00000    21    50.0
LO MagPE 50.000KE/1  Ex=1486.599eV WF=4.000eV Ck=XL Det=MCD Ent=6x12mm Exit=4mm
34618
34118
34783
35112
34996
35310
36853
38902
42112
46731
49880
50478
47955
44762
42184
40584
37898
34987
33877
32761
32473
   711.49994   702.99994    -0.50000     1.00000     2.00000    18    50.0
LO MagPE 50.000KE/1  Ex=1486.599eV WF=4.000eV Ck=XL Det=MCD Ent=6x12mm Exit=4mm
24205
24168
24345
24517
24810
25646
25912
26477
27618
27885
26582
24962
22578
22325
21898
21603
21823
21861
