Fe on Ga203
  1123.99988  1113.99988    -0.50000     1.00000     2.00000    21    50.0
LO MagPE 50.000KE/1  Ex=1486.599eV WF=4.000eV Ck=XL Det=MCD Ent=6x12mm Exit=4mm
31936
32113
33545
32896
35627
38229
41301
47587
56845
68939
78777
78546
67170
54173
46814
42100
37368
34947
33388
32293
32570
   711.49994   702.99994    -0.50000     1.00000     2.00000    18    50.0
LO MagPE 50.000KE/1  Ex=1486.599eV WF=4.000eV Ck=XL Det=MCD Ent=6x12mm Exit=4mm
28545
28687
29212
29966
30538
31740
32974
35796
36358
34722
32308
27750
24881
24564
24091
24771
24468
24325
