Fe on Ga203
  1123.99988  1113.99988    -0.50000     1.00000     2.00000    21    50.0
LO MagPE 50.000KE/1  Ex=1486.599eV WF=4.000eV Ck=XL Det=MCD Ent=6x12mm Exit=4mm
102949
103371
105405
105162
107403
111023
115737
129496
152052
178093
197019
196124
173634
148571
129810
119510
113133
105967
104109
100829
99539
   711.49994   702.99994    -0.50000     1.00000     2.00000    18    50.0
LO MagPE 50.000KE/1  Ex=1486.599eV WF=4.000eV Ck=XL Det=MCD Ent=6x12mm Exit=4mm
82310
83188
83814
84197
86468
85194
87509
92009
92754
90450
87657
82605
79218
75949
78866
79169
77734
77246
