Fe on Ga203
  1123.99988  1113.99988    -0.50000     1.00000     2.00000    21    50.0
LO MagPE 50.000KE/1  Ex=1486.599eV WF=4.000eV Ck=XL Det=MCD Ent=6x12mm Exit=4mm
25391
25171
25528
26270
27420
29486
31717
37304
46099
57821
66309
65781
55542
43724
36759
32388
28957
27522
25517
24950
24314
   711.49994   702.99994    -0.50000     1.00000     2.00000    18    50.0
LO MagPE 50.000KE/1  Ex=1486.599eV WF=4.000eV Ck=XL Det=MCD Ent=6x12mm Exit=4mm
22364
22815
23383
23382
24313
24523
25978
27299
28058
27646
24822
22133
19828
19599
19131
18691
18993
18503
