Fe on Ga203
  1123.99988  1113.99988    -0.50000     1.00000     2.00000    21    50.0
LO MagPE 50.000KE/1  Ex=1486.599eV WF=4.000eV Ck=XL Det=MCD Ent=6x12mm Exit=4mm
55851
57598
57413
57831
59421
60095
63671
68922
78042
90336
99813
99296
90582
80457
74202
68603
63615
58457
55243
54937
55222
   711.49994   702.99994    -0.50000     1.00000     2.00000    18    50.0
LO MagPE 50.000KE/1  Ex=1486.599eV WF=4.000eV Ck=XL Det=MCD Ent=6x12mm Exit=4mm
47792
48937
48691
49877
49421
50500
52641
54339
55274
56765
53650
48565
45309
43368
42814
41936
41960
42092
