Fe on Ga203
  1123.99988  1113.99988    -0.50000     1.00000     2.00000    21    50.0
LO MagPE 50.000KE/1  Ex=1486.599eV WF=4.000eV Ck=XL Det=MCD Ent=6x12mm Exit=4mm
30791
31976
33130
33813
35730
36593
41932
49597
62542
78208
88493
87149
71829
57270
47105
40026
35769
33654
31808
30812
30872
   711.49994   702.99994    -0.50000     1.00000     2.00000    18    50.0
LO MagPE 50.000KE/1  Ex=1486.599eV WF=4.000eV Ck=XL Det=MCD Ent=6x12mm Exit=4mm
29336
29800
30194
30472
30837
31372
33894
33813
34980
35523
32454
29257
26606
25817
26213
25464
25756
25395
