Fe on Ga203
  1123.99988  1113.99988    -0.50000     1.00000     2.00000    21    50.0
LO MagPE 50.000KE/1  Ex=1486.599eV WF=4.000eV Ck=XL Det=MCD Ent=6x12mm Exit=4mm
104950
105641
109607
112090
114949
121539
126555
147242
177693
208203
238958
240143
207615
162823
144799
133574
115692
108348
105037
101575
101592
   711.49994   702.99994    -0.50000     1.00000     2.00000    18    50.0
LO MagPE 50.000KE/1  Ex=1486.599eV WF=4.000eV Ck=XL Det=MCD Ent=6x12mm Exit=4mm
88492
90152
88724
91424
92201
89942
92635
94460
96853
98096
93201
86587
82255
82672
80580
79636
80894
80596
