Fe on Ga203
  1123.99988  1113.99988    -0.50000     1.00000     2.00000    21    50.0
LO MagPE 50.000KE/1  Ex=1486.599eV WF=4.000eV Ck=XL Det=MCD Ent=6x12mm Exit=4mm
69304
69995
70359
71485
72471
74402
80136
88348
100584
118613
134003
133380
117940
99074
88959
82415
76092
71425
69141
67102
67275
   711.49994   702.99994    -0.50000     1.00000     2.00000    18    50.0
LO MagPE 50.000KE/1  Ex=1486.599eV WF=4.000eV Ck=XL Det=MCD Ent=6x12mm Exit=4mm
58862
59447
60367
61133
61019
63323
65581
68559
70518
70461
65729
59876
55106
53887
52254
52555
52518
52442
