Fe on Ga203
  1123.99988  1113.99988    -0.50000     1.00000     2.00000    21    50.0
LO MagPE 50.000KE/1  Ex=1486.599eV WF=4.000eV Ck=XL Det=MCD Ent=6x12mm Exit=4mm
46288
46769
46230
47061
48042
49413
51344
55124
63351
71990
77771
78071
71076
63394
58221
54812
50947
47063
45237
43534
43702
   711.49994   702.99994    -0.50000     1.00000     2.00000    18    50.0
LO MagPE 50.000KE/1  Ex=1486.599eV WF=4.000eV Ck=XL Det=MCD Ent=6x12mm Exit=4mm
34165
34574
34628
34591
34532
34730
36353
37827
37620
37571
36028
33121
31213
30827
30673
30742
31364
31194
