Fe on Ga203
  1123.99988  1113.99988    -0.50000     1.00000     2.00000    21    50.0
LO MagPE 50.000KE/1  Ex=1486.599eV WF=4.000eV Ck=XL Det=MCD Ent=6x12mm Exit=4mm
85348
85623
85400
86621
87105
90388
93738
102004
110905
126887
136319
138970
126170
110617
102631
96346
91305
86787
84075
83658
82938
   711.49994   702.99994    -0.50000     1.00000     2.00000    18    50.0
LO MagPE 50.000KE/1  Ex=1486.599eV WF=4.000eV Ck=XL Det=MCD Ent=6x12mm Exit=4mm
71437
72260
73818
74850
75898
78692
81332
84532
88033
86800
78640
69564
65341
61779
60863
60595
61487
60833
