Fe on Ga203
  1123.99988  1113.99988    -0.50000     1.00000     2.00000    21    50.0
LO MagPE 50.000KE/1  Ex=1486.599eV WF=4.000eV Ck=XL Det=MCD Ent=6x12mm Exit=4mm
80192
80332
80476
81098
82221
83110
85667
90237
97001
107353
115447
115865
107677
99641
92284
89390
84859
81036
78274
77804
77448
   711.49994   702.99994    -0.50000     1.00000     2.00000    18    50.0
LO MagPE 50.000KE/1  Ex=1486.599eV WF=4.000eV Ck=XL Det=MCD Ent=6x12mm Exit=4mm
60912
60410
61272
61854
62952
62539
63413
64530
65754
65693
64074
62038
60155
58955
58430
59139
59456
58287
