Fe on Ga203
  1123.99988  1113.99988    -0.50000     1.00000     2.00000    21    50.0
LO MagPE 50.000KE/1  Ex=1486.599eV WF=4.000eV Ck=XL Det=MCD Ent=6x12mm Exit=4mm
32118
32454
33394
33488
34546
38377
43029
50639
64903
79625
90663
88026
73587
56574
46882
41811
37619
34517
32251
31334
31302
   711.49994   702.99994    -0.50000     1.00000     2.00000    18    50.0
LO MagPE 50.000KE/1  Ex=1486.599eV WF=4.000eV Ck=XL Det=MCD Ent=6x12mm Exit=4mm
31384
31547
32367
31658
32944
33431
35319
35715
38073
36391
34517
30128
27598
27781
27682
26989
26382
26945
