Fe on Ga203
  1123.99988  1113.99988    -0.50000     1.00000     2.00000    21    50.0
LO MagPE 50.000KE/1  Ex=1486.599eV WF=4.000eV Ck=XL Det=MCD Ent=6x12mm Exit=4mm
89390
89487
90629
91710
91974
93794
97943
102437
111973
123395
132602
132424
122373
112948
104389
99878
95736
92273
89555
88971
87900
   711.49994   702.99994    -0.50000     1.00000     2.00000    18    50.0
LO MagPE 50.000KE/1  Ex=1486.599eV WF=4.000eV Ck=XL Det=MCD Ent=6x12mm Exit=4mm
74435
75043
76660
77378
78639
81152
83852
88479
90428
89761
83018
72840
68122
65561
63684
63745
63953
62847
