Fe on Ga203
  1123.99988  1113.99988    -0.50000     1.00000     2.00000    21    50.0
LO MagPE 50.000KE/1  Ex=1486.599eV WF=4.000eV Ck=XL Det=MCD Ent=6x12mm Exit=4mm
91602
91192
95187
97249
100309
106272
111510
126551
152305
187586
208514
205485
175620
143513
124163
111611
103073
95523
88939
88493
85563
   711.49994   702.99994    -0.50000     1.00000     2.00000    18    50.0
LO MagPE 50.000KE/1  Ex=1486.599eV WF=4.000eV Ck=XL Det=MCD Ent=6x12mm Exit=4mm
85881
87585
87534
89778
88280
89736
94616
99065
98714
101316
92802
84741
79001
77146
74974
75350
74793
72942
