Fe on Ga203
  1123.99988  1113.99988    -0.50000     1.00000     2.00000    21    50.0
LO MagPE 50.000KE/1  Ex=1486.599eV WF=4.000eV Ck=XL Det=MCD Ent=6x12mm Exit=4mm
33224
33243
33738
34907
36938
38811
44734
52523
68381
86467
98282
94537
77025
59440
50093
42960
38116
34478
32863
32272
31629
   711.49994   702.99994    -0.50000     1.00000     2.00000    18    50.0
LO MagPE 50.000KE/1  Ex=1486.599eV WF=4.000eV Ck=XL Det=MCD Ent=6x12mm Exit=4mm
32891
32337
32913
32659
34320
34596
35766
37719
38410
37409
35276
31236
29550
28518
28949
28426
28069
28246
