Fe on Ga203
  1123.99988  1113.99988    -0.50000     1.00000     2.00000    21    50.0
LO MagPE 50.000KE/1  Ex=1486.599eV WF=4.000eV Ck=XL Det=MCD Ent=6x12mm Exit=4mm
92010
93246
92147
94485
95636
100257
106050
116441
133993
158728
178397
177552
157223
133780
115530
108312
100376
94870
92034
89433
89133
   711.49994   702.99994    -0.50000     1.00000     2.00000    18    50.0
LO MagPE 50.000KE/1  Ex=1486.599eV WF=4.000eV Ck=XL Det=MCD Ent=6x12mm Exit=4mm
72790
73794
74479
74297
75613
76257
76683
80505
80153
81041
77242
73143
70694
69639
68816
67512
68979
68342
