Fe on Ga203
  1123.99988  1113.99988    -0.50000     1.00000     2.00000    21    50.0
LO MagPE 50.000KE/1  Ex=1486.599eV WF=4.000eV Ck=XL Det=MCD Ent=6x12mm Exit=4mm
31941
32910
32716
33667
33885
36682
40572
45993
56895
71619
81450
79133
68192
55855
46865
42115
37866
35173
33536
32873
32483
   711.49994   702.99994    -0.50000     1.00000     2.00000    18    50.0
LO MagPE 50.000KE/1  Ex=1486.599eV WF=4.000eV Ck=XL Det=MCD Ent=6x12mm Exit=4mm
31201
31594
32603
32295
33631
35181
35408
37341
38406
37266
34511
30280
27648
26746
26433
26095
26155
26391
