Fe on Ga203
  1123.99988  1113.99988    -0.50000     1.00000     2.00000    21    50.0
LO MagPE 50.000KE/1  Ex=1486.599eV WF=4.000eV Ck=XL Det=MCD Ent=6x12mm Exit=4mm
76689
77833
78041
77894
79179
82027
86965
93490
105565
123119
136404
138580
124210
107144
96428
89453
83510
78606
76110
74951
73544
   711.49994   702.99994    -0.50000     1.00000     2.00000    18    50.0
LO MagPE 50.000KE/1  Ex=1486.599eV WF=4.000eV Ck=XL Det=MCD Ent=6x12mm Exit=4mm
60784
61914
62231
62957
62835
64538
65352
67756
69905
69523
66870
62497
59124
57847
56372
56519
56470
56316
