Fe on Ga203
  1123.99988  1113.99988    -0.50000     1.00000     2.00000    21    50.0
LO MagPE 50.000KE/1  Ex=1486.599eV WF=4.000eV Ck=XL Det=MCD Ent=6x12mm Exit=4mm
77222
77709
78656
79871
80313
81432
83659
88375
96070
107694
114658
113866
107221
97897
91327
86371
85032
77863
78010
79307
76588
   711.49994   702.99994    -0.50000     1.00000     2.00000    18    50.0
LO MagPE 50.000KE/1  Ex=1486.599eV WF=4.000eV Ck=XL Det=MCD Ent=6x12mm Exit=4mm
61064
61680
61233
62956
64307
65944
68944
70488
73270
73031
67146
60866
57371
54608
54954
54303
53740
54028
