Fe on Ga203
  1123.99988  1113.99988    -0.50000     1.00000     2.00000    21    50.0
LO MagPE 50.000KE/1  Ex=1486.599eV WF=4.000eV Ck=XL Det=MCD Ent=6x12mm Exit=4mm
36394
34962
35366
36066
38293
40885
43392
51309
63219
78429
95387
97930
85270
66229
55408
47528
41850
38684
36652
34300
33359
   711.49994   702.99994    -0.50000     1.00000     2.00000    18    50.0
LO MagPE 50.000KE/1  Ex=1486.599eV WF=4.000eV Ck=XL Det=MCD Ent=6x12mm Exit=4mm
30461
30838
31536
31672
30666
32879
32811
34762
37829
36927
36661
31849
30504
29094
29156
27291
27708
27164
