Fe on Ga203
  1123.99988  1113.99988    -0.50000     1.00000     2.00000    21    50.0
LO MagPE 50.000KE/1  Ex=1486.599eV WF=4.000eV Ck=XL Det=MCD Ent=6x12mm Exit=4mm
87052
86311
86684
88253
88291
91158
93859
101146
113034
127242
136516
138609
126538
113303
103536
97496
91580
88781
86822
85164
88825
   711.49994   702.99994    -0.50000     1.00000     2.00000    18    50.0
LO MagPE 50.000KE/1  Ex=1486.599eV WF=4.000eV Ck=XL Det=MCD Ent=6x12mm Exit=4mm
71460
72768
74414
76893
76979
78399
82518
87467
89849
88332
79742
70334
65470
62990
61935
60980
62005
60389
