Fe on Ga203
  1123.99988  1113.99988    -0.50000     1.00000     2.00000    21    50.0
LO MagPE 50.000KE/1  Ex=1486.599eV WF=4.000eV Ck=XL Det=MCD Ent=6x12mm Exit=4mm
27399
28456
28626
29748
30965
33326
36699
43730
55842
70872
82824
81992
67841
52829
43594
37880
32774
29737
27827
26980
27141
   711.49994   702.99994    -0.50000     1.00000     2.00000    18    50.0
LO MagPE 50.000KE/1  Ex=1486.599eV WF=4.000eV Ck=XL Det=MCD Ent=6x12mm Exit=4mm
24208
25179
25480
25843
25696
27591
29092
30168
30013
30015
28219
24194
21913
21227
20445
20414
20306
20611
