Fe on Ga203
  1123.99988  1113.99988    -0.50000     1.00000     2.00000    21    50.0
LO MagPE 50.000KE/1  Ex=1486.599eV WF=4.000eV Ck=XL Det=MCD Ent=6x12mm Exit=4mm
79192
79137
79374
80483
80669
82910
85588
91689
102294
114244
125167
124597
114349
103405
93730
89023
83781
80725
78864
77774
77106
   711.49994   702.99994    -0.50000     1.00000     2.00000    18    50.0
LO MagPE 50.000KE/1  Ex=1486.599eV WF=4.000eV Ck=XL Det=MCD Ent=6x12mm Exit=4mm
63744
64948
65151
66731
66273
67854
71793
74093
76178
76190
69324
63687
60413
56501
55733
55684
55112
55670
