Fe on Ga203
  1123.99988  1113.99988    -0.50000     1.00000     2.00000    21    50.0
LO MagPE 50.000KE/1  Ex=1486.599eV WF=4.000eV Ck=XL Det=MCD Ent=6x12mm Exit=4mm
41577
41070
41418
42196
41709
42575
43344
44657
47744
50738
53142
54070
51927
48998
46827
45890
43876
42151
40908
40329
40170
   711.49994   702.99994    -0.50000     1.00000     2.00000    18    50.0
LO MagPE 50.000KE/1  Ex=1486.599eV WF=4.000eV Ck=XL Det=MCD Ent=6x12mm Exit=4mm
30378
30880
30846
31142
31538
32475
32558
34017
34966
35170
33521
30562
28742
28029
27293
27110
27309
27280
