Fe on Ga203
  1123.99988  1113.99988    -0.50000     1.00000     2.00000    21    50.0
LO MagPE 50.000KE/1  Ex=1486.599eV WF=4.000eV Ck=XL Det=MCD Ent=6x12mm Exit=4mm
32934
33578
34165
34829
37046
39148
43251
51312
65108
81610
92694
90029
75508
60209
49126
41917
38864
35777
34073
32823
32091
   711.49994   702.99994    -0.50000     1.00000     2.00000    18    50.0
LO MagPE 50.000KE/1  Ex=1486.599eV WF=4.000eV Ck=XL Det=MCD Ent=6x12mm Exit=4mm
32000
32498
33494
32875
34324
35527
36117
37836
39375
40016
36323
31695
29985
28896
27350
27694
27833
27138
