Fe on Ga203
  1123.99988  1113.99988    -0.50000     1.00000     2.00000    21    50.0
LO MagPE 50.000KE/1  Ex=1486.599eV WF=4.000eV Ck=XL Det=MCD Ent=6x12mm Exit=4mm
91495
92711
93837
95753
98467
100067
106510
117226
138198
162636
181924
177732
159329
137505
121389
111173
103130
97095
93470
91215
89069
   711.49994   702.99994    -0.50000     1.00000     2.00000    18    50.0
LO MagPE 50.000KE/1  Ex=1486.599eV WF=4.000eV Ck=XL Det=MCD Ent=6x12mm Exit=4mm
79545
79646
82002
85331
87656
89336
90464
95610
96967
96639
89812
79845
74608
72210
69994
69701
70037
70569
