Fe on Ga203
  1123.99988  1113.99988    -0.50000     1.00000     2.00000    21    50.0
LO MagPE 50.000KE/1  Ex=1486.599eV WF=4.000eV Ck=XL Det=MCD Ent=6x12mm Exit=4mm
33915
34556
34669
35262
38581
40600
45180
54503
69530
88837
102654
98671
81414
62295
50947
44794
39992
36073
34106
33177
32003
   711.49994   702.99994    -0.50000     1.00000     2.00000    18    50.0
LO MagPE 50.000KE/1  Ex=1486.599eV WF=4.000eV Ck=XL Det=MCD Ent=6x12mm Exit=4mm
29672
30199
31573
31156
31936
31424
32486
33923
34742
34344
32767
30091
28196
27809
27402
26598
26511
26587
