Fe on Ga203
  1123.99988  1113.99988    -0.50000     1.00000     2.00000    21    50.0
LO MagPE 50.000KE/1  Ex=1486.599eV WF=4.000eV Ck=XL Det=MCD Ent=6x12mm Exit=4mm
32615
32976
33323
33043
34595
37168
42564
48485
59852
74625
84402
81826
68360
53905
46144
39786
35929
33648
32307
30739
30253
   711.49994   702.99994    -0.50000     1.00000     2.00000    18    50.0
LO MagPE 50.000KE/1  Ex=1486.599eV WF=4.000eV Ck=XL Det=MCD Ent=6x12mm Exit=4mm
30363
30806
30706
31969
32221
33230
33961
35621
37901
36399
34132
30731
28230
27335
27551
26238
35702
27784
