Fe on Ga203
  1123.99988  1113.99988    -0.50000     1.00000     2.00000    21    50.0
LO MagPE 50.000KE/1  Ex=1486.599eV WF=4.000eV Ck=XL Det=MCD Ent=6x12mm Exit=4mm
99015
98508
98507
99456
101250
108875
114863
124633
139366
161369
175786
175927
158677
137327
124985
114384
108328
104050
100539
98722
98658
   711.49994   702.99994    -0.50000     1.00000     2.00000    18    50.0
LO MagPE 50.000KE/1  Ex=1486.599eV WF=4.000eV Ck=XL Det=MCD Ent=6x12mm Exit=4mm
86086
86418
87000
85891
87726
90933
93212
97301
101452
100947
90889
80188
74693
73948
72428
72597
72311
69430
