Fe on Ga203
  1123.99988  1113.99988    -0.50000     1.00000     2.00000    21    50.0
LO MagPE 50.000KE/1  Ex=1486.599eV WF=4.000eV Ck=XL Det=MCD Ent=6x12mm Exit=4mm
88358
89344
88379
90696
94405
100625
108747
123173
149108
178729
204713
203939
172692
140504
115313
102362
95322
87815
82193
78440
78548
   711.49994   702.99994    -0.50000     1.00000     2.00000    18    50.0
LO MagPE 50.000KE/1  Ex=1486.599eV WF=4.000eV Ck=XL Det=MCD Ent=6x12mm Exit=4mm
74602
75349
79307
81084
81927
83099
84357
86135
89564
88578
83694
77746
73473
71986
71483
69964
70304
70019
