Fe on Ga203
  1123.99988  1113.99988    -0.50000     1.00000     2.00000    21    50.0
LO MagPE 50.000KE/1  Ex=1486.599eV WF=4.000eV Ck=XL Det=MCD Ent=6x12mm Exit=4mm
80186
81079
82181
82747
83585
87150
92194
101161
117689
138702
153959
152726
135521
115468
101795
94963
88221
82657
79501
77322
77160
   711.49994   702.99994    -0.50000     1.00000     2.00000    18    50.0
LO MagPE 50.000KE/1  Ex=1486.599eV WF=4.000eV Ck=XL Det=MCD Ent=6x12mm Exit=4mm
61223
61609
61859
62583
63657
63776
65239
66586
67919
67896
65733
61199
59036
58473
57700
57633
56479
57846
