Fe on Ga203
  1123.99988  1113.99988    -0.50000     1.00000     2.00000    21    50.0
LO MagPE 50.000KE/1  Ex=1486.599eV WF=4.000eV Ck=XL Det=MCD Ent=6x12mm Exit=4mm
92672
93189
94707
95614
97697
101593
107296
118495
136047
158153
177565
178532
157028
134437
121285
111276
102254
95318
92948
91686
89929
   711.49994   702.99994    -0.50000     1.00000     2.00000    18    50.0
LO MagPE 50.000KE/1  Ex=1486.599eV WF=4.000eV Ck=XL Det=MCD Ent=6x12mm Exit=4mm
75609
77240
77866
76628
79072
80332
82699
84232
86932
87935
83217
75661
71673
70626
69036
69829
68629
68874
