Fe on Ga203
  1123.99988  1113.99988    -0.50000     1.00000     2.00000    21    50.0
LO MagPE 50.000KE/1  Ex=1486.599eV WF=4.000eV Ck=XL Det=MCD Ent=6x12mm Exit=4mm
30593
31514
32073
33260
34458
36977
41483
51328
66712
85328
98767
97273
78778
60065
48176
42291
36656
33392
30740
30982
29887
   711.49994   702.99994    -0.50000     1.00000     2.00000    18    50.0
LO MagPE 50.000KE/1  Ex=1486.599eV WF=4.000eV Ck=XL Det=MCD Ent=6x12mm Exit=4mm
29407
29472
30308
31239
31166
31819
33339
34474
34961
34705
32592
29960
27095
26848
25980
26438
25812
26309
