Fe on Ga203
  1123.99988  1113.99988    -0.50000     1.00000     2.00000    21    50.0
LO MagPE 50.000KE/1  Ex=1486.599eV WF=4.000eV Ck=XL Det=MCD Ent=6x12mm Exit=4mm
36962
37152
37179
37227
37187
38336
38993
40666
43710
47490
50091
50711
48761
45292
44029
41908
39968
37677
36285
35561
34999
   711.49994   702.99994    -0.50000     1.00000     2.00000    18    50.0
LO MagPE 50.000KE/1  Ex=1486.599eV WF=4.000eV Ck=XL Det=MCD Ent=6x12mm Exit=4mm
28409
28279
28757
28330
29430
29588
30309
31011
31777
32495
30737
28894
26475
25888
25478
25507
25661
25211
