Fe on Ga203
  1123.99988  1113.99988    -0.50000     1.00000     2.00000    21    50.0
LO MagPE 50.000KE/1  Ex=1486.599eV WF=4.000eV Ck=XL Det=MCD Ent=6x12mm Exit=4mm
30259
30544
30908
32081
33083
34573
38684
45978
57048
70019
80929
79734
67441
54230
44194
38769
34321
31888
30341
30521
28998
   711.49994   702.99994    -0.50000     1.00000     2.00000    18    50.0
LO MagPE 50.000KE/1  Ex=1486.599eV WF=4.000eV Ck=XL Det=MCD Ent=6x12mm Exit=4mm
26571
27161
26801
27313
29022
28286
29756
31963
32921
31666
29240
25399
23984
22806
22106
22013
21998
22150
