Fe on Ga203
  1123.99988  1113.99988    -0.50000     1.00000     2.00000    21    50.0
LO MagPE 50.000KE/1  Ex=1486.599eV WF=4.000eV Ck=XL Det=MCD Ent=6x12mm Exit=4mm
97603
98970
101534
100644
105381
108452
116825
133074
159698
189303
213848
209972
179386
147877
126372
117122
106903
97353
95922
98449
96223
   711.49994   702.99994    -0.50000     1.00000     2.00000    18    50.0
LO MagPE 50.000KE/1  Ex=1486.599eV WF=4.000eV Ck=XL Det=MCD Ent=6x12mm Exit=4mm
88849
90604
89993
90622
92613
94918
97882
102405
103210
101488
96387
86774
80794
81327
78614
77009
79535
77138
