Fe on Ga203
  1123.99988  1113.99988    -0.50000     1.00000     2.00000    21    50.0
LO MagPE 50.000KE/1  Ex=1486.599eV WF=4.000eV Ck=XL Det=MCD Ent=6x12mm Exit=4mm
28511
29281
29432
30478
31024
33658
37134
43302
53876
68255
78063
75810
62413
50655
41427
37170
33300
31279
28780
28566
28265
   711.49994   702.99994    -0.50000     1.00000     2.00000    18    50.0
LO MagPE 50.000KE/1  Ex=1486.599eV WF=4.000eV Ck=XL Det=MCD Ent=6x12mm Exit=4mm
27825
27999
27921
28964
29408
29766
31793
32526
33287
33785
30792
26960
25822
24400
24000
24496
23241
23258
