Fe on Ga203
  1123.99988  1113.99988    -0.50000     1.00000     2.00000    21    50.0
LO MagPE 50.000KE/1  Ex=1486.599eV WF=4.000eV Ck=XL Det=MCD Ent=6x12mm Exit=4mm
87498
87674
87586
88720
91950
93889
98216
107780
119042
135798
150009
148392
136547
118379
107235
101474
94137
90490
87445
85903
86014
   711.49994   702.99994    -0.50000     1.00000     2.00000    18    50.0
LO MagPE 50.000KE/1  Ex=1486.599eV WF=4.000eV Ck=XL Det=MCD Ent=6x12mm Exit=4mm
74923
75293
76858
77385
78336
81644
84738
88376
91691
88885
80892
71513
67360
65012
63241
63275
63496
62212
