Fe on Ga203
  1123.99988  1113.99988    -0.50000     1.00000     2.00000    21    50.0
LO MagPE 50.000KE/1  Ex=1486.599eV WF=4.000eV Ck=XL Det=MCD Ent=6x12mm Exit=4mm
32261
32335
32551
32496
33044
33595
34699
36114
38940
42601
45058
46119
43777
40661
39346
38421
35640
32875
31383
30999
30798
   711.49994   702.99994    -0.50000     1.00000     2.00000    18    50.0
LO MagPE 50.000KE/1  Ex=1486.599eV WF=4.000eV Ck=XL Det=MCD Ent=6x12mm Exit=4mm
21029
21496
21436
21442
21664
22354
22137
22938
23929
23661
23142
21058
20143
19698
19337
19118
19375
19040
