Fe on Ga203
  1123.99988  1113.99988    -0.50000     1.00000     2.00000    21    50.0
LO MagPE 50.000KE/1  Ex=1486.599eV WF=4.000eV Ck=XL Det=MCD Ent=6x12mm Exit=4mm
84542
85664
84929
85707
86719
89265
92639
98638
109173
123714
135496
136393
125106
111320
102600
96756
90063
86085
84254
82908
80922
   711.49994   702.99994    -0.50000     1.00000     2.00000    18    50.0
LO MagPE 50.000KE/1  Ex=1486.599eV WF=4.000eV Ck=XL Det=MCD Ent=6x12mm Exit=4mm
64754
66448
66389
66606
67682
68641
69204
71491
72113
72928
70298
66841
63172
61859
61636
61026
61839
61045
