Fe on Ga203
  1123.99988  1113.99988    -0.50000     1.00000     2.00000    21    50.0
LO MagPE 50.000KE/1  Ex=1486.599eV WF=4.000eV Ck=XL Det=MCD Ent=6x12mm Exit=4mm
30418
31145
32245
32638
33528
36638
42214
49942
63649
80192
91923
89486
73327
55870
45983
40263
36220
32462
31353
29303
29121
   711.49994   702.99994    -0.50000     1.00000     2.00000    18    50.0
LO MagPE 50.000KE/1  Ex=1486.599eV WF=4.000eV Ck=XL Det=MCD Ent=6x12mm Exit=4mm
29101
29948
28932
29810
30192
30739
31690
32633
33509
33068
32040
28918
27316
26861
26207
26550
26307
25788
