Fe on Ga203
  1123.99988  1113.99988    -0.50000     1.00000     2.00000    21    50.0
LO MagPE 50.000KE/1  Ex=1486.599eV WF=4.000eV Ck=XL Det=MCD Ent=6x12mm Exit=4mm
66158
67012
66989
68080
69665
72392
77733
85042
98056
116628
129831
130484
115582
99482
88089
80984
73753
69299
65865
64649
63428
   711.49994   702.99994    -0.50000     1.00000     2.00000    18    50.0
LO MagPE 50.000KE/1  Ex=1486.599eV WF=4.000eV Ck=XL Det=MCD Ent=6x12mm Exit=4mm
56309
56224
57107
57081
58097
58796
60101
61225
62898
63417
60816
56526
52547
52033
51228
50334
50324
50909
