Fe on Ga203
  1123.99988  1113.99988    -0.50000     1.00000     2.00000    21    50.0
LO MagPE 50.000KE/1  Ex=1486.599eV WF=4.000eV Ck=XL Det=MCD Ent=6x12mm Exit=4mm
31846
32546
32705
33694
34612
36417
41358
49280
62629
78068
89006
87951
72329
57529
46674
40155
35696
33785
32628
31619
30679
   711.49994   702.99994    -0.50000     1.00000     2.00000    18    50.0
LO MagPE 50.000KE/1  Ex=1486.599eV WF=4.000eV Ck=XL Det=MCD Ent=6x12mm Exit=4mm
30013
30615
30987
31948
32080
32548
34124
34580
36398
36337
33202
30500
28198
26799
25934
25613
25842
25418
