Fe on Ga203
  1123.99988  1113.99988    -0.50000     1.00000     2.00000    21    50.0
LO MagPE 50.000KE/1  Ex=1486.599eV WF=4.000eV Ck=XL Det=MCD Ent=6x12mm Exit=4mm
92312
92923
94029
94123
97101
100730
105903
116768
135414
157137
175232
174869
154993
132392
119095
109227
101723
96305
92151
90325
91251
   711.49994   702.99994    -0.50000     1.00000     2.00000    18    50.0
LO MagPE 50.000KE/1  Ex=1486.599eV WF=4.000eV Ck=XL Det=MCD Ent=6x12mm Exit=4mm
73475
74562
75302
75733
78126
78546
79227
80785
82254
81740
78725
74886
70063
70066
68819
68205
68065
68520
