Fe on Ga203
  1123.99988  1113.99988    -0.50000     1.00000     2.00000    21    50.0
LO MagPE 50.000KE/1  Ex=1486.599eV WF=4.000eV Ck=XL Det=MCD Ent=6x12mm Exit=4mm
66014
66465
66834
67744
70195
70772
74344
81610
92891
106341
116901
117275
105762
91955
82974
76799
72182
67824
66248
64845
65308
   711.49994   702.99994    -0.50000     1.00000     2.00000    18    50.0
LO MagPE 50.000KE/1  Ex=1486.599eV WF=4.000eV Ck=XL Det=MCD Ent=6x12mm Exit=4mm
54436
55904
57269
57388
57978
59623
61176
62360
66450
65186
61274
55318
50856
50224
49515
48757
48747
48358
