Fe on Ga203
  1123.99988  1113.99988    -0.50000     1.00000     2.00000    21    50.0
LO MagPE 50.000KE/1  Ex=1486.599eV WF=4.000eV Ck=XL Det=MCD Ent=6x12mm Exit=4mm
62815
62969
64186
63793
65002
67340
70709
76180
85797
98159
109429
110139
100543
88755
79780
74355
69344
64931
62992
62075
60379
   711.49994   702.99994    -0.50000     1.00000     2.00000    18    50.0
LO MagPE 50.000KE/1  Ex=1486.599eV WF=4.000eV Ck=XL Det=MCD Ent=6x12mm Exit=4mm
53010
60821
52786
53440
57571
55847
56923
58761
61461
64850
57439
51657
49270
47414
47316
46107
45308
46130
