Fe on Ga203
  1123.99988  1113.99988    -0.50000     1.00000     2.00000    21    50.0
LO MagPE 50.000KE/1  Ex=1486.599eV WF=4.000eV Ck=XL Det=MCD Ent=6x12mm Exit=4mm
74078
75160
74456
75112
78770
80400
84823
92181
107923
124549
139204
138845
124497
107432
96504
89486
82048
77259
73280
71996
70962
   711.49994   702.99994    -0.50000     1.00000     2.00000    18    50.0
LO MagPE 50.000KE/1  Ex=1486.599eV WF=4.000eV Ck=XL Det=MCD Ent=6x12mm Exit=4mm
60277
60868
60819
62338
62546
62603
64605
65705
67514
67883
65006
61042
57943
56259
56235
56053
55585
56252
