Fe on Ga203
  1123.99988  1113.99988    -0.50000     1.00000     2.00000    21    50.0
LO MagPE 50.000KE/1  Ex=1486.599eV WF=4.000eV Ck=XL Det=MCD Ent=6x12mm Exit=4mm
81344
81989
83103
84153
86124
88512
94403
102497
118753
137800
152919
151841
134847
115509
103552
95336
89586
84336
81187
79733
79647
   711.49994   702.99994    -0.50000     1.00000     2.00000    18    50.0
LO MagPE 50.000KE/1  Ex=1486.599eV WF=4.000eV Ck=XL Det=MCD Ent=6x12mm Exit=4mm
71876
72851
74616
74695
75611
79442
79879
85057
87264
87401
81153
72841
66572
64826
63460
62689
62754
62674
