Fe on Ga203
  1123.99988  1113.99988    -0.50000     1.00000     2.00000    21    50.0
LO MagPE 50.000KE/1  Ex=1486.599eV WF=4.000eV Ck=XL Det=MCD Ent=6x12mm Exit=4mm
34190
34078
34765
35560
37065
39908
44215
52682
65396
78165
89683
86952
72064
57818
46776
41617
36946
33527
32270
31157
30606
   711.49994   702.99994    -0.50000     1.00000     2.00000    18    50.0
LO MagPE 50.000KE/1  Ex=1486.599eV WF=4.000eV Ck=XL Det=MCD Ent=6x12mm Exit=4mm
30730
31114
31487
31206
32312
33471
33315
33965
36100
35484
33829
31661
29793
28714
29411
28457
28588
28173
