Fe on Ga203
  1123.99988  1113.99988    -0.50000     1.00000     2.00000    21    50.0
LO MagPE 50.000KE/1  Ex=1486.599eV WF=4.000eV Ck=XL Det=MCD Ent=6x12mm Exit=4mm
26042
26834
26502
27413
29143
29928
33681
39822
49365
61660
70218
71245
60539
46833
38417
33117
30527
27423
26896
25520
25008
   711.49994   702.99994    -0.50000     1.00000     2.00000    18    50.0
LO MagPE 50.000KE/1  Ex=1486.599eV WF=4.000eV Ck=XL Det=MCD Ent=6x12mm Exit=4mm
22929
23781
23656
24459
24866
24925
26834
27803
28077
28116
25357
22536
20837
19754
19527
19209
19433
19246
