Fe on Ga203
  1123.99988  1113.99988    -0.50000     1.00000     2.00000    21    50.0
LO MagPE 50.000KE/1  Ex=1486.599eV WF=4.000eV Ck=XL Det=MCD Ent=6x12mm Exit=4mm
42278
42324
42850
42834
43202
43763
45368
46189
49178
52726
56222
56610
54645
51127
49223
47888
45307
43620
41504
41110
40310
   711.49994   702.99994    -0.50000     1.00000     2.00000    18    50.0
LO MagPE 50.000KE/1  Ex=1486.599eV WF=4.000eV Ck=XL Det=MCD Ent=6x12mm Exit=4mm
31700
31706
32121
32172
32627
33106
33537
34475
35792
35406
34619
31949
29914
29459
28979
29203
29228
29141
