Fe on Ga203
  1123.99988  1113.99988    -0.50000     1.00000     2.00000    21    50.0
LO MagPE 50.000KE/1  Ex=1486.599eV WF=4.000eV Ck=XL Det=MCD Ent=6x12mm Exit=4mm
78226
78177
79217
79439
81316
83241
85869
92438
102183
115151
124383
125247
115947
103695
95428
88359
84150
80264
78195
77482
77237
   711.49994   702.99994    -0.50000     1.00000     2.00000    18    50.0
LO MagPE 50.000KE/1  Ex=1486.599eV WF=4.000eV Ck=XL Det=MCD Ent=6x12mm Exit=4mm
64066
66693
67022
67089
68641
69585
73453
77655
80446
80821
72288
64264
58041
56054
56045
55366
54716
55056
