Fe on Ga203
  1123.99988  1113.99988    -0.50000     1.00000     2.00000    21    50.0
LO MagPE 50.000KE/1  Ex=1486.599eV WF=4.000eV Ck=XL Det=MCD Ent=6x12mm Exit=4mm
73929
73569
75685
75342
76117
78374
80755
85058
93991
104179
113791
113686
103771
94528
87276
83153
78194
75068
74385
72512
72377
   711.49994   702.99994    -0.50000     1.00000     2.00000    18    50.0
LO MagPE 50.000KE/1  Ex=1486.599eV WF=4.000eV Ck=XL Det=MCD Ent=6x12mm Exit=4mm
58405
59049
59626
60666
61129
62698
65096
68420
69782
70075
64128
58759
54530
53075
52130
52204
50750
51118
