Fe on Ga203
  1123.99988  1113.99988    -0.50000     1.00000     2.00000    21    50.0
LO MagPE 50.000KE/1  Ex=1486.599eV WF=4.000eV Ck=XL Det=MCD Ent=6x12mm Exit=4mm
79643
79875
80222
81096
80615
82271
85677
89685
96946
107282
115678
118966
108635
99504
93234
89355
84877
81547
78947
77754
77131
   711.49994   702.99994    -0.50000     1.00000     2.00000    18    50.0
LO MagPE 50.000KE/1  Ex=1486.599eV WF=4.000eV Ck=XL Det=MCD Ent=6x12mm Exit=4mm
61323
62130
62094
62530
62386
63887
64234
65488
66621
66190
65245
61375
60201
57900
58195
58360
58236
57451
