Fe on Ga203
  1123.99988  1113.99988    -0.50000     1.00000     2.00000    21    50.0
LO MagPE 50.000KE/1  Ex=1486.599eV WF=4.000eV Ck=XL Det=MCD Ent=6x12mm Exit=4mm
36081
36212
36442
36377
36841
37656
37778
40080
42269
45278
48128
48780
46711
44486
43337
42114
39734
37134
35743
35047
34868
   711.49994   702.99994    -0.50000     1.00000     2.00000    18    50.0
LO MagPE 50.000KE/1  Ex=1486.599eV WF=4.000eV Ck=XL Det=MCD Ent=6x12mm Exit=4mm
24104
24699
24350
24669
24791
25089
25551
25964
26497
26682
25584
24729
23259
23063
22680
22557
22428
22053
