Fe on Ga203
  1123.99988  1113.99988    -0.50000     1.00000     2.00000    21    50.0
LO MagPE 50.000KE/1  Ex=1486.599eV WF=4.000eV Ck=XL Det=MCD Ent=6x12mm Exit=4mm
76166
75245
76036
76522
76928
78134
80327
84390
90615
98939
106642
107631
101681
93499
86912
83723
80639
76806
74423
73959
72886
   711.49994   702.99994    -0.50000     1.00000     2.00000    18    50.0
LO MagPE 50.000KE/1  Ex=1486.599eV WF=4.000eV Ck=XL Det=MCD Ent=6x12mm Exit=4mm
56969
57162
57841
57899
58185
59931
60138
61107
61756
62410
60574
58007
56427
54962
55233
54707
54715
55029
