Fe on Ga203
  1123.99988  1113.99988    -0.50000     1.00000     2.00000    21    50.0
LO MagPE 50.000KE/1  Ex=1486.599eV WF=4.000eV Ck=XL Det=MCD Ent=6x12mm Exit=4mm
33065
32615
33323
34454
36598
39598
44653
54477
68529
88336
98107
93697
77064
59816
48740
41632
37477
34947
32754
31768
31738
   711.49994   702.99994    -0.50000     1.00000     2.00000    18    50.0
LO MagPE 50.000KE/1  Ex=1486.599eV WF=4.000eV Ck=XL Det=MCD Ent=6x12mm Exit=4mm
31957
33051
33703
34148
34959
35835
36319
37104
40225
37920
35099
32432
30175
29382
28064
28056
27602
27770
