Fe on Ga203
  1123.99988  1113.99988    -0.50000     1.00000     2.00000    21    50.0
LO MagPE 50.000KE/1  Ex=1486.599eV WF=4.000eV Ck=XL Det=MCD Ent=6x12mm Exit=4mm
27062
28037
28442
29540
31320
32271
35980
42684
52986
65252
76632
75847
63659
49352
42169
36149
32110
30671
28803
26787
27530
   711.49994   702.99994    -0.50000     1.00000     2.00000    18    50.0
LO MagPE 50.000KE/1  Ex=1486.599eV WF=4.000eV Ck=XL Det=MCD Ent=6x12mm Exit=4mm
24528
25374
24941
25723
26051
26706
27192
29565
30291
29358
26369
24336
21743
21158
20501
20428
20469
20172
