Fe on Ga203
  1123.99988  1113.99988    -0.50000     1.00000     2.00000    21    50.0
LO MagPE 50.000KE/1  Ex=1486.599eV WF=4.000eV Ck=XL Det=MCD Ent=6x12mm Exit=4mm
88306
88130
89914
90582
91611
94481
97889
105546
118024
134232
147397
147850
134017
119230
109287
102588
96675
90307
86746
85735
85052
   711.49994   702.99994    -0.50000     1.00000     2.00000    18    50.0
LO MagPE 50.000KE/1  Ex=1486.599eV WF=4.000eV Ck=XL Det=MCD Ent=6x12mm Exit=4mm
69948
70878
70639
71757
72384
72533
75070
76008
79095
78952
76084
71482
67460
67024
65314
65565
66206
64851
