Fe on Ga203
  1123.99988  1113.99988    -0.50000     1.00000     2.00000    21    50.0
LO MagPE 50.000KE/1  Ex=1486.599eV WF=4.000eV Ck=XL Det=MCD Ent=6x12mm Exit=4mm
32422
33166
33970
34000
35207
38387
42486
49686
59714
74198
84848
83094
70129
56459
48249
41284
37279
34255
32849
31082
31985
   711.49994   702.99994    -0.50000     1.00000     2.00000    18    50.0
LO MagPE 50.000KE/1  Ex=1486.599eV WF=4.000eV Ck=XL Det=MCD Ent=6x12mm Exit=4mm
30985
31536
31893
31776
32750
33603
34668
36848
36971
37109
33220
30748
27865
27002
27542
27857
26794
27480
