Fe on Ga203
  1123.99988  1113.99988    -0.50000     1.00000     2.00000    21    50.0
LO MagPE 50.000KE/1  Ex=1486.599eV WF=4.000eV Ck=XL Det=MCD Ent=6x12mm Exit=4mm
78486
79407
80026
80973
81895
85278
89706
97475
112346
132555
145555
146653
131901
113257
101203
93183
86722
82515
78405
78279
76131
   711.49994   702.99994    -0.50000     1.00000     2.00000    18    50.0
LO MagPE 50.000KE/1  Ex=1486.599eV WF=4.000eV Ck=XL Det=MCD Ent=6x12mm Exit=4mm
64856
65845
66067
67555
67299
69140
70378
71768
73475
73821
71451
65330
61771
59783
59707
59036
58830
58554
