Fe on Ga203
  1123.99988  1113.99988    -0.50000     1.00000     2.00000    21    50.0
LO MagPE 50.000KE/1  Ex=1486.599eV WF=4.000eV Ck=XL Det=MCD Ent=6x12mm Exit=4mm
29450
30539
30295
31402
32218
33485
36527
42250
51115
61130
69289
69710
60322
47709
41807
37363
33481
30542
28897
28758
28416
   711.49994   702.99994    -0.50000     1.00000     2.00000    18    50.0
LO MagPE 50.000KE/1  Ex=1486.599eV WF=4.000eV Ck=XL Det=MCD Ent=6x12mm Exit=4mm
30252
31421
31223
31359
32013
33178
34359
36360
38948
37496
33783
29920
27135
25864
25092
25138
24835
24385
