Fe on Ga203
  1123.99988  1113.99988    -0.50000     1.00000     2.00000    21    50.0
LO MagPE 50.000KE/1  Ex=1486.599eV WF=4.000eV Ck=XL Det=MCD Ent=6x12mm Exit=4mm
36568
36963
36359
37458
39458
41119
44846
52101
65307
79871
90265
89652
76527
58891
49509
44321
40459
37177
35019
34417
33411
   711.49994   702.99994    -0.50000     1.00000     2.00000    18    50.0
LO MagPE 50.000KE/1  Ex=1486.599eV WF=4.000eV Ck=XL Det=MCD Ent=6x12mm Exit=4mm
34157
33555
35224
35944
35754
37471
36447
39560
40488
38795
36535
32699
30811
28596
28283
28957
28921
28234
