Fe on Ga203
  1123.99988  1113.99988    -0.50000     1.00000     2.00000    21    50.0
LO MagPE 50.000KE/1  Ex=1486.599eV WF=4.000eV Ck=XL Det=MCD Ent=6x12mm Exit=4mm
91550
92964
90640
91188
93368
97569
106560
121061
143765
169807
193390
190880
170522
140709
121881
111919
102598
96936
92216
90100
88987
   711.49994   702.99994    -0.50000     1.00000     2.00000    18    50.0
LO MagPE 50.000KE/1  Ex=1486.599eV WF=4.000eV Ck=XL Det=MCD Ent=6x12mm Exit=4mm
81621
83622
83623
85446
85602
84129
90419
92998
96267
95398
89888
81884
75681
73834
73249
73722
72937
72540
