Fe on Ga203
  1123.99988  1113.99988    -0.50000     1.00000     2.00000    21    50.0
LO MagPE 50.000KE/1  Ex=1486.599eV WF=4.000eV Ck=XL Det=MCD Ent=6x12mm Exit=4mm
58835
59419
59293
59468
60788
61581
63201
65807
70954
78247
85092
85482
80524
73573
69593
66769
62690
59109
57988
57156
56928
   711.49994   702.99994    -0.50000     1.00000     2.00000    18    50.0
LO MagPE 50.000KE/1  Ex=1486.599eV WF=4.000eV Ck=XL Det=MCD Ent=6x12mm Exit=4mm
45934
46351
46545
46972
47118
47924
47821
49960
50227
51009
49312
46306
44420
44781
43236
43562
43923
43466
