Fe on Ga203
  1123.99988  1113.99988    -0.50000     1.00000     2.00000    21    50.0
LO MagPE 50.000KE/1  Ex=1486.599eV WF=4.000eV Ck=XL Det=MCD Ent=6x12mm Exit=4mm
32194
33646
33828
33906
35280
38330
42973
51777
65675
81182
93670
89394
74464
57364
47223
41054
37202
35009
31858
31375
30723
   711.49994   702.99994    -0.50000     1.00000     2.00000    18    50.0
LO MagPE 50.000KE/1  Ex=1486.599eV WF=4.000eV Ck=XL Det=MCD Ent=6x12mm Exit=4mm
30550
31033
31777
31589
32143
31765
33391
34645
35636
34757
33204
29713
28847
28448
28029
28459
27821
28203
