Fe on Ga203
  1123.99988  1113.99988    -0.50000     1.00000     2.00000    21    50.0
LO MagPE 50.000KE/1  Ex=1486.599eV WF=4.000eV Ck=XL Det=MCD Ent=6x12mm Exit=4mm
63731
64334
64700
65459
67410
69506
74693
83489
97987
115239
130430
128908
114730
96632
84838
77835
69600
66169
63319
61550
60961
   711.49994   702.99994    -0.50000     1.00000     2.00000    18    50.0
LO MagPE 50.000KE/1  Ex=1486.599eV WF=4.000eV Ck=XL Det=MCD Ent=6x12mm Exit=4mm
54588
54815
55162
55770
55896
57839
58690
60904
62731
63127
59530
55461
51520
49891
49064
48848
48440
48701
