Fe on Ga203
  1123.99988  1113.99988    -0.50000     1.00000     2.00000    21    50.0
LO MagPE 50.000KE/1  Ex=1486.599eV WF=4.000eV Ck=XL Det=MCD Ent=6x12mm Exit=4mm
35120
35663
36313
37906
38708
41708
46489
53912
68349
82245
95245
92519
78549
61383
50359
44655
40565
35818
34320
33653
32788
   711.49994   702.99994    -0.50000     1.00000     2.00000    18    50.0
LO MagPE 50.000KE/1  Ex=1486.599eV WF=4.000eV Ck=XL Det=MCD Ent=6x12mm Exit=4mm
33326
33993
34268
34209
34228
36419
37726
39871
41236
40362
36352
32622
29434
29825
29150
29183
28095
28443
