Fe on Ga203
  1123.99988  1113.99988    -0.50000     1.00000     2.00000    21    50.0
LO MagPE 50.000KE/1  Ex=1486.599eV WF=4.000eV Ck=XL Det=MCD Ent=6x12mm Exit=4mm
90355
90999
92403
93241
94744
98642
106062
117562
137357
163462
184445
182627
160186
134330
118553
109699
100039
94161
91971
89315
87693
   711.49994   702.99994    -0.50000     1.00000     2.00000    18    50.0
LO MagPE 50.000KE/1  Ex=1486.599eV WF=4.000eV Ck=XL Det=MCD Ent=6x12mm Exit=4mm
72808
74146
74047
75237
76252
77909
78477
81352
84250
83485
78869
72858
69709
67844
67625
67945
67547
66993
