Fe on Ga203
  1123.99988  1113.99988    -0.50000     1.00000     2.00000    21    50.0
LO MagPE 50.000KE/1  Ex=1486.599eV WF=4.000eV Ck=XL Det=MCD Ent=6x12mm Exit=4mm
32195
33002
35081
36088
36329
38209
43498
51431
65529
79134
89416
87812
72856
58215
48138
43839
38411
35271
33389
32404
30383
   711.49994   702.99994    -0.50000     1.00000     2.00000    18    50.0
LO MagPE 50.000KE/1  Ex=1486.599eV WF=4.000eV Ck=XL Det=MCD Ent=6x12mm Exit=4mm
30005
29874
30870
30912
32104
31888
32708
34042
35732
34618
33668
30322
29057
28132
28621
28474
28123
28612
