Fe on Ga203
  1123.99988  1113.99988    -0.50000     1.00000     2.00000    21    50.0
LO MagPE 50.000KE/1  Ex=1486.599eV WF=4.000eV Ck=XL Det=MCD Ent=6x12mm Exit=4mm
35295
36094
35536
35950
38777
41898
46280
54416
68284
85749
93659
91163
76101
62063
50859
45342
38933
37148
34774
34624
34159
   711.49994   702.99994    -0.50000     1.00000     2.00000    18    50.0
LO MagPE 50.000KE/1  Ex=1486.599eV WF=4.000eV Ck=XL Det=MCD Ent=6x12mm Exit=4mm
32403
33000
33615
33773
35674
36935
38755
39737
41067
38603
37454
31700
29924
28789
28477
27272
27121
27536
