Fe on Ga203
  1123.99988  1113.99988    -0.50000     1.00000     2.00000    21    50.0
LO MagPE 50.000KE/1  Ex=1486.599eV WF=4.000eV Ck=XL Det=MCD Ent=6x12mm Exit=4mm
95082
95300
96126
96911
98964
102900
110072
119812
137328
160012
177673
172366
153176
134131
118745
109968
104054
97737
94146
93548
89433
   711.49994   702.99994    -0.50000     1.00000     2.00000    18    50.0
LO MagPE 50.000KE/1  Ex=1486.599eV WF=4.000eV Ck=XL Det=MCD Ent=6x12mm Exit=4mm
79136
81091
82124
80040
80445
84259
87673
95707
101988
100312
90995
81103
73275
71409
71591
71056
69562
68951
