Fe on Ga203
  1123.99988  1113.99988    -0.50000     1.00000     2.00000    21    50.0
LO MagPE 50.000KE/1  Ex=1486.599eV WF=4.000eV Ck=XL Det=MCD Ent=6x12mm Exit=4mm
31132
31667
32020
32997
35445
37614
41811
51340
64590
79571
90003
86788
71394
56471
46691
40657
36635
33314
31979
31741
30435
   711.49994   702.99994    -0.50000     1.00000     2.00000    18    50.0
LO MagPE 50.000KE/1  Ex=1486.599eV WF=4.000eV Ck=XL Det=MCD Ent=6x12mm Exit=4mm
31703
32402
32816
33148
33829
33873
34842
35704
36908
36479
33627
31560
29713
29436
28061
28224
27873
27429
