Fe on Ga203
  1123.99988  1113.99988    -0.50000     1.00000     2.00000    21    50.0
LO MagPE 50.000KE/1  Ex=1486.599eV WF=4.000eV Ck=XL Det=MCD Ent=6x12mm Exit=4mm
29137
28498
29965
31303
31283
34476
37952
43986
55730
68887
78980
78063
64674
50823
42915
36666
34446
30274
28312
28058
28626
   711.49994   702.99994    -0.50000     1.00000     2.00000    18    50.0
LO MagPE 50.000KE/1  Ex=1486.599eV WF=4.000eV Ck=XL Det=MCD Ent=6x12mm Exit=4mm
28382
28737
27803
29570
29453
31302
31887
34704
34552
33805
30756
27147
25372
25184
23692
24019
23729
23413
