Fe on Ga203
  1123.99988  1113.99988    -0.50000     1.00000     2.00000    21    50.0
LO MagPE 50.000KE/1  Ex=1486.599eV WF=4.000eV Ck=XL Det=MCD Ent=6x12mm Exit=4mm
74527
74171
76431
77481
79168
82299
87208
96715
114132
135404
152511
153943
133083
112169
97447
89085
82775
76237
73981
72471
71067
   711.49994   702.99994    -0.50000     1.00000     2.00000    18    50.0
LO MagPE 50.000KE/1  Ex=1486.599eV WF=4.000eV Ck=XL Det=MCD Ent=6x12mm Exit=4mm
60431
61560
62380
61708
63695
63816
65409
67606
69180
70274
66713
61817
58056
56279
55625
55864
56046
55526
