Fe on Ga203
  1123.99988  1113.99988    -0.50000     1.00000     2.00000    21    50.0
LO MagPE 50.000KE/1  Ex=1486.599eV WF=4.000eV Ck=XL Det=MCD Ent=6x12mm Exit=4mm
27256
27754
27701
27768
29057
30748
33434
38649
46955
57406
64521
63776
54290
43938
37988
33658
30811
28752
27586
26900
26152
   711.49994   702.99994    -0.50000     1.00000     2.00000    18    50.0
LO MagPE 50.000KE/1  Ex=1486.599eV WF=4.000eV Ck=XL Det=MCD Ent=6x12mm Exit=4mm
26160
26425
26946
27708
27770
28912
29860
32072
32985
32299
30086
26405
23399
23089
22518
22344
22084
21433
