Fe on Ga203
  1123.99988  1113.99988    -0.50000     1.00000     2.00000    21    50.0
LO MagPE 50.000KE/1  Ex=1486.599eV WF=4.000eV Ck=XL Det=MCD Ent=6x12mm Exit=4mm
76930
77408
77857
78660
80436
82802
88018
97013
112534
131075
146701
145891
129054
110184
98145
90519
82877
77876
75638
73290
72050
   711.49994   702.99994    -0.50000     1.00000     2.00000    18    50.0
LO MagPE 50.000KE/1  Ex=1486.599eV WF=4.000eV Ck=XL Det=MCD Ent=6x12mm Exit=4mm
60179
61309
61589
62411
62787
63510
64981
66423
67550
66948
63283
60234
58640
56797
56303
56075
55576
55739
