Fe on Ga203
  1123.99988  1113.99988    -0.50000     1.00000     2.00000    21    50.0
LO MagPE 50.000KE/1  Ex=1486.599eV WF=4.000eV Ck=XL Det=MCD Ent=6x12mm Exit=4mm
93088
95843
100053
102452
105059
108641
118619
134647
159795
190366
215687
212065
182698
148519
126701
112791
106020
99154
95592
93298
92642
   711.49994   702.99994    -0.50000     1.00000     2.00000    18    50.0
LO MagPE 50.000KE/1  Ex=1486.599eV WF=4.000eV Ck=XL Det=MCD Ent=6x12mm Exit=4mm
90887
87972
91230
91246
94414
94676
99079
102440
106036
106535
97378
86734
80473
78683
77965
76775
77573
77430
