Fe on Ga203
  1123.99988  1113.99988    -0.50000     1.00000     2.00000    21    50.0
LO MagPE 50.000KE/1  Ex=1486.599eV WF=4.000eV Ck=XL Det=MCD Ent=6x12mm Exit=4mm
30661
32289
32834
33239
34754
37530
41638
50272
63538
79002
87622
84162
68264
54385
45648
40499
36366
33350
31978
31441
30906
   711.49994   702.99994    -0.50000     1.00000     2.00000    18    50.0
LO MagPE 50.000KE/1  Ex=1486.599eV WF=4.000eV Ck=XL Det=MCD Ent=6x12mm Exit=4mm
31087
32361
32362
32484
33512
34286
36590
36933
39216
37709
34843
30942
28909
27542
27462
27862
27661
27396
