Fe on Ga203
  1123.99988  1113.99988    -0.50000     1.00000     2.00000    21    50.0
LO MagPE 50.000KE/1  Ex=1486.599eV WF=4.000eV Ck=XL Det=MCD Ent=6x12mm Exit=4mm
69554
69555
70103
70836
72154
74313
78222
83758
94013
107811
119008
118392
108545
94433
86736
80934
74810
71172
69499
68140
67279
   711.49994   702.99994    -0.50000     1.00000     2.00000    18    50.0
LO MagPE 50.000KE/1  Ex=1486.599eV WF=4.000eV Ck=XL Det=MCD Ent=6x12mm Exit=4mm
59121
60300
60357
61316
61936
62368
65674
66948
70508
68670
66084
58651
54927
52062
52005
51893
51397
50674
