Fe on Ga203
  1123.99988  1113.99988    -0.50000     1.00000     2.00000    21    50.0
LO MagPE 50.000KE/1  Ex=1486.599eV WF=4.000eV Ck=XL Det=MCD Ent=6x12mm Exit=4mm
30728
30427
31002
32471
33162
34948
37062
40980
48122
59319
70025
70573
62591
51724
44767
40753
36795
34717
33436
31114
29945
   711.49994   702.99994    -0.50000     1.00000     2.00000    18    50.0
LO MagPE 50.000KE/1  Ex=1486.599eV WF=4.000eV Ck=XL Det=MCD Ent=6x12mm Exit=4mm
29652
29123
30243
31082
30168
31070
31557
32867
34572
34153
31349
27846
25688
24161
24550
24022
23942
23058
