Fe on Ga203
  1123.99988  1113.99988    -0.50000     1.00000     2.00000    21    50.0
LO MagPE 50.000KE/1  Ex=1486.599eV WF=4.000eV Ck=XL Det=MCD Ent=6x12mm Exit=4mm
29874
30360
30826
31136
32198
33403
34745
40443
46488
55489
61602
62094
56836
48780
41984
38339
35550
33056
30400
31157
31184
   711.49994   702.99994    -0.50000     1.00000     2.00000    18    50.0
LO MagPE 50.000KE/1  Ex=1486.599eV WF=4.000eV Ck=XL Det=MCD Ent=6x12mm Exit=4mm
27576
27542
29014
30401
29704
30896
33054
34752
35351
34244
30010
26605
24378
23864
24147
22860
23474
22900
