Fe on Ga203
  1123.99988  1113.99988    -0.50000     1.00000     2.00000    21    50.0
LO MagPE 50.000KE/1  Ex=1486.599eV WF=4.000eV Ck=XL Det=MCD Ent=6x12mm Exit=4mm
74286
74555
75089
75750
77721
78604
83331
89391
99350
112352
122956
124208
112015
99386
90744
85553
80492
76545
74242
73449
72960
   711.49994   702.99994    -0.50000     1.00000     2.00000    18    50.0
LO MagPE 50.000KE/1  Ex=1486.599eV WF=4.000eV Ck=XL Det=MCD Ent=6x12mm Exit=4mm
62521
63067
63012
65115
66273
67002
69432
72713
75371
74744
68047
60011
56146
54355
53929
53059
52120
52688
