Fe on Ga203
  1123.99988  1113.99988    -0.50000     1.00000     2.00000    21    50.0
LO MagPE 50.000KE/1  Ex=1486.599eV WF=4.000eV Ck=XL Det=MCD Ent=6x12mm Exit=4mm
93780
92621
93604
95266
97917
105051
112921
128196
150998
180499
202335
195542
173501
144518
127934
117590
108744
102664
98574
96541
92519
   711.49994   702.99994    -0.50000     1.00000     2.00000    18    50.0
LO MagPE 50.000KE/1  Ex=1486.599eV WF=4.000eV Ck=XL Det=MCD Ent=6x12mm Exit=4mm
82218
79397
86225
86983
87067
87513
86453
92418
94034
91819
86881
81637
77595
76053
76213
76230
75853
73424
