Fe on Ga203
  1123.99988  1113.99988    -0.50000     1.00000     2.00000    21    50.0
LO MagPE 50.000KE/1  Ex=1486.599eV WF=4.000eV Ck=XL Det=MCD Ent=6x12mm Exit=4mm
74788
75423
75322
76610
76441
79195
80851
85027
91832
101858
109004
110782
103337
94916
89877
84960
81377
76209
74764
73588
72031
   711.49994   702.99994    -0.50000     1.00000     2.00000    18    50.0
LO MagPE 50.000KE/1  Ex=1486.599eV WF=4.000eV Ck=XL Det=MCD Ent=6x12mm Exit=4mm
57975
59387
59846
59934
60164
60390
60950
62663
63323
63500
62397
58796
56604
55653
54146
55280
54707
54912
