Fe on Ga203
  1123.99988  1113.99988    -0.50000     1.00000     2.00000    21    50.0
LO MagPE 50.000KE/1  Ex=1486.599eV WF=4.000eV Ck=XL Det=MCD Ent=6x12mm Exit=4mm
84123
84520
85337
86643
88179
89100
92300
98630
109021
121371
133745
134992
123677
110395
101637
95100
89621
86471
83320
81888
80980
   711.49994   702.99994    -0.50000     1.00000     2.00000    18    50.0
LO MagPE 50.000KE/1  Ex=1486.599eV WF=4.000eV Ck=XL Det=MCD Ent=6x12mm Exit=4mm
62878
63942
64146
64512
64514
65481
66399
67300
68109
68745
66439
63353
61612
60492
59485
60543
59636
59198
