Fe on Ga203
  1123.99988  1113.99988    -0.50000     1.00000     2.00000    21    50.0
LO MagPE 50.000KE/1  Ex=1486.599eV WF=4.000eV Ck=XL Det=MCD Ent=6x12mm Exit=4mm
33513
33487
33585
34012
34313
34921
35999
38302
41243
45206
48868
49429
47053
44151
41716
40010
37440
34774
33316
32081
31914
   711.49994   702.99994    -0.50000     1.00000     2.00000    18    50.0
LO MagPE 50.000KE/1  Ex=1486.599eV WF=4.000eV Ck=XL Det=MCD Ent=6x12mm Exit=4mm
23812
24835
24693
24990
25287
25485
26286
27136
27989
27780
26466
24893
22812
22093
22016
21841
21259
21276
