Fe on Ga203
  1123.99988  1113.99988    -0.50000     1.00000     2.00000    21    50.0
LO MagPE 50.000KE/1  Ex=1486.599eV WF=4.000eV Ck=XL Det=MCD Ent=6x12mm Exit=4mm
30720
31116
31499
33033
33804
35834
40164
48646
60590
76002
86239
82936
68940
54116
44566
38677
34553
32221
30680
29444
29076
   711.49994   702.99994    -0.50000     1.00000     2.00000    18    50.0
LO MagPE 50.000KE/1  Ex=1486.599eV WF=4.000eV Ck=XL Det=MCD Ent=6x12mm Exit=4mm
28905
29085
30427
30170
29963
31195
31321
32873
34705
33856
32122
28580
27027
26562
25470
25690
25147
25005
