Fe on Ga203
  1123.99988  1113.99988    -0.50000     1.00000     2.00000    21    50.0
LO MagPE 50.000KE/1  Ex=1486.599eV WF=4.000eV Ck=XL Det=MCD Ent=6x12mm Exit=4mm
92609
93148
94471
93973
97474
100977
108868
118082
134760
158455
175703
174142
154945
133228
120109
109957
102547
96523
93188
90583
89134
   711.49994   702.99994    -0.50000     1.00000     2.00000    18    50.0
LO MagPE 50.000KE/1  Ex=1486.599eV WF=4.000eV Ck=XL Det=MCD Ent=6x12mm Exit=4mm
80962
81136
82376
83577
85515
86367
90533
92921
97235
96509
89041
79289
74480
72762
71639
71339
71179
71283
