Fe on Ga203
  1123.99988  1113.99988    -0.50000     1.00000     2.00000    21    50.0
LO MagPE 50.000KE/1  Ex=1486.599eV WF=4.000eV Ck=XL Det=MCD Ent=6x12mm Exit=4mm
85504
87632
87192
88224
91066
93696
101539
113350
133076
158109
176695
175411
153318
128670
111336
103323
94269
88989
87228
84205
82998
   711.49994   702.99994    -0.50000     1.00000     2.00000    18    50.0
LO MagPE 50.000KE/1  Ex=1486.599eV WF=4.000eV Ck=XL Det=MCD Ent=6x12mm Exit=4mm
71432
70869
71563
73179
73765
74020
74970
77662
78780
77758
75030
69942
67461
66621
65936
66513
65094
65101
