Fe on Ga203
  1123.99988  1113.99988    -0.50000     1.00000     2.00000    21    50.0
LO MagPE 50.000KE/1  Ex=1486.599eV WF=4.000eV Ck=XL Det=MCD Ent=6x12mm Exit=4mm
70856
71374
71651
72138
73942
74744
77888
82088
89101
100015
108659
108503
100504
90129
84200
79137
75760
72183
70006
70542
69599
   711.49994   702.99994    -0.50000     1.00000     2.00000    18    50.0
LO MagPE 50.000KE/1  Ex=1486.599eV WF=4.000eV Ck=XL Det=MCD Ent=6x12mm Exit=4mm
56371
57655
58167
58829
59500
61661
62639
64751
67362
66675
62360
56093
52281
51694
50867
50062
50774
49758
