Fe on Ga203
  1123.99988  1113.99988    -0.50000     1.00000     2.00000    21    50.0
LO MagPE 50.000KE/1  Ex=1486.599eV WF=4.000eV Ck=XL Det=MCD Ent=6x12mm Exit=4mm
73831
73790
74796
75455
77158
81837
86178
95962
112178
132223
148866
148182
131826
110351
97534
89768
81709
77682
74906
73012
73915
   711.49994   702.99994    -0.50000     1.00000     2.00000    18    50.0
LO MagPE 50.000KE/1  Ex=1486.599eV WF=4.000eV Ck=XL Det=MCD Ent=6x12mm Exit=4mm
66583
66569
67208
68866
68602
68784
70688
74594
75694
75943
70782
65976
61917
59684
58125
59388
58110
57670
