Fe on Ga203
  1123.99988  1113.99988    -0.50000     1.00000     2.00000    21    50.0
LO MagPE 50.000KE/1  Ex=1486.599eV WF=4.000eV Ck=XL Det=MCD Ent=6x12mm Exit=4mm
81255
81379
81424
82448
84475
87252
91225
98886
111680
127572
140161
139118
126180
109914
100094
93199
87978
83216
81967
79480
78460
   711.49994   702.99994    -0.50000     1.00000     2.00000    18    50.0
LO MagPE 50.000KE/1  Ex=1486.599eV WF=4.000eV Ck=XL Det=MCD Ent=6x12mm Exit=4mm
67308
67623
70293
70542
70954
74279
76746
79931
83718
81337
74847
66611
62592
60019
58915
58228
57891
57674
