Fe on Ga203
  1123.99988  1113.99988    -0.50000     1.00000     2.00000    21    50.0
LO MagPE 50.000KE/1  Ex=1486.599eV WF=4.000eV Ck=XL Det=MCD Ent=6x12mm Exit=4mm
72763
73924
74225
74492
76502
79333
85924
95244
110841
130563
145947
147969
128134
109511
95839
88170
80819
75588
73360
70134
70022
   711.49994   702.99994    -0.50000     1.00000     2.00000    18    50.0
LO MagPE 50.000KE/1  Ex=1486.599eV WF=4.000eV Ck=XL Det=MCD Ent=6x12mm Exit=4mm
59709
60133
61287
61190
61472
62528
64272
66163
67663
66612
65141
59317
57610
55739
55836
54709
54647
54827
