Fe on Ga203
  1123.99988  1113.99988    -0.50000     1.00000     2.00000    21    50.0
LO MagPE 50.000KE/1  Ex=1486.599eV WF=4.000eV Ck=XL Det=MCD Ent=6x12mm Exit=4mm
56146
57107
57021
56310
57268
57827
58866
61278
64903
69656
73016
73383
70608
67536
64988
62996
59976
56910
55553
55766
54560
   711.49994   702.99994    -0.50000     1.00000     2.00000    18    50.0
LO MagPE 50.000KE/1  Ex=1486.599eV WF=4.000eV Ck=XL Det=MCD Ent=6x12mm Exit=4mm
41620
41868
42191
42523
42979
43060
42981
43787
44433
44961
48123
43865
40504
42341
41477
40735
40889
39912
