Fe on Ga203
  1123.99988  1113.99988    -0.50000     1.00000     2.00000    21    50.0
LO MagPE 50.000KE/1  Ex=1486.599eV WF=4.000eV Ck=XL Det=MCD Ent=6x12mm Exit=4mm
41271
41799
41921
42014
42781
43145
44257
46066
50262
54293
58713
59174
56254
51953
49325
47725
45839
42309
41386
40469
39941
   711.49994   702.99994    -0.50000     1.00000     2.00000    18    50.0
LO MagPE 50.000KE/1  Ex=1486.599eV WF=4.000eV Ck=XL Det=MCD Ent=6x12mm Exit=4mm
32810
33216
34003
34015
34709
35132
36223
37139
38591
38866
36794
33537
31508
30931
29873
29321
29231
29565
