Fe on Ga203
  1123.99988  1113.99988    -0.50000     1.00000     2.00000    21    50.0
LO MagPE 50.000KE/1  Ex=1486.599eV WF=4.000eV Ck=XL Det=MCD Ent=6x12mm Exit=4mm
33663
35601
35987
37208
39256
41404
47251
56948
72988
94292
107655
105099
87308
66685
54468
46933
41192
37896
35579
34416
33200
   711.49994   702.99994    -0.50000     1.00000     2.00000    18    50.0
LO MagPE 50.000KE/1  Ex=1486.599eV WF=4.000eV Ck=XL Det=MCD Ent=6x12mm Exit=4mm
30730
31178
32105
31303
32373
32590
33181
34199
35109
34609
32946
30719
28680
28153
28305
27603
28050
27651
