Fe on Ga203
  1123.99988  1113.99988    -0.50000     1.00000     2.00000    21    50.0
LO MagPE 50.000KE/1  Ex=1486.599eV WF=4.000eV Ck=XL Det=MCD Ent=6x12mm Exit=4mm
30314
30404
30783
31530
33497
35150
38753
45568
55256
68677
77442
75254
63667
51644
42554
37788
34221
30916
30536
29787
29439
   711.49994   702.99994    -0.50000     1.00000     2.00000    18    50.0
LO MagPE 50.000KE/1  Ex=1486.599eV WF=4.000eV Ck=XL Det=MCD Ent=6x12mm Exit=4mm
29114
29876
31014
30343
31137
32476
33190
34036
34905
35308
32308
27989
26197
25264
25302
25578
23896
25167
