Fe on Ga203
  1123.99988  1113.99988    -0.50000     1.00000     2.00000    21    50.0
LO MagPE 50.000KE/1  Ex=1486.599eV WF=4.000eV Ck=XL Det=MCD Ent=6x12mm Exit=4mm
39350
38842
39122
39530
39992
40721
41219
43954
47308
50342
54452
55338
51879
48868
47051
44551
42199
39692
39033
38146
37476
   711.49994   702.99994    -0.50000     1.00000     2.00000    18    50.0
LO MagPE 50.000KE/1  Ex=1486.599eV WF=4.000eV Ck=XL Det=MCD Ent=6x12mm Exit=4mm
27293
27736
27260
27558
28034
29199
29048
29811
30639
31044
29741
27518
25754
25355
25303
25162
24789
25060
