Fe on Ga203
  1123.99988  1113.99988    -0.50000     1.00000     2.00000    21    50.0
LO MagPE 50.000KE/1  Ex=1486.599eV WF=4.000eV Ck=XL Det=MCD Ent=6x12mm Exit=4mm
28572
28311
28865
29804
31239
32742
37317
44665
56377
71309
84523
83895
70152
54701
43148
38536
33082
31371
28831
27714
26664
   711.49994   702.99994    -0.50000     1.00000     2.00000    18    50.0
LO MagPE 50.000KE/1  Ex=1486.599eV WF=4.000eV Ck=XL Det=MCD Ent=6x12mm Exit=4mm
24684
25375
26662
25680
26242
27713
28723
29587
31213
29431
28196
23444
22623
21107
20819
20255
20671
21089
