Fe on Ga203
  1123.99988  1113.99988    -0.50000     1.00000     2.00000    21    50.0
LO MagPE 50.000KE/1  Ex=1486.599eV WF=4.000eV Ck=XL Det=MCD Ent=6x12mm Exit=4mm
96484
98222
97775
98959
100146
101045
105574
115797
130186
147884
163730
169913
152711
132099
121223
112893
106200
101129
95048
93992
93492
   711.49994   702.99994    -0.50000     1.00000     2.00000    18    50.0
LO MagPE 50.000KE/1  Ex=1486.599eV WF=4.000eV Ck=XL Det=MCD Ent=6x12mm Exit=4mm
82158
83521
83188
84245
83976
88607
95062
98891
102336
99371
90712
80209
74753
69347
69597
67555
67724
68040
