Fe on Ga203
  1123.99988  1113.99988    -0.50000     1.00000     2.00000    21    50.0
LO MagPE 50.000KE/1  Ex=1486.599eV WF=4.000eV Ck=XL Det=MCD Ent=6x12mm Exit=4mm
84754
86457
87457
87954
90493
92324
98665
107775
124109
141542
157386
157088
138674
119448
107645
99552
93306
88456
85447
85364
83046
   711.49994   702.99994    -0.50000     1.00000     2.00000    18    50.0
LO MagPE 50.000KE/1  Ex=1486.599eV WF=4.000eV Ck=XL Det=MCD Ent=6x12mm Exit=4mm
74674
77490
76923
78646
80200
81180
84510
87332
90230
90444
82121
73632
68794
66659
65937
66121
65463
66114
