Fe on Ga203
  1123.99988  1113.99988    -0.50000     1.00000     2.00000    21    50.0
LO MagPE 50.000KE/1  Ex=1486.599eV WF=4.000eV Ck=XL Det=MCD Ent=6x12mm Exit=4mm
30718
31680
32038
32402
34700
36721
40776
49367
63138
79348
90111
85827
71581
54280
44881
39468
35240
31949
30850
30938
28861
   711.49994   702.99994    -0.50000     1.00000     2.00000    18    50.0
LO MagPE 50.000KE/1  Ex=1486.599eV WF=4.000eV Ck=XL Det=MCD Ent=6x12mm Exit=4mm
29427
29853
29569
30648
30291
31203
32737
33269
33253
33208
32104
28801
27899
27274
26553
26402
26534
25932
