Fe on Ga203
  1123.99988  1113.99988    -0.50000     1.00000     2.00000    21    50.0
LO MagPE 50.000KE/1  Ex=1486.599eV WF=4.000eV Ck=XL Det=MCD Ent=6x12mm Exit=4mm
33443
32587
32896
34350
36178
38186
42843
52349
66008
81450
95703
91699
76659
60968
50837
44797
39654
37181
35359
33030
32812
   711.49994   702.99994    -0.50000     1.00000     2.00000    18    50.0
LO MagPE 50.000KE/1  Ex=1486.599eV WF=4.000eV Ck=XL Det=MCD Ent=6x12mm Exit=4mm
31657
33680
33228
34235
33984
35237
36480
37454
38074
39303
35970
31169
29386
27874
27366
26483
27159
28364
