Fe on Ga203
  1123.99988  1113.99988    -0.50000     1.00000     2.00000    21    50.0
LO MagPE 50.000KE/1  Ex=1486.599eV WF=4.000eV Ck=XL Det=MCD Ent=6x12mm Exit=4mm
30249
30174
30484
30510
30679
31320
31953
34074
36404
40032
42344
42960
40543
37998
37168
35710
33229
31292
29372
28941
28622
   711.49994   702.99994    -0.50000     1.00000     2.00000    18    50.0
LO MagPE 50.000KE/1  Ex=1486.599eV WF=4.000eV Ck=XL Det=MCD Ent=6x12mm Exit=4mm
21332
20852
20948
21178
21315
21962
22588
22633
23650
24238
22949
21064
19592
19036
18549
18513
18464
18487
