Fe on Ga203
  1123.99988  1113.99988    -0.50000     1.00000     2.00000    21    50.0
LO MagPE 50.000KE/1  Ex=1486.599eV WF=4.000eV Ck=XL Det=MCD Ent=6x12mm Exit=4mm
32698
33834
33198
35298
35984
38735
43448
51208
62169
79488
90636
88708
73185
58868
48868
42727
39089
36066
34714
33146
32389
   711.49994   702.99994    -0.50000     1.00000     2.00000    18    50.0
LO MagPE 50.000KE/1  Ex=1486.599eV WF=4.000eV Ck=XL Det=MCD Ent=6x12mm Exit=4mm
35365
35083
35504
36258
36684
37862
38777
40593
43164
42445
38381
34324
31930
30981
29906
30096
30508
29222
