Fe on Ga203
  1123.99988  1113.99988    -0.50000     1.00000     2.00000    21    50.0
LO MagPE 50.000KE/1  Ex=1486.599eV WF=4.000eV Ck=XL Det=MCD Ent=6x12mm Exit=4mm
36536
37095
36656
37388
37453
38069
39064
40655
42748
46480
49749
50565
47733
44427
43464
41694
40035
37302
36131
35026
34719
   711.49994   702.99994    -0.50000     1.00000     2.00000    18    50.0
LO MagPE 50.000KE/1  Ex=1486.599eV WF=4.000eV Ck=XL Det=MCD Ent=6x12mm Exit=4mm
28204
28057
28455
28764
29162
29843
30331
31024
32553
32632
31108
28530
26396
25692
24897
25222
24927
25019
