Fe on Ga203
  1123.99988  1113.99988    -0.50000     1.00000     2.00000    21    50.0
LO MagPE 50.000KE/1  Ex=1486.599eV WF=4.000eV Ck=XL Det=MCD Ent=6x12mm Exit=4mm
103629
102973
105222
106484
110278
112709
122305
139353
163476
197215
220411
215920
185039
151375
132515
121529
111134
102592
99823
98702
96214
   711.49994   702.99994    -0.50000     1.00000     2.00000    18    50.0
LO MagPE 50.000KE/1  Ex=1486.599eV WF=4.000eV Ck=XL Det=MCD Ent=6x12mm Exit=4mm
84811
86324
85335
86116
89024
89319
91292
91640
96595
93131
92834
88697
83124
80128
79403
79190
77278
78918
