Fe on Ga203
  1123.99988  1113.99988    -0.50000     1.00000     2.00000    21    50.0
LO MagPE 50.000KE/1  Ex=1486.599eV WF=4.000eV Ck=XL Det=MCD Ent=6x12mm Exit=4mm
67066
66833
66962
68257
69626
70240
73487
78695
86682
97827
108646
108540
100588
88840
80601
76348
71708
67851
66258
65263
64736
   711.49994   702.99994    -0.50000     1.00000     2.00000    18    50.0
LO MagPE 50.000KE/1  Ex=1486.599eV WF=4.000eV Ck=XL Det=MCD Ent=6x12mm Exit=4mm
52529
52738
52753
53722
53922
53920
55328
55717
57702
57604
55855
52667
49630
49046
49223
48517
48575
48699
