Fe on Ga203
  1123.99988  1113.99988    -0.50000     1.00000     2.00000    21    50.0
LO MagPE 50.000KE/1  Ex=1486.599eV WF=4.000eV Ck=XL Det=MCD Ent=6x12mm Exit=4mm
85358
85817
86896
88072
89376
93567
99334
109810
126294
149378
162805
163179
143592
121799
108245
99360
93517
88224
85464
83399
81622
   711.49994   702.99994    -0.50000     1.00000     2.00000    18    50.0
LO MagPE 50.000KE/1  Ex=1486.599eV WF=4.000eV Ck=XL Det=MCD Ent=6x12mm Exit=4mm
75921
77470
77725
84999
86525
83709
85524
89240
92732
91630
84205
76227
70887
68269
67305
66600
65613
67187
