Fe on Ga203
  1123.99988  1113.99988    -0.50000     1.00000     2.00000    21    50.0
LO MagPE 50.000KE/1  Ex=1486.599eV WF=4.000eV Ck=XL Det=MCD Ent=6x12mm Exit=4mm
35328
35879
36332
36274
37729
41243
47558
56758
70411
87079
100329
95942
80396
61610
51832
46245
41466
37931
35769
34710
33017
   711.49994   702.99994    -0.50000     1.00000     2.00000    18    50.0
LO MagPE 50.000KE/1  Ex=1486.599eV WF=4.000eV Ck=XL Det=MCD Ent=6x12mm Exit=4mm
31980
32189
32425
32143
32123
33687
33955
35580
36176
36562
34290
31570
29530
29626
28875
28439
28582
29055
