Fe on Ga203
  1123.99988  1113.99988    -0.50000     1.00000     2.00000    21    50.0
LO MagPE 50.000KE/1  Ex=1486.599eV WF=4.000eV Ck=XL Det=MCD Ent=6x12mm Exit=4mm
82193
82858
83819
84533
84865
87580
91034
97669
109588
125383
139615
138547
125885
111685
101428
94723
89665
84685
81368
80187
79867
   711.49994   702.99994    -0.50000     1.00000     2.00000    18    50.0
LO MagPE 50.000KE/1  Ex=1486.599eV WF=4.000eV Ck=XL Det=MCD Ent=6x12mm Exit=4mm
61968
63128
62876
63428
63052
64135
65569
67553
67653
68008
66135
61753
59564
57513
56795
58052
56351
57349
