Fe on Ga203
  1123.99988  1113.99988    -0.50000     1.00000     2.00000    21    50.0
LO MagPE 50.000KE/1  Ex=1486.599eV WF=4.000eV Ck=XL Det=MCD Ent=6x12mm Exit=4mm
95874
96237
96395
98969
101060
104818
111961
125190
147516
174252
194717
193753
169346
141669
124783
115664
105057
100396
95217
94526
92508
   711.49994   702.99994    -0.50000     1.00000     2.00000    18    50.0
LO MagPE 50.000KE/1  Ex=1486.599eV WF=4.000eV Ck=XL Det=MCD Ent=6x12mm Exit=4mm
79245
80592
81063
82356
81917
85099
86015
87670
91213
89651
85482
80684
74145
73938
73900
72642
72518
72538
