Fe on Ga203
  1123.99988  1113.99988    -0.50000     1.00000     2.00000    21    50.0
LO MagPE 50.000KE/1  Ex=1486.599eV WF=4.000eV Ck=XL Det=MCD Ent=6x12mm Exit=4mm
31479
32039
32288
33817
35915
39717
44385
55494
70899
90707
103230
96133
78492
60757
49794
41483
37508
33384
32482
30416
30131
   711.49994   702.99994    -0.50000     1.00000     2.00000    18    50.0
LO MagPE 50.000KE/1  Ex=1486.599eV WF=4.000eV Ck=XL Det=MCD Ent=6x12mm Exit=4mm
31607
32834
33170
32715
32960
34501
35324
36567
37975
37685
34692
31475
29779
29028
28218
27843
27174
27748
