Fe on Ga203
  1123.99988  1113.99988    -0.50000     1.00000     2.00000    21    50.0
LO MagPE 50.000KE/1  Ex=1486.599eV WF=4.000eV Ck=XL Det=MCD Ent=6x12mm Exit=4mm
32102
31690
32724
34226
35274
39494
44836
55344
72186
92406
103147
97682
79552
61204
48789
42147
36778
33754
32028
30688
30808
   711.49994   702.99994    -0.50000     1.00000     2.00000    18    50.0
LO MagPE 50.000KE/1  Ex=1486.599eV WF=4.000eV Ck=XL Det=MCD Ent=6x12mm Exit=4mm
32175
32904
33029
32982
34509
34280
35610
36694
36757
36885
35383
31233
29841
28593
28092
27458
27769
27192
