Fe on Ga203
  1123.99988  1113.99988    -0.50000     1.00000     2.00000    21    50.0
LO MagPE 50.000KE/1  Ex=1486.599eV WF=4.000eV Ck=XL Det=MCD Ent=6x12mm Exit=4mm
29899
29980
30540
31132
32595
34200
39171
43707
54089
66282
76175
75260
62536
49563
42174
37252
33680
31455
29989
28877
28091
   711.49994   702.99994    -0.50000     1.00000     2.00000    18    50.0
LO MagPE 50.000KE/1  Ex=1486.599eV WF=4.000eV Ck=XL Det=MCD Ent=6x12mm Exit=4mm
28610
28664
29040
29865
30029
31330
31932
32768
34625
34216
31837
28432
26095
24397
24726
24203
24514
24356
