Fe on Ga203
  1123.99988  1113.99988    -0.50000     1.00000     2.00000    21    50.0
LO MagPE 50.000KE/1  Ex=1486.599eV WF=4.000eV Ck=XL Det=MCD Ent=6x12mm Exit=4mm
42964
43365
43139
43618
44092
44997
45685
47961
52282
57286
62172
62754
59118
54315
50899
48683
46012
43532
41924
41056
41188
   711.49994   702.99994    -0.50000     1.00000     2.00000    18    50.0
LO MagPE 50.000KE/1  Ex=1486.599eV WF=4.000eV Ck=XL Det=MCD Ent=6x12mm Exit=4mm
34008
34072
33911
34017
34577
35124
36008
37208
38150
38380
36468
34227
32711
31414
30859
30793
31031
30867
