Fe on Ga203
  1123.99988  1113.99988    -0.50000     1.00000     2.00000    21    50.0
LO MagPE 50.000KE/1  Ex=1486.599eV WF=4.000eV Ck=XL Det=MCD Ent=6x12mm Exit=4mm
60579
60354
61236
61772
63297
64678
68021
75102
84367
97366
107588
109061
98913
84993
77038
70605
66757
62522
60056
59542
58514
   711.49994   702.99994    -0.50000     1.00000     2.00000    18    50.0
LO MagPE 50.000KE/1  Ex=1486.599eV WF=4.000eV Ck=XL Det=MCD Ent=6x12mm Exit=4mm
49572
50530
51304
51702
51718
52664
53962
56504
58331
58480
54831
50812
46926
45302
44189
43853
44703
43927
