Fe on Ga203
  1123.99988  1113.99988    -0.50000     1.00000     2.00000    21    50.0
LO MagPE 50.000KE/1  Ex=1486.599eV WF=4.000eV Ck=XL Det=MCD Ent=6x12mm Exit=4mm
57872
58249
58837
58987
59655
60620
62604
65611
70898
76975
82652
81711
77305
71756
67796
63983
61645
58772
57519
56933
56555
   711.49994   702.99994    -0.50000     1.00000     2.00000    18    50.0
LO MagPE 50.000KE/1  Ex=1486.599eV WF=4.000eV Ck=XL Det=MCD Ent=6x12mm Exit=4mm
45609
45890
46705
46442
47274
48514
49441
51227
53587
52950
51117
46392
43531
42674
41511
41654
41542
41856
