Fe on Ga203
  1123.99988  1113.99988    -0.50000     1.00000     2.00000    21    50.0
LO MagPE 50.000KE/1  Ex=1486.599eV WF=4.000eV Ck=XL Det=MCD Ent=6x12mm Exit=4mm
33221
33066
33616
34361
35532
38208
42818
50897
64498
80303
91329
88891
73015
56829
47915
41523
36904
34332
32681
31338
31463
   711.49994   702.99994    -0.50000     1.00000     2.00000    18    50.0
LO MagPE 50.000KE/1  Ex=1486.599eV WF=4.000eV Ck=XL Det=MCD Ent=6x12mm Exit=4mm
31763
31484
32363
32161
33090
33452
35339
35675
36783
36950
34062
30872
27760
27449
28163
27485
26918
26306
