Fe on Ga203
  1123.99988  1113.99988    -0.50000     1.00000     2.00000    21    50.0
LO MagPE 50.000KE/1  Ex=1486.599eV WF=4.000eV Ck=XL Det=MCD Ent=6x12mm Exit=4mm
30622
31732
31311
32269
34176
34916
37724
42126
54050
66650
74666
73859
62816
52196
42592
38498
36058
32868
31987
31111
30108
   711.49994   702.99994    -0.50000     1.00000     2.00000    18    50.0
LO MagPE 50.000KE/1  Ex=1486.599eV WF=4.000eV Ck=XL Det=MCD Ent=6x12mm Exit=4mm
27906
29702
30460
31045
31184
31050
30634
33918
35704
36086
33406
29849
28106
26522
24360
24997
25856
25614
