Fe on Ga203
  1123.99988  1113.99988    -0.50000     1.00000     2.00000    21    50.0
LO MagPE 50.000KE/1  Ex=1486.599eV WF=4.000eV Ck=XL Det=MCD Ent=6x12mm Exit=4mm
36402
37791
38213
39012
38998
40345
47101
54722
67825
85811
97272
94023
78374
64787
54965
48367
42632
39106
35513
35156
33204
   711.49994   702.99994    -0.50000     1.00000     2.00000    18    50.0
LO MagPE 50.000KE/1  Ex=1486.599eV WF=4.000eV Ck=XL Det=MCD Ent=6x12mm Exit=4mm
31973
32362
32192
33708
34726
34949
35006
35936
36706
37253
34926
31770
29495
27066
28033
28167
28501
27967
