Fe on Ga203
  1123.99988  1113.99988    -0.50000     1.00000     2.00000    21    50.0
LO MagPE 50.000KE/1  Ex=1486.599eV WF=4.000eV Ck=XL Det=MCD Ent=6x12mm Exit=4mm
31012
32338
32086
33090
34599
37378
41704
47858
60630
76021
87517
85344
71195
55518
46306
40609
36235
33758
31758
30218
30364
   711.49994   702.99994    -0.50000     1.00000     2.00000    18    50.0
LO MagPE 50.000KE/1  Ex=1486.599eV WF=4.000eV Ck=XL Det=MCD Ent=6x12mm Exit=4mm
29599
28482
29572
29898
30833
31800
32217
34462
35328
33832
31239
28459
26272
24904
24503
24004
24541
23866
