Fe on Ga203
  1123.99988  1113.99988    -0.50000     1.00000     2.00000    21    50.0
LO MagPE 50.000KE/1  Ex=1486.599eV WF=4.000eV Ck=XL Det=MCD Ent=6x12mm Exit=4mm
75112
74972
76857
77185
80551
82669
88356
100099
115897
138710
153690
152810
134640
113806
99595
91008
82245
77253
74159
74008
72381
   711.49994   702.99994    -0.50000     1.00000     2.00000    18    50.0
LO MagPE 50.000KE/1  Ex=1486.599eV WF=4.000eV Ck=XL Det=MCD Ent=6x12mm Exit=4mm
66399
67503
67741
69001
69037
70881
71211
74774
76830
76328
73060
67515
63496
60237
60734
60897
59481
60549
