Fe on Ga203
  1123.99988  1113.99988    -0.50000     1.00000     2.00000    21    50.0
LO MagPE 50.000KE/1  Ex=1486.599eV WF=4.000eV Ck=XL Det=MCD Ent=6x12mm Exit=4mm
84579
84040
85712
86261
88298
90126
95051
104385
117680
135827
149143
150116
132366
116206
104332
96756
91052
86918
85413
82514
82733
   711.49994   702.99994    -0.50000     1.00000     2.00000    18    50.0
LO MagPE 50.000KE/1  Ex=1486.599eV WF=4.000eV Ck=XL Det=MCD Ent=6x12mm Exit=4mm
72059
73171
73072
74941
76120
79000
81890
85963
88679
87167
80371
70059
65437
63131
61739
62392
61115
60470
