Fe on Ga203
  1123.99988  1113.99988    -0.50000     1.00000     2.00000    21    50.0
LO MagPE 50.000KE/1  Ex=1486.599eV WF=4.000eV Ck=XL Det=MCD Ent=6x12mm Exit=4mm
34014
34950
35414
36385
37055
38936
41972
48757
58836
69181
78175
78954
66431
54958
45189
40347
36781
34136
32785
43200
31278
   711.49994   702.99994    -0.50000     1.00000     2.00000    18    50.0
LO MagPE 50.000KE/1  Ex=1486.599eV WF=4.000eV Ck=XL Det=MCD Ent=6x12mm Exit=4mm
28907
29855
30272
30104
32103
33137
35043
37518
38165
37294
34800
29647
27168
26031
26544
25905
24759
25593
