Fe on Ga203
  1123.99988  1113.99988    -0.50000     1.00000     2.00000    21    50.0
LO MagPE 50.000KE/1  Ex=1486.599eV WF=4.000eV Ck=XL Det=MCD Ent=6x12mm Exit=4mm
68119
68323
68327
68604
69056
69390
71017
74833
78052
82949
86935
87330
83787
78988
75583
73522
71244
68726
67287
67035
66789
   711.49994   702.99994    -0.50000     1.00000     2.00000    18    50.0
LO MagPE 50.000KE/1  Ex=1486.599eV WF=4.000eV Ck=XL Det=MCD Ent=6x12mm Exit=4mm
52646
53388
54388
55290
54670
56389
57559
59227
60636
61766
58075
54439
49784
49046
48509
48412
48658
48334
