Fe on Ga203
  1123.99988  1113.99988    -0.50000     1.00000     2.00000    21    50.0
LO MagPE 50.000KE/1  Ex=1486.599eV WF=4.000eV Ck=XL Det=MCD Ent=6x12mm Exit=4mm
84979
84655
85116
86712
86543
89655
93257
100581
112313
128520
140265
138385
126635
111005
101517
95249
91351
87348
84112
83054
82701
   711.49994   702.99994    -0.50000     1.00000     2.00000    18    50.0
LO MagPE 50.000KE/1  Ex=1486.599eV WF=4.000eV Ck=XL Det=MCD Ent=6x12mm Exit=4mm
71002
72954
72257
74974
75616
78627
80816
84153
87788
86897
78163
69278
64143
61138
61016
60870
60081
59900
