Fe on Ga203
  1123.99988  1113.99988    -0.50000     1.00000     2.00000    21    50.0
LO MagPE 50.000KE/1  Ex=1486.599eV WF=4.000eV Ck=XL Det=MCD Ent=6x12mm Exit=4mm
30505
30342
31400
31310
33165
35736
40658
48133
61135
76501
88476
85630
72722
55685
46840
40339
35712
32663
31168
30780
29472
   711.49994   702.99994    -0.50000     1.00000     2.00000    18    50.0
LO MagPE 50.000KE/1  Ex=1486.599eV WF=4.000eV Ck=XL Det=MCD Ent=6x12mm Exit=4mm
28787
28072
28383
29279
30381
30885
32243
32609
34266
33807
31157
28277
25462
24482
24064
24545
24835
24311
