Fe on Ga203
  1123.99988  1113.99988    -0.50000     1.00000     2.00000    21    50.0
LO MagPE 50.000KE/1  Ex=1486.599eV WF=4.000eV Ck=XL Det=MCD Ent=6x12mm Exit=4mm
75296
74877
75023
75356
76354
76451
79262
81069
86649
92827
98679
98293
94444
87731
83437
81007
77347
74961
73182
72319
72676
   711.49994   702.99994    -0.50000     1.00000     2.00000    18    50.0
LO MagPE 50.000KE/1  Ex=1486.599eV WF=4.000eV Ck=XL Det=MCD Ent=6x12mm Exit=4mm
60316
61338
62290
62295
63887
64374
66600
68918
70657
71348
66196
60294
57228
54941
54346
54036
53782
53409
