Fe on Ga203
  1123.99988  1113.99988    -0.50000     1.00000     2.00000    21    50.0
LO MagPE 50.000KE/1  Ex=1486.599eV WF=4.000eV Ck=XL Det=MCD Ent=6x12mm Exit=4mm
74286
73654
74690
75587
75427
77152
79713
83380
90785
99393
108443
108233
100094
92419
85845
81298
78178
74587
73565
72281
71577
   711.49994   702.99994    -0.50000     1.00000     2.00000    18    50.0
LO MagPE 50.000KE/1  Ex=1486.599eV WF=4.000eV Ck=XL Det=MCD Ent=6x12mm Exit=4mm
60504
61521
62115
62419
63241
64197
67130
69103
70949
72051
67155
60470
55304
53762
52776
53203
52487
52944
