Fe on Ga203
  1123.99988  1113.99988    -0.50000     1.00000     2.00000    21    50.0
LO MagPE 50.000KE/1  Ex=1486.599eV WF=4.000eV Ck=XL Det=MCD Ent=6x12mm Exit=4mm
39823
39490
40017
40065
40574
41531
41386
44205
47015
50959
55362
55229
52503
48261
45979
44392
41832
39971
38509
38442
37619
   711.49994   702.99994    -0.50000     1.00000     2.00000    18    50.0
LO MagPE 50.000KE/1  Ex=1486.599eV WF=4.000eV Ck=XL Det=MCD Ent=6x12mm Exit=4mm
27885
28671
28452
28604
28974
29717
29916
31475
32360
33014
31187
28356
26258
24903
25228
24901
24550
24662
