Fe on Ga203
  1123.99988  1113.99988    -0.50000     1.00000     2.00000    21    50.0
LO MagPE 50.000KE/1  Ex=1486.599eV WF=4.000eV Ck=XL Det=MCD Ent=6x12mm Exit=4mm
31331
32828
32338
34467
35871
38887
44579
54400
72122
91872
105635
102367
82849
63198
51484
42878
38434
33592
31783
30755
29877
   711.49994   702.99994    -0.50000     1.00000     2.00000    18    50.0
LO MagPE 50.000KE/1  Ex=1486.599eV WF=4.000eV Ck=XL Det=MCD Ent=6x12mm Exit=4mm
31049
31472
32137
31455
31705
32196
33166
34795
36491
35764
34583
30628
29183
26653
27386
27118
26468
26677
