Fe on Ga203
  1123.99988  1113.99988    -0.50000     1.00000     2.00000    21    50.0
LO MagPE 50.000KE/1  Ex=1486.599eV WF=4.000eV Ck=XL Det=MCD Ent=6x12mm Exit=4mm
28541
29744
30343
31794
31872
33916
37628
42924
53754
67717
77425
76924
64588
51716
42880
37692
33561
31467
28943
28315
28692
   711.49994   702.99994    -0.50000     1.00000     2.00000    18    50.0
LO MagPE 50.000KE/1  Ex=1486.599eV WF=4.000eV Ck=XL Det=MCD Ent=6x12mm Exit=4mm
25272
26361
26037
26513
27692
27685
28999
30672
32188
30559
28080
25259
23130
22098
21477
21469
21535
21450
