Fe on Ga203
  1123.99988  1113.99988    -0.50000     1.00000     2.00000    21    50.0
LO MagPE 50.000KE/1  Ex=1486.599eV WF=4.000eV Ck=XL Det=MCD Ent=6x12mm Exit=4mm
65588
66158
66468
66976
68459
70739
74488
81537
92779
106335
117101
118651
106843
92971
82409
77542
70865
67238
65227
64382
62743
   711.49994   702.99994    -0.50000     1.00000     2.00000    18    50.0
LO MagPE 50.000KE/1  Ex=1486.599eV WF=4.000eV Ck=XL Det=MCD Ent=6x12mm Exit=4mm
54714
54489
55348
56382
58305
58571
59208
63543
64128
64870
59840
54124
50876
49810
48485
48325
48061
47100
