Fe on Ga203
  1123.99988  1113.99988    -0.50000     1.00000     2.00000    21    50.0
LO MagPE 50.000KE/1  Ex=1486.599eV WF=4.000eV Ck=XL Det=MCD Ent=6x12mm Exit=4mm
76552
76151
76027
77487
77479
78842
81487
86145
93961
103289
110472
111290
103895
95609
89924
86524
81808
77662
74868
74492
73222
   711.49994   702.99994    -0.50000     1.00000     2.00000    18    50.0
LO MagPE 50.000KE/1  Ex=1486.599eV WF=4.000eV Ck=XL Det=MCD Ent=6x12mm Exit=4mm
58867
58876
59920
60600
60549
61040
62473
63256
64581
65330
63190
59305
56896
56453
55908
55288
55866
55461
