Fe on Ga203
  1123.99988  1113.99988    -0.50000     1.00000     2.00000    21    50.0
LO MagPE 50.000KE/1  Ex=1486.599eV WF=4.000eV Ck=XL Det=MCD Ent=6x12mm Exit=4mm
52001
51939
52482
52741
53545
54869
57080
60335
66762
75358
84016
83785
78516
69751
64924
61356
56910
53185
51666
50412
49911
   711.49994   702.99994    -0.50000     1.00000     2.00000    18    50.0
LO MagPE 50.000KE/1  Ex=1486.599eV WF=4.000eV Ck=XL Det=MCD Ent=6x12mm Exit=4mm
40734
41271
41648
41687
42376
42412
43271
44984
46269
46347
44822
41179
38758
37779
36717
36969
37467
36994
