Fe on Ga203
  1123.99988  1113.99988    -0.50000     1.00000     2.00000    21    50.0
LO MagPE 50.000KE/1  Ex=1486.599eV WF=4.000eV Ck=XL Det=MCD Ent=6x12mm Exit=4mm
39568
39541
39845
40220
40533
41118
42068
43304
46855
51715
55303
56238
52964
49512
46828
45501
42668
40300
38763
38402
38250
   711.49994   702.99994    -0.50000     1.00000     2.00000    18    50.0
LO MagPE 50.000KE/1  Ex=1486.599eV WF=4.000eV Ck=XL Det=MCD Ent=6x12mm Exit=4mm
27094
27748
27849
27784
27940
28633
28814
29797
30602
30497
29538
27497
26142
25322
25277
25229
25661
25278
