Fe on Ga203
  1123.99988  1113.99988    -0.50000     1.00000     2.00000    21    50.0
LO MagPE 50.000KE/1  Ex=1486.599eV WF=4.000eV Ck=XL Det=MCD Ent=6x12mm Exit=4mm
29568
29814
29608
30480
31558
33725
37524
43095
52013
64449
71731
69932
56970
46839
39417
35158
33373
30818
28361
29069
28584
   711.49994   702.99994    -0.50000     1.00000     2.00000    18    50.0
LO MagPE 50.000KE/1  Ex=1486.599eV WF=4.000eV Ck=XL Det=MCD Ent=6x12mm Exit=4mm
27778
28227
27686
28184
28871
28358
29421
30612
31434
30602
28071
26655
24972
24217
24157
23552
23744
22859
