Fe on Ga203
  1123.99988  1113.99988    -0.50000     1.00000     2.00000    21    50.0
LO MagPE 50.000KE/1  Ex=1486.599eV WF=4.000eV Ck=XL Det=MCD Ent=6x12mm Exit=4mm
84337
84294
84970
85834
86573
88093
90717
97052
106444
118100
127604
129160
119260
107499
101347
95389
90743
87425
83689
82117
81888
   711.49994   702.99994    -0.50000     1.00000     2.00000    18    50.0
LO MagPE 50.000KE/1  Ex=1486.599eV WF=4.000eV Ck=XL Det=MCD Ent=6x12mm Exit=4mm
64827
65470
65635
65939
66139
65891
68199
68778
70844
70112
69234
65023
64096
62087
62418
62042
61331
62368
