Fe on Ga203
  1123.99988  1113.99988    -0.50000     1.00000     2.00000    21    50.0
LO MagPE 50.000KE/1  Ex=1486.599eV WF=4.000eV Ck=XL Det=MCD Ent=6x12mm Exit=4mm
42195
42160
42486
43111
43934
44295
45940
48587
51951
57922
63381
63781
58485
53762
50689
48477
46085
43248
42185
41078
40606
   711.49994   702.99994    -0.50000     1.00000     2.00000    18    50.0
LO MagPE 50.000KE/1  Ex=1486.599eV WF=4.000eV Ck=XL Det=MCD Ent=6x12mm Exit=4mm
31834
31823
32581
32786
33309
33529
34360
36038
36929
37190
35584
32094
29937
28893
28234
27962
28363
28088
