Fe on Ga203
  1123.99988  1113.99988    -0.50000     1.00000     2.00000    21    50.0
LO MagPE 50.000KE/1  Ex=1486.599eV WF=4.000eV Ck=XL Det=MCD Ent=6x12mm Exit=4mm
79204
79877
80590
80896
82263
85978
90919
98521
111227
130069
146030
147179
130674
113008
101326
94843
88008
83506
79756
78588
77276
   711.49994   702.99994    -0.50000     1.00000     2.00000    18    50.0
LO MagPE 50.000KE/1  Ex=1486.599eV WF=4.000eV Ck=XL Det=MCD Ent=6x12mm Exit=4mm
66876
65226
66595
67356
68441
68196
69136
71233
73332
73099
69939
65251
61669
60729
60025
59805
58833
59592
