Fe on Ga203
  1123.99988  1113.99988    -0.50000     1.00000     2.00000    21    50.0
LO MagPE 50.000KE/1  Ex=1486.599eV WF=4.000eV Ck=XL Det=MCD Ent=6x12mm Exit=4mm
29279
30156
30682
31501
32952
35239
38735
46725
58644
74265
85509
83750
70786
54486
44303
38311
34928
31748
30602
28761
28312
   711.49994   702.99994    -0.50000     1.00000     2.00000    18    50.0
LO MagPE 50.000KE/1  Ex=1486.599eV WF=4.000eV Ck=XL Det=MCD Ent=6x12mm Exit=4mm
26648
27427
27856
27536
28243
28958
29975
31453
32360
32030
29897
26031
24636
22792
22954
22207
22193
22339
