Fe on Ga203
  1123.99988  1113.99988    -0.50000     1.00000     2.00000    21    50.0
LO MagPE 50.000KE/1  Ex=1486.599eV WF=4.000eV Ck=XL Det=MCD Ent=6x12mm Exit=4mm
78669
78942
78901
81272
83113
86355
91659
105151
121867
146455
165021
165649
142133
119826
103146
94213
87394
81522
78328
77053
76337
   711.49994   702.99994    -0.50000     1.00000     2.00000    18    50.0
LO MagPE 50.000KE/1  Ex=1486.599eV WF=4.000eV Ck=XL Det=MCD Ent=6x12mm Exit=4mm
68222
70424
70657
71188
71450
73323
74421
77689
81620
80156
76438
68677
64436
62371
61653
61628
61259
61610
