Fe on Ga203
  1123.99988  1113.99988    -0.50000     1.00000     2.00000    21    50.0
LO MagPE 50.000KE/1  Ex=1486.599eV WF=4.000eV Ck=XL Det=MCD Ent=6x12mm Exit=4mm
90597
89577
90475
93981
92832
96662
100590
109415
124638
141209
154279
155872
141595
122126
110993
103401
96592
92055
88281
88048
86832
   711.49994   702.99994    -0.50000     1.00000     2.00000    18    50.0
LO MagPE 50.000KE/1  Ex=1486.599eV WF=4.000eV Ck=XL Det=MCD Ent=6x12mm Exit=4mm
69749
69902
70277
71092
71475
71739
73845
77322
77863
77552
74239
69536
67049
65795
64616
65225
64910
63732
