Fe on Ga203
  1123.99988  1113.99988    -0.50000     1.00000     2.00000    21    50.0
LO MagPE 50.000KE/1  Ex=1486.599eV WF=4.000eV Ck=XL Det=MCD Ent=6x12mm Exit=4mm
52850
53061
54125
55790
55763
57637
60909
65651
73453
85025
93991
94476
86167
75273
68338
64231
58683
55119
52707
52169
51302
   711.49994   702.99994    -0.50000     1.00000     2.00000    18    50.0
LO MagPE 50.000KE/1  Ex=1486.599eV WF=4.000eV Ck=XL Det=MCD Ent=6x12mm Exit=4mm
42710
43123
43541
44906
44987
45362
46724
47788
48196
48509
46280
43124
41027
39900
39181
39245
39625
38828
