Fe on Ga203
  1123.99988  1113.99988    -0.50000     1.00000     2.00000    21    50.0
LO MagPE 50.000KE/1  Ex=1486.599eV WF=4.000eV Ck=XL Det=MCD Ent=6x12mm Exit=4mm
98704
100978
102241
102922
105888
109680
119789
130358
153648
181856
203266
199989
175641
147837
128430
117560
109886
106578
100611
100800
98673
   711.49994   702.99994    -0.50000     1.00000     2.00000    18    50.0
LO MagPE 50.000KE/1  Ex=1486.599eV WF=4.000eV Ck=XL Det=MCD Ent=6x12mm Exit=4mm
82822
84703
83913
87083
86737
85789
89805
90453
91327
94156
88673
83048
81614
76963
73975
75879
77775
75228
