Fe on Ga203
  1123.99988  1113.99988    -0.50000     1.00000     2.00000    21    50.0
LO MagPE 50.000KE/1  Ex=1486.599eV WF=4.000eV Ck=XL Det=MCD Ent=6x12mm Exit=4mm
48518
48735
48868
49114
49840
50897
52397
55661
60602
67805
73601
74289
69630
62532
58613
55073
52341
49510
47921
46853
46596
   711.49994   702.99994    -0.50000     1.00000     2.00000    18    50.0
LO MagPE 50.000KE/1  Ex=1486.599eV WF=4.000eV Ck=XL Det=MCD Ent=6x12mm Exit=4mm
37794
38372
38956
39565
40064
40219
41431
43108
44095
43653
42241
38447
35996
34695
34543
33911
33853
34015
