Fe on Ga203
  1123.99988  1113.99988    -0.50000     1.00000     2.00000    21    50.0
LO MagPE 50.000KE/1  Ex=1486.599eV WF=4.000eV Ck=XL Det=MCD Ent=6x12mm Exit=4mm
85639
83905
84563
87061
87848
88556
93837
100814
111690
126451
138735
138600
124497
109866
100887
95833
91169
86642
84925
82340
82118
   711.49994   702.99994    -0.50000     1.00000     2.00000    18    50.0
LO MagPE 50.000KE/1  Ex=1486.599eV WF=4.000eV Ck=XL Det=MCD Ent=6x12mm Exit=4mm
71290
73062
72698
74714
74707
78278
80459
84079
86683
86144
77418
68681
64616
62307
61515
60591
59844
60189
