Fe on Ga203
  1123.99988  1113.99988    -0.50000     1.00000     2.00000    21    50.0
LO MagPE 50.000KE/1  Ex=1486.599eV WF=4.000eV Ck=XL Det=MCD Ent=6x12mm Exit=4mm
66643
66390
66577
66990
67712
69252
69978
73343
77191
83127
87883
88899
82914
77976
74214
72364
69146
67162
65309
64522
64326
   711.49994   702.99994    -0.50000     1.00000     2.00000    18    50.0
LO MagPE 50.000KE/1  Ex=1486.599eV WF=4.000eV Ck=XL Det=MCD Ent=6x12mm Exit=4mm
52708
52825
53783
54253
54431
55962
57512
59995
61548
61124
58805
52401
48251
47275
46214
45761
46394
45719
