Fe on Ga203
  1123.99988  1113.99988    -0.50000     1.00000     2.00000    21    50.0
LO MagPE 50.000KE/1  Ex=1486.599eV WF=4.000eV Ck=XL Det=MCD Ent=6x12mm Exit=4mm
56021
55976
56842
57268
58261
61287
63038
69141
78516
89670
100547
102263
91431
80231
73805
67496
62927
58524
55949
55139
54298
   711.49994   702.99994    -0.50000     1.00000     2.00000    18    50.0
LO MagPE 50.000KE/1  Ex=1486.599eV WF=4.000eV Ck=XL Det=MCD Ent=6x12mm Exit=4mm
46146
47008
47651
48880
48429
50053
49799
51143
54775
53701
51407
47573
43287
42876
42298
41989
41395
41054
