Fe on Ga203
  1123.99988  1113.99988    -0.50000     1.00000     2.00000    21    50.0
LO MagPE 50.000KE/1  Ex=1486.599eV WF=4.000eV Ck=XL Det=MCD Ent=6x12mm Exit=4mm
61723
61790
61722
62864
63407
64025
64524
67710
70890
76175
80717
81133
77186
72585
69283
67804
65115
62004
61528
60798
60484
   711.49994   702.99994    -0.50000     1.00000     2.00000    18    50.0
LO MagPE 50.000KE/1  Ex=1486.599eV WF=4.000eV Ck=XL Det=MCD Ent=6x12mm Exit=4mm
49622
50249
51459
51464
52396
52855
55605
56443
58631
57775
55074
49949
46680
44988
44593
44494
43944
44378
