Fe on Ga203
  1123.99988  1113.99988    -0.50000     1.00000     2.00000    21    50.0
LO MagPE 50.000KE/1  Ex=1486.599eV WF=4.000eV Ck=XL Det=MCD Ent=6x12mm Exit=4mm
28538
29513
29377
29839
30995
33263
36171
42715
51867
62768
72934
70447
60378
48159
40807
35698
32765
31079
29425
28922
28423
   711.49994   702.99994    -0.50000     1.00000     2.00000    18    50.0
LO MagPE 50.000KE/1  Ex=1486.599eV WF=4.000eV Ck=XL Det=MCD Ent=6x12mm Exit=4mm
28089
28917
28930
29349
29673
30709
31524
32818
34213
34617
31160
27157
25644
24339
24546
24382
23883
23831
