Fe on Ga203
  1123.99988  1113.99988    -0.50000     1.00000     2.00000    21    50.0
LO MagPE 50.000KE/1  Ex=1486.599eV WF=4.000eV Ck=XL Det=MCD Ent=6x12mm Exit=4mm
36309
36423
36494
36088
36900
37523
38262
40003
42684
46359
49231
50101
47539
45036
43071
41413
39181
37245
35517
35350
34569
   711.49994   702.99994    -0.50000     1.00000     2.00000    18    50.0
LO MagPE 50.000KE/1  Ex=1486.599eV WF=4.000eV Ck=XL Det=MCD Ent=6x12mm Exit=4mm
28329
28351
28003
28534
29348
29395
30870
31713
32759
32470
31210
28429
26546
25267
25006
24703
24646
24747
