Fe on Ga203
  1123.99988  1113.99988    -0.50000     1.00000     2.00000    21    50.0
LO MagPE 50.000KE/1  Ex=1486.599eV WF=4.000eV Ck=XL Det=MCD Ent=6x12mm Exit=4mm
34073
33048
34294
35385
36638
39092
43852
51656
65672
80460
92411
91406
75607
60347
49547
43724
39180
35856
33077
33407
32134
   711.49994   702.99994    -0.50000     1.00000     2.00000    18    50.0
LO MagPE 50.000KE/1  Ex=1486.599eV WF=4.000eV Ck=XL Det=MCD Ent=6x12mm Exit=4mm
32033
32429
32306
32463
32705
32805
33941
34563
34915
35528
33789
30430
29609
29037
28129
28165
28309
27879
