Fe on Ga203
  1123.99988  1113.99988    -0.50000     1.00000     2.00000    21    50.0
LO MagPE 50.000KE/1  Ex=1486.599eV WF=4.000eV Ck=XL Det=MCD Ent=6x12mm Exit=4mm
55754
56761
56474
57489
57976
59452
61240
65074
71721
80134
87250
88114
81804
73794
68239
64894
61304
58500
56013
55507
55079
   711.49994   702.99994    -0.50000     1.00000     2.00000    18    50.0
LO MagPE 50.000KE/1  Ex=1486.599eV WF=4.000eV Ck=XL Det=MCD Ent=6x12mm Exit=4mm
46652
47815
48462
48736
49511
50395
50031
52657
54096
54141
51654
47858
44727
43409
43490
42425
42456
42609
