Fe on Ga203
  1123.99988  1113.99988    -0.50000     1.00000     2.00000    21    50.0
LO MagPE 50.000KE/1  Ex=1486.599eV WF=4.000eV Ck=XL Det=MCD Ent=6x12mm Exit=4mm
72003
72660
73109
72800
73003
74133
76493
78463
83862
91038
96574
97324
92049
85808
82114
79686
75902
71844
69966
69461
68895
   711.49994   702.99994    -0.50000     1.00000     2.00000    18    50.0
LO MagPE 50.000KE/1  Ex=1486.599eV WF=4.000eV Ck=XL Det=MCD Ent=6x12mm Exit=4mm
54879
54486
55263
55768
55845
56719
57260
59040
59400
59457
57941
54767
53043
52148
51956
52368
51844
52309
