Fe on Ga203
  1123.99988  1113.99988    -0.50000     1.00000     2.00000    21    50.0
LO MagPE 50.000KE/1  Ex=1486.599eV WF=4.000eV Ck=XL Det=MCD Ent=6x12mm Exit=4mm
88265
88198
89047
89224
93197
96141
103960
116846
136552
164399
185403
183589
161232
133207
116750
105485
97932
92420
87203
86087
85074
   711.49994   702.99994    -0.50000     1.00000     2.00000    18    50.0
LO MagPE 50.000KE/1  Ex=1486.599eV WF=4.000eV Ck=XL Det=MCD Ent=6x12mm Exit=4mm
71908
73783
73104
73821
73985
76028
76465
78692
80752
80380
76989
73741
69311
67255
66640
66632
66760
65353
