Fe on Ga203
  1123.99988  1113.99988    -0.50000     1.00000     2.00000    21    50.0
LO MagPE 50.000KE/1  Ex=1486.599eV WF=4.000eV Ck=XL Det=MCD Ent=6x12mm Exit=4mm
28173
28079
28692
29543
30745
32218
36344
41243
52040
65326
76373
74555
63030
49733
40180
35401
31998
29569
28114
26869
27416
   711.49994   702.99994    -0.50000     1.00000     2.00000    18    50.0
LO MagPE 50.000KE/1  Ex=1486.599eV WF=4.000eV Ck=XL Det=MCD Ent=6x12mm Exit=4mm
24063
24820
25668
26133
25874
26452
27508
29638
30046
28994
26987
23287
21604
21381
21236
20466
20449
20348
