Fe on Ga203
  1123.99988  1113.99988    -0.50000     1.00000     2.00000    21    50.0
LO MagPE 50.000KE/1  Ex=1486.599eV WF=4.000eV Ck=XL Det=MCD Ent=6x12mm Exit=4mm
71996
72160
72173
72797
73036
74506
76200
78924
85342
91975
97903
98576
92715
86012
81660
79788
75399
72847
70832
70357
70120
   711.49994   702.99994    -0.50000     1.00000     2.00000    18    50.0
LO MagPE 50.000KE/1  Ex=1486.599eV WF=4.000eV Ck=XL Det=MCD Ent=6x12mm Exit=4mm
57934
57976
58076
59314
59950
61445
63177
65587
67228
67765
62928
55920
53458
50807
50326
49702
49618
49379
