Fe on Ga203
  1123.99988  1113.99988    -0.50000     1.00000     2.00000    21    50.0
LO MagPE 50.000KE/1  Ex=1486.599eV WF=4.000eV Ck=XL Det=MCD Ent=6x12mm Exit=4mm
34370
33647
34907
34513
37177
39485
43866
51842
64416
79851
90831
86288
72196
58001
47723
41347
37506
34785
33729
33435
31517
   711.49994   702.99994    -0.50000     1.00000     2.00000    18    50.0
LO MagPE 50.000KE/1  Ex=1486.599eV WF=4.000eV Ck=XL Det=MCD Ent=6x12mm Exit=4mm
31357
30640
32360
31927
32523
33426
34680
35282
35896
36864
34496
31309
27520
26728
26271
26065
25975
26032
