Fe on Ga203
  1123.99988  1113.99988    -0.50000     1.00000     2.00000    21    50.0
LO MagPE 50.000KE/1  Ex=1486.599eV WF=4.000eV Ck=XL Det=MCD Ent=6x12mm Exit=4mm
62938
63887
63904
64461
65392
67686
70101
77045
87609
99072
111555
112629
101400
88993
80067
75997
70489
65586
62818
61334
59736
   711.49994   702.99994    -0.50000     1.00000     2.00000    18    50.0
LO MagPE 50.000KE/1  Ex=1486.599eV WF=4.000eV Ck=XL Det=MCD Ent=6x12mm Exit=4mm
53750
53949
54992
55955
55969
56651
58433
61548
62758
62765
59926
54156
51243
49156
48298
48044
47539
47506
