Fe on Ga203
  1123.99988  1113.99988    -0.50000     1.00000     2.00000    21    50.0
LO MagPE 50.000KE/1  Ex=1486.599eV WF=4.000eV Ck=XL Det=MCD Ent=6x12mm Exit=4mm
31080
31344
31024
32551
34090
37210
40865
50554
63430
80939
92638
89137
73046
56182
46353
40020
35248
32615
30874
29802
29095
   711.49994   702.99994    -0.50000     1.00000     2.00000    18    50.0
LO MagPE 50.000KE/1  Ex=1486.599eV WF=4.000eV Ck=XL Det=MCD Ent=6x12mm Exit=4mm
29947
29304
30003
29833
30117
30325
30917
31752
33281
32852
32229
28656
27312
26436
26291
26245
25858
25657
