Fe on Ga203
  1123.99988  1113.99988    -0.50000     1.00000     2.00000    21    50.0
LO MagPE 50.000KE/1  Ex=1486.599eV WF=4.000eV Ck=XL Det=MCD Ent=6x12mm Exit=4mm
33056
33147
33946
33700
34075
36299
40258
46983
59053
72611
82359
77104
64590
52999
47153
42443
38055
35615
32732
31799
31561
   711.49994   702.99994    -0.50000     1.00000     2.00000    18    50.0
LO MagPE 50.000KE/1  Ex=1486.599eV WF=4.000eV Ck=XL Det=MCD Ent=6x12mm Exit=4mm
29700
29351
30299
31051
32461
33214
35367
34387
35744
35816
32943
29617
27337
27119
27461
26973
27036
27518
