Fe on Ga203
  1123.99988  1113.99988    -0.50000     1.00000     2.00000    21    50.0
LO MagPE 50.000KE/1  Ex=1486.599eV WF=4.000eV Ck=XL Det=MCD Ent=6x12mm Exit=4mm
85704
86403
87705
89646
91913
96084
103069
113682
136422
163262
188302
190394
164187
136413
119437
107401
99371
93558
89126
87027
85362
   711.49994   702.99994    -0.50000     1.00000     2.00000    18    50.0
LO MagPE 50.000KE/1  Ex=1486.599eV WF=4.000eV Ck=XL Det=MCD Ent=6x12mm Exit=4mm
82245
83224
82695
82777
85539
86308
87219
93389
97052
94148
86720
79018
75832
73359
68521
68417
69932
70676
