Fe on Ga203
  1123.99988  1113.99988    -0.50000     1.00000     2.00000    21    50.0
LO MagPE 50.000KE/1  Ex=1486.599eV WF=4.000eV Ck=XL Det=MCD Ent=6x12mm Exit=4mm
71725
72103
73333
73314
74804
76883
79899
85625
95148
107612
117459
118022
108181
95364
86900
81793
78602
74245
71390
70623
69975
   711.49994   702.99994    -0.50000     1.00000     2.00000    18    50.0
LO MagPE 50.000KE/1  Ex=1486.599eV WF=4.000eV Ck=XL Det=MCD Ent=6x12mm Exit=4mm
59437
61037
60400
62699
62767
63778
66571
70656
71561
71724
66749
59846
55174
53281
53459
52999
52104
51922
