Fe on Ga203
  1123.99988  1113.99988    -0.50000     1.00000     2.00000    21    50.0
LO MagPE 50.000KE/1  Ex=1486.599eV WF=4.000eV Ck=XL Det=MCD Ent=6x12mm Exit=4mm
57343
57371
57570
57772
59149
59582
61875
64938
70745
77764
84388
85472
78716
71992
66847
63551
60167
57815
56278
55391
54843
   711.49994   702.99994    -0.50000     1.00000     2.00000    18    50.0
LO MagPE 50.000KE/1  Ex=1486.599eV WF=4.000eV Ck=XL Det=MCD Ent=6x12mm Exit=4mm
44587
45336
45784
45789
46983
47314
48590
50531
52072
52487
49639
44359
41777
40293
39350
40182
39819
39411
