Fe on Ga203
  1123.99988  1113.99988    -0.50000     1.00000     2.00000    21    50.0
LO MagPE 50.000KE/1  Ex=1486.599eV WF=4.000eV Ck=XL Det=MCD Ent=6x12mm Exit=4mm
55147
55045
55964
56287
57400
58729
60065
64689
70189
80076
87584
88599
80899
72913
68042
63496
59514
56448
55755
53919
53186
   711.49994   702.99994    -0.50000     1.00000     2.00000    18    50.0
LO MagPE 50.000KE/1  Ex=1486.599eV WF=4.000eV Ck=XL Det=MCD Ent=6x12mm Exit=4mm
43498
43745
44314
44112
44220
45319
45890
47972
48460
48526
48021
44007
41223
40769
39963
39720
39965
40002
