Fe on Ga203
  1123.99988  1113.99988    -0.50000     1.00000     2.00000    21    50.0
LO MagPE 50.000KE/1  Ex=1486.599eV WF=4.000eV Ck=XL Det=MCD Ent=6x12mm Exit=4mm
70874
70762
71002
71881
71534
72729
74423
76538
80805
86940
92475
91967
88930
83771
79974
78015
74621
71139
69573
68675
67993
   711.49994   702.99994    -0.50000     1.00000     2.00000    18    50.0
LO MagPE 50.000KE/1  Ex=1486.599eV WF=4.000eV Ck=XL Det=MCD Ent=6x12mm Exit=4mm
54874
55475
55012
54831
56387
56091
56783
57940
58709
58637
57708
56059
53907
52953
53277
52544
52689
52986
