Fe on Ga203
  1123.99988  1113.99988    -0.50000     1.00000     2.00000    21    50.0
LO MagPE 50.000KE/1  Ex=1486.599eV WF=4.000eV Ck=XL Det=MCD Ent=6x12mm Exit=4mm
31365
32439
31644
33106
34663
36433
41479
48443
59545
72342
82893
79387
66960
54751
46064
40685
36445
33379
33254
31173
30897
   711.49994   702.99994    -0.50000     1.00000     2.00000    18    50.0
LO MagPE 50.000KE/1  Ex=1486.599eV WF=4.000eV Ck=XL Det=MCD Ent=6x12mm Exit=4mm
30296
31764
31725
33045
32489
33183
34906
35533
37874
36285
33809
30739
29236
27843
27131
27706
27363
27292
