Fe on Ga203
  1123.99988  1113.99988    -0.50000     1.00000     2.00000    21    50.0
LO MagPE 50.000KE/1  Ex=1486.599eV WF=4.000eV Ck=XL Det=MCD Ent=6x12mm Exit=4mm
99306
100230
103750
104666
109972
106470
111110
124819
142499
162771
180965
176102
159536
137869
123177
112173
106072
99657
99555
97889
96019
   711.49994   702.99994    -0.50000     1.00000     2.00000    18    50.0
LO MagPE 50.000KE/1  Ex=1486.599eV WF=4.000eV Ck=XL Det=MCD Ent=6x12mm Exit=4mm
85591
87365
89267
90337
89103
93548
97479
102321
106079
102225
93574
84795
76826
73622
72478
73316
73422
72368
