Fe on Ga203
  1123.99988  1113.99988    -0.50000     1.00000     2.00000    21    50.0
LO MagPE 50.000KE/1  Ex=1486.599eV WF=4.000eV Ck=XL Det=MCD Ent=6x12mm Exit=4mm
39782
39630
40154
40502
40156
41053
41763
43057
45681
48649
51567
51860
50176
48032
47074
46082
42962
40732
39410
38643
38083
   711.49994   702.99994    -0.50000     1.00000     2.00000    18    50.0
LO MagPE 50.000KE/1  Ex=1486.599eV WF=4.000eV Ck=XL Det=MCD Ent=6x12mm Exit=4mm
28254
29097
29445
29482
29594
30118
30700
31340
32376
32616
30904
28892
27549
26982
26727
26599
27095
26474
