Fe on Ga203
  1123.99988  1113.99988    -0.50000     1.00000     2.00000    21    50.0
LO MagPE 50.000KE/1  Ex=1486.599eV WF=4.000eV Ck=XL Det=MCD Ent=6x12mm Exit=4mm
83212
84393
83923
85341
85752
87426
90422
96306
106044
117308
126630
127204
116277
105859
97970
91977
89265
84662
83452
82753
81382
   711.49994   702.99994    -0.50000     1.00000     2.00000    18    50.0
LO MagPE 50.000KE/1  Ex=1486.599eV WF=4.000eV Ck=XL Det=MCD Ent=6x12mm Exit=4mm
68167
69501
70427
70812
71769
73352
76775
80106
82578
80851
74674
66950
61652
60152
58617
58091
57768
57411
