Fe on Ga203
  1123.99988  1113.99988    -0.50000     1.00000     2.00000    21    50.0
LO MagPE 50.000KE/1  Ex=1486.599eV WF=4.000eV Ck=XL Det=MCD Ent=6x12mm Exit=4mm
31380
30480
31063
32155
33637
35282
37049
42235
49458
58207
65525
65952
57332
48848
41686
37296
33759
32474
31850
30940
30471
   711.49994   702.99994    -0.50000     1.00000     2.00000    18    50.0
LO MagPE 50.000KE/1  Ex=1486.599eV WF=4.000eV Ck=XL Det=MCD Ent=6x12mm Exit=4mm
27504
28162
28906
28279
28233
29495
31907
33881
34328
33064
29189
25420
22885
21431
21267
21651
21203
22262
