Fe on Ga203
  1123.99988  1113.99988    -0.50000     1.00000     2.00000    21    50.0
LO MagPE 50.000KE/1  Ex=1486.599eV WF=4.000eV Ck=XL Det=MCD Ent=6x12mm Exit=4mm
36487
37174
37185
37046
37717
38680
39580
41453
45608
50324
53559
54732
50651
47292
44345
42550
39885
37792
36175
36023
35602
   711.49994   702.99994    -0.50000     1.00000     2.00000    18    50.0
LO MagPE 50.000KE/1  Ex=1486.599eV WF=4.000eV Ck=XL Det=MCD Ent=6x12mm Exit=4mm
26418
26482
26917
26888
27229
27740
28077
29203
29906
29813
29022
27122
24690
24218
23835
23803
23796
23831
