Fe on Ga203
  1123.99988  1113.99988    -0.50000     1.00000     2.00000    21    50.0
LO MagPE 50.000KE/1  Ex=1486.599eV WF=4.000eV Ck=XL Det=MCD Ent=6x12mm Exit=4mm
28166
28361
28872
29937
30774
32511
36268
42100
51564
63513
71426
71084
60158
48277
40745
35293
32439
29572
28340
27425
26984
   711.49994   702.99994    -0.50000     1.00000     2.00000    18    50.0
LO MagPE 50.000KE/1  Ex=1486.599eV WF=4.000eV Ck=XL Det=MCD Ent=6x12mm Exit=4mm
26566
26893
26779
27454
27651
28286
29748
30796
32655
31609
29847
25141
23666
22534
22438
21799
22086
21656
