Fe on Ga203
  1123.99988  1113.99988    -0.50000     1.00000     2.00000    21    50.0
LO MagPE 50.000KE/1  Ex=1486.599eV WF=4.000eV Ck=XL Det=MCD Ent=6x12mm Exit=4mm
33583
34187
33446
34157
34659
35194
36544
38751
42054
45994
50143
50031
47703
43771
41732
39689
37413
34819
33645
32325
32005
   711.49994   702.99994    -0.50000     1.00000     2.00000    18    50.0
LO MagPE 50.000KE/1  Ex=1486.599eV WF=4.000eV Ck=XL Det=MCD Ent=6x12mm Exit=4mm
24213
23451
23747
24234
24282
24676
25398
25776
26432
26743
25530
23769
22408
21659
21635
21509
21562
21399
