Fe on Ga203
  1123.99988  1113.99988    -0.50000     1.00000     2.00000    21    50.0
LO MagPE 50.000KE/1  Ex=1486.599eV WF=4.000eV Ck=XL Det=MCD Ent=6x12mm Exit=4mm
88191
88689
89312
90110
91485
93160
97709
106009
117929
135302
148202
149146
135592
117493
106594
101293
94872
90214
87187
86042
85458
   711.49994   702.99994    -0.50000     1.00000     2.00000    18    50.0
LO MagPE 50.000KE/1  Ex=1486.599eV WF=4.000eV Ck=XL Det=MCD Ent=6x12mm Exit=4mm
68742
68324
70338
69089
70258
70802
72090
74042
75663
75291
72514
69131
65885
64123
63717
63104
64223
63270
