Fe on Ga203
  1123.99988  1113.99988    -0.50000     1.00000     2.00000    21    50.0
LO MagPE 50.000KE/1  Ex=1486.599eV WF=4.000eV Ck=XL Det=MCD Ent=6x12mm Exit=4mm
36082
36627
36471
37821
39551
41489
47346
55557
69734
89285
102112
98293
82763
64252
53280
47002
41230
37933
36316
34975
34169
   711.49994   702.99994    -0.50000     1.00000     2.00000    18    50.0
LO MagPE 50.000KE/1  Ex=1486.599eV WF=4.000eV Ck=XL Det=MCD Ent=6x12mm Exit=4mm
34412
33930
35044
35765
34984
36378
36808
39026
40649
39890
37900
33952
30907
30793
30547
29385
29734
29198
