Fe on Ga203
  1123.99988  1113.99988    -0.50000     1.00000     2.00000    21    50.0
LO MagPE 50.000KE/1  Ex=1486.599eV WF=4.000eV Ck=XL Det=MCD Ent=6x12mm Exit=4mm
28520
28782
29182
29981
30751
32886
35954
42260
51764
64072
73264
70604
60446
48663
40455
36356
32190
30413
28689
27372
26815
   711.49994   702.99994    -0.50000     1.00000     2.00000    18    50.0
LO MagPE 50.000KE/1  Ex=1486.599eV WF=4.000eV Ck=XL Det=MCD Ent=6x12mm Exit=4mm
26982
28725
27401
28315
28458
29326
29878
31203
32815
33180
30618
26642
24270
23053
22888
23224
24611
22185
