Fe on Ga203
  1123.99988  1113.99988    -0.50000     1.00000     2.00000    21    50.0
LO MagPE 50.000KE/1  Ex=1486.599eV WF=4.000eV Ck=XL Det=MCD Ent=6x12mm Exit=4mm
34274
34997
36072
36607
38738
41482
45958
54697
70124
89316
99237
96736
78707
62320
50228
44762
39875
35877
34507
33500
33888
   711.49994   702.99994    -0.50000     1.00000     2.00000    18    50.0
LO MagPE 50.000KE/1  Ex=1486.599eV WF=4.000eV Ck=XL Det=MCD Ent=6x12mm Exit=4mm
33916
34256
33559
34683
34924
34486
36209
38163
39461
39738
36135
32743
30654
30212
28952
28053
28156
27918
