Fe on Ga203
  1123.99988  1113.99988    -0.50000     1.00000     2.00000    21    50.0
LO MagPE 50.000KE/1  Ex=1486.599eV WF=4.000eV Ck=XL Det=MCD Ent=6x12mm Exit=4mm
42924
43526
43365
44030
44460
45737
46988
48215
52962
58717
63423
64649
60779
55387
52749
49637
46577
42997
41115
40193
40016
   711.49994   702.99994    -0.50000     1.00000     2.00000    18    50.0
LO MagPE 50.000KE/1  Ex=1486.599eV WF=4.000eV Ck=XL Det=MCD Ent=6x12mm Exit=4mm
33515
33854
33814
34472
34988
35186
35735
37005
38462
38041
36621
33810
31671
30625
30940
30901
30379
29941
