Fe on Ga203
  1123.99988  1113.99988    -0.50000     1.00000     2.00000    21    50.0
LO MagPE 50.000KE/1  Ex=1486.599eV WF=4.000eV Ck=XL Det=MCD Ent=6x12mm Exit=4mm
30631
30940
31867
32545
33797
35476
39148
45386
55840
70380
80036
78239
66564
52573
43730
38713
34856
32327
30770
30311
31120
   711.49994   702.99994    -0.50000     1.00000     2.00000    18    50.0
LO MagPE 50.000KE/1  Ex=1486.599eV WF=4.000eV Ck=XL Det=MCD Ent=6x12mm Exit=4mm
32941
31279
32455
32757
33487
34833
36178
38317
39187
38780
35526
31100
28465
28014
27587
26597
26478
26560
