Fe on Ga203
  1123.99988  1113.99988    -0.50000     1.00000     2.00000    21    50.0
LO MagPE 50.000KE/1  Ex=1486.599eV WF=4.000eV Ck=XL Det=MCD Ent=6x12mm Exit=4mm
56098
56299
56738
56891
57920
59795
62308
66859
74397
84384
93253
93251
85855
74809
68518
64367
60320
57335
55444
54611
53574
   711.49994   702.99994    -0.50000     1.00000     2.00000    18    50.0
LO MagPE 50.000KE/1  Ex=1486.599eV WF=4.000eV Ck=XL Det=MCD Ent=6x12mm Exit=4mm
44956
46214
46420
46414
46971
47846
48928
50424
52006
52458
49902
45670
42379
41307
40936
40453
39950
40750
