Fe on Ga203
  1123.99988  1113.99988    -0.50000     1.00000     2.00000    21    50.0
LO MagPE 50.000KE/1  Ex=1486.599eV WF=4.000eV Ck=XL Det=MCD Ent=6x12mm Exit=4mm
32389
32490
32374
33668
35294
38190
42480
51478
63837
81405
89773
88304
71079
56304
45853
40300
36260
32918
31263
30388
29332
   711.49994   702.99994    -0.50000     1.00000     2.00000    18    50.0
LO MagPE 50.000KE/1  Ex=1486.599eV WF=4.000eV Ck=XL Det=MCD Ent=6x12mm Exit=4mm
31096
31411
31650
32894
33068
34148
35535
37738
37567
37709
34850
30708
29008
28447
27096
27922
27342
26679
