Fe on Ga203
  1123.99988  1113.99988    -0.50000     1.00000     2.00000    21    50.0
LO MagPE 50.000KE/1  Ex=1486.599eV WF=4.000eV Ck=XL Det=MCD Ent=6x12mm Exit=4mm
31680
32898
32672
34137
35456
38608
43482
51962
66798
84806
96472
93074
75809
59858
47902
42826
36692
33771
31523
31157
30869
   711.49994   702.99994    -0.50000     1.00000     2.00000    18    50.0
LO MagPE 50.000KE/1  Ex=1486.599eV WF=4.000eV Ck=XL Det=MCD Ent=6x12mm Exit=4mm
31058
30345
31580
31749
31372
31915
32746
34598
35674
35512
33014
30525
28581
27569
26390
27802
27944
27225
