Fe on Ga203
  1123.99988  1113.99988    -0.50000     1.00000     2.00000    21    50.0
LO MagPE 50.000KE/1  Ex=1486.599eV WF=4.000eV Ck=XL Det=MCD Ent=6x12mm Exit=4mm
32279
32495
32608
34096
35628
37852
42740
50632
62082
76734
86934
84349
71053
56696
47395
41886
36382
34067
32150
32107
31142
   711.49994   702.99994    -0.50000     1.00000     2.00000    18    50.0
LO MagPE 50.000KE/1  Ex=1486.599eV WF=4.000eV Ck=XL Det=MCD Ent=6x12mm Exit=4mm
30806
30753
31806
32283
32751
33084
34258
35122
36336
35870
33178
30501
27812
28012
26940
27507
26936
27119
