Fe on Ga203
  1123.99988  1113.99988    -0.50000     1.00000     2.00000    21    50.0
LO MagPE 50.000KE/1  Ex=1486.599eV WF=4.000eV Ck=XL Det=MCD Ent=6x12mm Exit=4mm
34091
34134
34287
34099
34983
35427
36300
38143
41025
45594
49345
50073
47588
43831
42211
40857
37564
34966
33159
32721
31792
   711.49994   702.99994    -0.50000     1.00000     2.00000    18    50.0
LO MagPE 50.000KE/1  Ex=1486.599eV WF=4.000eV Ck=XL Det=MCD Ent=6x12mm Exit=4mm
24111
23672
24451
23979
24743
24764
25462
26411
27144
27334
26416
23882
22661
21752
21298
20979
21162
21401
