Fe on Ga203
  1123.99988  1113.99988    -0.50000     1.00000     2.00000    21    50.0
LO MagPE 50.000KE/1  Ex=1486.599eV WF=4.000eV Ck=XL Det=MCD Ent=6x12mm Exit=4mm
56195
56928
57474
57625
58921
60201
62136
67318
76135
87421
95809
96508
88010
76447
70359
65648
60798
56960
55550
54239
53757
   711.49994   702.99994    -0.50000     1.00000     2.00000    18    50.0
LO MagPE 50.000KE/1  Ex=1486.599eV WF=4.000eV Ck=XL Det=MCD Ent=6x12mm Exit=4mm
45307
45956
46429
46323
46970
47826
48860
50278
52568
52447
50396
45672
42165
41423
39781
40477
40131
39949
