Fe on Ga203
  1123.99988  1113.99988    -0.50000     1.00000     2.00000    21    50.0
LO MagPE 50.000KE/1  Ex=1486.599eV WF=4.000eV Ck=XL Det=MCD Ent=6x12mm Exit=4mm
27839
27883
28713
29116
29943
31729
34622
39949
49867
60024
68919
68938
59009
47110
39714
34497
31758
28831
27688
27226
26826
   711.49994   702.99994    -0.50000     1.00000     2.00000    18    50.0
LO MagPE 50.000KE/1  Ex=1486.599eV WF=4.000eV Ck=XL Det=MCD Ent=6x12mm Exit=4mm
24214
24537
25236
25322
26086
26967
27812
29407
30297
29907
26979
22939
21596
20971
19968
20759
19730
19956
