Fe on Ga203
  1123.99988  1113.99988    -0.50000     1.00000     2.00000    21    50.0
LO MagPE 50.000KE/1  Ex=1486.599eV WF=4.000eV Ck=XL Det=MCD Ent=6x12mm Exit=4mm
83944
82378
84383
84329
85133
86568
89431
93475
101915
110538
118516
119102
110329
100655
94753
90399
86981
83975
82536
81343
80336
   711.49994   702.99994    -0.50000     1.00000     2.00000    18    50.0
LO MagPE 50.000KE/1  Ex=1486.599eV WF=4.000eV Ck=XL Det=MCD Ent=6x12mm Exit=4mm
67813
67912
69222
69428
69821
72002
74930
78510
79997
79136
73210
64915
61320
59346
57995
58476
58285
58576
