Fe on Ga203
  1123.99988  1113.99988    -0.50000     1.00000     2.00000    21    50.0
LO MagPE 50.000KE/1  Ex=1486.599eV WF=4.000eV Ck=XL Det=MCD Ent=6x12mm Exit=4mm
47122
49146
47444
47859
47674
48469
50254
52245
55425
60097
64258
64445
60716
57863
54171
52071
50765
47558
46497
45526
45330
   711.49994   702.99994    -0.50000     1.00000     2.00000    18    50.0
LO MagPE 50.000KE/1  Ex=1486.599eV WF=4.000eV Ck=XL Det=MCD Ent=6x12mm Exit=4mm
36468
36949
37251
37563
37180
37983
39360
40534
42108
42290
40227
36469
34786
33206
32956
32754
32542
33017
