Fe on Ga203
  1123.99988  1113.99988    -0.50000     1.00000     2.00000    21    50.0
LO MagPE 50.000KE/1  Ex=1486.599eV WF=4.000eV Ck=XL Det=MCD Ent=6x12mm Exit=4mm
84489
85273
84960
85935
86792
89683
93662
101568
112029
127697
140020
138934
125438
111216
102407
95976
91372
86632
83197
82787
82573
   711.49994   702.99994    -0.50000     1.00000     2.00000    18    50.0
LO MagPE 50.000KE/1  Ex=1486.599eV WF=4.000eV Ck=XL Det=MCD Ent=6x12mm Exit=4mm
72295
73826
72727
74754
76532
77869
80646
86002
88778
87587
79087
70556
64076
61656
61168
61151
61697
59218
