Fe on Ga203
  1123.99988  1113.99988    -0.50000     1.00000     2.00000    21    50.0
LO MagPE 50.000KE/1  Ex=1486.599eV WF=4.000eV Ck=XL Det=MCD Ent=6x12mm Exit=4mm
56689
56554
56298
57678
57755
59111
62907
66517
75361
85078
93991
94526
87535
77862
71532
66240
62483
58189
55948
54701
54403
   711.49994   702.99994    -0.50000     1.00000     2.00000    18    50.0
LO MagPE 50.000KE/1  Ex=1486.599eV WF=4.000eV Ck=XL Det=MCD Ent=6x12mm Exit=4mm
46439
46829
47965
47990
49464
49778
51340
52785
55044
54858
51829
47015
44399
42423
41420
41431
41597
40570
