Fe on Ga203
  1123.99988  1113.99988    -0.50000     1.00000     2.00000    21    50.0
LO MagPE 50.000KE/1  Ex=1486.599eV WF=4.000eV Ck=XL Det=MCD Ent=6x12mm Exit=4mm
69343
70173
70037
71140
73275
75373
80291
89475
104081
122392
138485
135966
120691
101723
90700
82544
75487
71650
68981
67450
66460
   711.49994   702.99994    -0.50000     1.00000     2.00000    18    50.0
LO MagPE 50.000KE/1  Ex=1486.599eV WF=4.000eV Ck=XL Det=MCD Ent=6x12mm Exit=4mm
59283
59602
60500
61461
62356
62077
64325
67857
70425
70234
66187
58300
55336
53192
53136
52303
51833
52698
