Fe on Ga203
  1123.99988  1113.99988    -0.50000     1.00000     2.00000    21    50.0
LO MagPE 50.000KE/1  Ex=1486.599eV WF=4.000eV Ck=XL Det=MCD Ent=6x12mm Exit=4mm
70034
70771
70907
72706
74016
76213
81512
88636
100831
117002
131431
130912
117809
101475
90605
84264
76761
73265
70793
68624
67284
   711.49994   702.99994    -0.50000     1.00000     2.00000    18    50.0
LO MagPE 50.000KE/1  Ex=1486.599eV WF=4.000eV Ck=XL Det=MCD Ent=6x12mm Exit=4mm
60185
61399
61123
62609
62624
65103
66929
69138
71883
71414
67635
60734
56822
55675
54108
54165
54310
53608
