Fe on Ga203
  1123.99988  1113.99988    -0.50000     1.00000     2.00000    21    50.0
LO MagPE 50.000KE/1  Ex=1486.599eV WF=4.000eV Ck=XL Det=MCD Ent=6x12mm Exit=4mm
32582
33500
34559
35433
36888
40013
43482
50322
64296
80022
90402
88062
73537
59142
49244
43522
38918
35599
34423
32775
32162
   711.49994   702.99994    -0.50000     1.00000     2.00000    18    50.0
LO MagPE 50.000KE/1  Ex=1486.599eV WF=4.000eV Ck=XL Det=MCD Ent=6x12mm Exit=4mm
31573
31655
30896
31305
31397
32574
33669
35543
35541
36232
33673
30196
28678
27414
28026
28418
27903
27189
