Fe on Ga203
  1123.99988  1113.99988    -0.50000     1.00000     2.00000    21    50.0
LO MagPE 50.000KE/1  Ex=1486.599eV WF=4.000eV Ck=XL Det=MCD Ent=6x12mm Exit=4mm
33620
34271
34343
35827
37764
41627
46496
55765
72746
93470
109930
105742
84903
64057
52106
44823
39899
36379
33614
32530
31852
   711.49994   702.99994    -0.50000     1.00000     2.00000    18    50.0
LO MagPE 50.000KE/1  Ex=1486.599eV WF=4.000eV Ck=XL Det=MCD Ent=6x12mm Exit=4mm
31689
32171
33187
32275
34027
34116
35149
36237
37421
37144
34534
31480
29316
28916
28594
28172
28451
27659
