Fe on Ga203
  1123.99988  1113.99988    -0.50000     1.00000     2.00000    21    50.0
LO MagPE 50.000KE/1  Ex=1486.599eV WF=4.000eV Ck=XL Det=MCD Ent=6x12mm Exit=4mm
33552
34606
35222
36788
37076
39250
41685
48989
58523
70920
81422
79161
66374
54041
45424
40551
36677
33948
32511
31860
30421
   711.49994   702.99994    -0.50000     1.00000     2.00000    18    50.0
LO MagPE 50.000KE/1  Ex=1486.599eV WF=4.000eV Ck=XL Det=MCD Ent=6x12mm Exit=4mm
30526
31174
31371
32405
32245
32212
34818
36473
38108
37501
32707
29806
25963
25227
24905
25982
25679
25135
