Fe on Ga203
  1123.99988  1113.99988    -0.50000     1.00000     2.00000    21    50.0
LO MagPE 50.000KE/1  Ex=1486.599eV WF=4.000eV Ck=XL Det=MCD Ent=6x12mm Exit=4mm
87920
88634
88009
89098
91576
93368
97818
105667
116872
132870
145336
147606
133813
118263
108307
101756
95674
91051
89824
87258
86086
   711.49994   702.99994    -0.50000     1.00000     2.00000    18    50.0
LO MagPE 50.000KE/1  Ex=1486.599eV WF=4.000eV Ck=XL Det=MCD Ent=6x12mm Exit=4mm
69256
69835
70274
69040
70513
71113
72441
74090
74736
75204
72866
68810
66431
66376
64174
64019
65238
65618
