Fe on Ga203
  1123.99988  1113.99988    -0.50000     1.00000     2.00000    21    50.0
LO MagPE 50.000KE/1  Ex=1486.599eV WF=4.000eV Ck=XL Det=MCD Ent=6x12mm Exit=4mm
54446
54397
54836
55275
55812
56921
58408
62582
67931
75401
81555
81448
76020
69712
64381
61304
58248
55663
53581
52746
52800
   711.49994   702.99994    -0.50000     1.00000     2.00000    18    50.0
LO MagPE 50.000KE/1  Ex=1486.599eV WF=4.000eV Ck=XL Det=MCD Ent=6x12mm Exit=4mm
42235
42975
43119
43769
44123
44626
46053
47811
49617
49597
46981
43317
39863
38965
38550
38121
38123
38418
