Fe on Ga203
  1123.99988  1113.99988    -0.50000     1.00000     2.00000    21    50.0
LO MagPE 50.000KE/1  Ex=1486.599eV WF=4.000eV Ck=XL Det=MCD Ent=6x12mm Exit=4mm
86561
87389
89619
89609
92120
95064
103457
114731
136204
161535
180207
177883
154380
129982
113788
104941
95807
89919
87141
85071
84601
   711.49994   702.99994    -0.50000     1.00000     2.00000    18    50.0
LO MagPE 50.000KE/1  Ex=1486.599eV WF=4.000eV Ck=XL Det=MCD Ent=6x12mm Exit=4mm
78650
79164
80671
82183
81983
83912
88233
90816
94846
93100
86318
78122
73796
71285
69670
68442
69730
69576
