Fe on Ga203
  1123.99988  1113.99988    -0.50000     1.00000     2.00000    21    50.0
LO MagPE 50.000KE/1  Ex=1486.599eV WF=4.000eV Ck=XL Det=MCD Ent=6x12mm Exit=4mm
56899
56854
57411
58935
59008
61491
64380
70274
79562
92500
103594
103224
93249
81263
72127
67193
63187
58331
56180
54445
54343
   711.49994   702.99994    -0.50000     1.00000     2.00000    18    50.0
LO MagPE 50.000KE/1  Ex=1486.599eV WF=4.000eV Ck=XL Det=MCD Ent=6x12mm Exit=4mm
47280
46761
47390
47568
48687
48567
48676
50355
52881
53045
50027
46539
43465
42908
41850
42020
41790
41275
