Fe on Ga203
  1123.99988  1113.99988    -0.50000     1.00000     2.00000    21    50.0
LO MagPE 50.000KE/1  Ex=1486.599eV WF=4.000eV Ck=XL Det=MCD Ent=6x12mm Exit=4mm
64275
64364
64967
64348
65421
66349
67302
69991
74869
80746
85403
86472
82373
76862
74163
71286
67985
65809
63445
62499
61816
   711.49994   702.99994    -0.50000     1.00000     2.00000    18    50.0
LO MagPE 50.000KE/1  Ex=1486.599eV WF=4.000eV Ck=XL Det=MCD Ent=6x12mm Exit=4mm
48528
48690
48451
49344
48895
49753
50243
50796
51439
52028
51233
48255
46734
46586
46632
46456
46132
46031
