Fe on Ga203
  1123.99988  1113.99988    -0.50000     1.00000     2.00000    21    50.0
LO MagPE 50.000KE/1  Ex=1486.599eV WF=4.000eV Ck=XL Det=MCD Ent=6x12mm Exit=4mm
84127
84581
84823
85506
87385
86959
89097
93361
100471
107679
113675
114073
109145
99562
94992
91898
89249
86056
83532
83326
82767
   711.49994   702.99994    -0.50000     1.00000     2.00000    18    50.0
LO MagPE 50.000KE/1  Ex=1486.599eV WF=4.000eV Ck=XL Det=MCD Ent=6x12mm Exit=4mm
67976
69579
70471
70515
71380
73539
75521
77905
81918
80371
74219
67112
63150
61164
60695
60395
60091
60320
