Fe on Ga203
  1123.99988  1113.99988    -0.50000     1.00000     2.00000    21    50.0
LO MagPE 50.000KE/1  Ex=1486.599eV WF=4.000eV Ck=XL Det=MCD Ent=6x12mm Exit=4mm
77273
78182
78839
80174
80941
83549
87300
95268
108820
125371
139663
141054
127232
109592
97891
91183
85181
80361
76176
75807
74448
   711.49994   702.99994    -0.50000     1.00000     2.00000    18    50.0
LO MagPE 50.000KE/1  Ex=1486.599eV WF=4.000eV Ck=XL Det=MCD Ent=6x12mm Exit=4mm
63865
63348
63454
63579
64502
65276
67321
68599
70255
70567
68289
62649
59309
58460
57363
58522
57648
57772
