Fe on Ga203
  1123.99988  1113.99988    -0.50000     1.00000     2.00000    21    50.0
LO MagPE 50.000KE/1  Ex=1486.599eV WF=4.000eV Ck=XL Det=MCD Ent=6x12mm Exit=4mm
84223
84912
84378
84891
86529
88274
91591
95911
104294
116820
124369
126119
118200
106201
99589
95596
89827
85563
83795
82677
81632
   711.49994   702.99994    -0.50000     1.00000     2.00000    18    50.0
LO MagPE 50.000KE/1  Ex=1486.599eV WF=4.000eV Ck=XL Det=MCD Ent=6x12mm Exit=4mm
68398
64783
66571
66402
66385
67393
67354
69907
70522
69427
67270
65409
62873
62171
62087
61665
61775
61534
