Fe on Ga203
  1123.99988  1113.99988    -0.50000     1.00000     2.00000    21    50.0
LO MagPE 50.000KE/1  Ex=1486.599eV WF=4.000eV Ck=XL Det=MCD Ent=6x12mm Exit=4mm
66143
66391
66715
67951
69294
71655
75002
80314
92273
107759
119466
120822
109024
95042
85672
79311
73123
69048
66158
64486
64012
   711.49994   702.99994    -0.50000     1.00000     2.00000    18    50.0
LO MagPE 50.000KE/1  Ex=1486.599eV WF=4.000eV Ck=XL Det=MCD Ent=6x12mm Exit=4mm
56747
57491
57941
58633
58989
60940
61336
65241
67414
67341
63684
58427
52368
51632
51348
50191
50289
50510
