Fe on Ga203
  1123.99988  1113.99988    -0.50000     1.00000     2.00000    21    50.0
LO MagPE 50.000KE/1  Ex=1486.599eV WF=4.000eV Ck=XL Det=MCD Ent=6x12mm Exit=4mm
31261
31963
32394
32347
32584
33767
35966
41921
49323
57957
65651
67724
58692
49158
42155
38401
33619
31421
30971
30620
30665
   711.49994   702.99994    -0.50000     1.00000     2.00000    18    50.0
LO MagPE 50.000KE/1  Ex=1486.599eV WF=4.000eV Ck=XL Det=MCD Ent=6x12mm Exit=4mm
30562
30228
30773
30202
31350
32836
34142
34059
36143
36878
32919
30009
26300
24060
24387
24120
23456
23209
