Fe on Ga203
  1123.99988  1113.99988    -0.50000     1.00000     2.00000    21    50.0
LO MagPE 50.000KE/1  Ex=1486.599eV WF=4.000eV Ck=XL Det=MCD Ent=6x12mm Exit=4mm
84593
85286
85640
86605
87565
89127
91235
98859
106945
119865
130270
130904
122012
107839
101692
96340
91594
87176
85602
83821
83395
   711.49994   702.99994    -0.50000     1.00000     2.00000    18    50.0
LO MagPE 50.000KE/1  Ex=1486.599eV WF=4.000eV Ck=XL Det=MCD Ent=6x12mm Exit=4mm
65961
66000
65706
66120
66725
68764
67694
68918
70389
70566
68548
66327
63055
62206
62482
61781
62603
62790
