Fe on Ga203
  1123.99988  1113.99988    -0.50000     1.00000     2.00000    21    50.0
LO MagPE 50.000KE/1  Ex=1486.599eV WF=4.000eV Ck=XL Det=MCD Ent=6x12mm Exit=4mm
84532
85095
85337
88078
89466
93026
100594
111744
131741
157205
176151
173216
150338
126378
109841
101140
92317
88019
84791
83155
81680
   711.49994   702.99994    -0.50000     1.00000     2.00000    18    50.0
LO MagPE 50.000KE/1  Ex=1486.599eV WF=4.000eV Ck=XL Det=MCD Ent=6x12mm Exit=4mm
75069
76110
76067
77803
79157
80132
82516
85490
88622
88141
82434
75885
70543
67993
68727
67778
67786
67037
