Fe on Ga203
  1123.99988  1113.99988    -0.50000     1.00000     2.00000    21    50.0
LO MagPE 50.000KE/1  Ex=1486.599eV WF=4.000eV Ck=XL Det=MCD Ent=6x12mm Exit=4mm
30072
30958
31857
31486
33788
36961
39930
46937
60260
73694
83855
81754
66732
52639
43525
38909
35018
32016
30877
29974
29285
   711.49994   702.99994    -0.50000     1.00000     2.00000    18    50.0
LO MagPE 50.000KE/1  Ex=1486.599eV WF=4.000eV Ck=XL Det=MCD Ent=6x12mm Exit=4mm
31289
30777
31286
31230
31722
32952
34892
36352
36875
37085
34085
30012
27939
26715
26008
26301
25646
26134
