Fe on Ga203
  1123.99988  1113.99988    -0.50000     1.00000     2.00000    21    50.0
LO MagPE 50.000KE/1  Ex=1486.599eV WF=4.000eV Ck=XL Det=MCD Ent=6x12mm Exit=4mm
25396
24629
25949
26004
27156
28779
31755
36904
45142
55874
64236
63645
54403
43479
36059
32771
29124
26950
26010
24498
24496
   711.49994   702.99994    -0.50000     1.00000     2.00000    18    50.0
LO MagPE 50.000KE/1  Ex=1486.599eV WF=4.000eV Ck=XL Det=MCD Ent=6x12mm Exit=4mm
24006
24156
24417
25026
25156
25773
27196
28171
29684
28979
26179
23052
21194
20554
20114
19427
19627
18966
