Fe on Ga203
  1123.99988  1113.99988    -0.50000     1.00000     2.00000    21    50.0
LO MagPE 50.000KE/1  Ex=1486.599eV WF=4.000eV Ck=XL Det=MCD Ent=6x12mm Exit=4mm
58751
58431
59352
60337
61074
62323
65452
70703
79770
91545
101816
102522
93710
82144
74709
69964
64833
61334
58067
56910
55477
   711.49994   702.99994    -0.50000     1.00000     2.00000    18    50.0
LO MagPE 50.000KE/1  Ex=1486.599eV WF=4.000eV Ck=XL Det=MCD Ent=6x12mm Exit=4mm
46097
46176
46161
46758
46574
47757
48109
50275
51222
51618
49537
46209
43402
43372
41932
41762
42156
40942
