Fe on Ga203
  1123.99988  1113.99988    -0.50000     1.00000     2.00000    21    50.0
LO MagPE 50.000KE/1  Ex=1486.599eV WF=4.000eV Ck=XL Det=MCD Ent=6x12mm Exit=4mm
101719
103014
100695
101361
104241
110815
117549
134432
158932
190162
215252
210262
177537
148875
128880
115495
106861
99224
95182
94135
93029
   711.49994   702.99994    -0.50000     1.00000     2.00000    18    50.0
LO MagPE 50.000KE/1  Ex=1486.599eV WF=4.000eV Ck=XL Det=MCD Ent=6x12mm Exit=4mm
83446
84892
86340
85811
88049
89056
92611
95178
96004
95916
91016
84154
80827
82129
82141
81298
81607
81309
