Fe on Ga203
  1123.99988  1113.99988    -0.50000     1.00000     2.00000    21    50.0
LO MagPE 50.000KE/1  Ex=1486.599eV WF=4.000eV Ck=XL Det=MCD Ent=6x12mm Exit=4mm
81908
82619
83023
84456
85513
87612
91585
99376
111501
126490
139517
139146
124882
112114
100431
94537
89131
85565
82912
82283
82164
   711.49994   702.99994    -0.50000     1.00000     2.00000    18    50.0
LO MagPE 50.000KE/1  Ex=1486.599eV WF=4.000eV Ck=XL Det=MCD Ent=6x12mm Exit=4mm
70880
71594
72568
75121
74003
76699
79808
83505
86190
85850
77987
69168
64761
61836
60288
60511
60574
60708
