Fe on Ga203
  1123.99988  1113.99988    -0.50000     1.00000     2.00000    21    50.0
LO MagPE 50.000KE/1  Ex=1486.599eV WF=4.000eV Ck=XL Det=MCD Ent=6x12mm Exit=4mm
32528
33375
33809
35375
36381
38531
43887
52118
65814
82153
93125
89190
73721
58555
48485
42551
38286
34637
33533
32105
32060
   711.49994   702.99994    -0.50000     1.00000     2.00000    18    50.0
LO MagPE 50.000KE/1  Ex=1486.599eV WF=4.000eV Ck=XL Det=MCD Ent=6x12mm Exit=4mm
32320
32819
32641
33566
33418
33439
34674
36470
36949
36520
34450
31467
30404
28759
28955
28996
28796
28436
