Fe on Ga203
  1123.99988  1113.99988    -0.50000     1.00000     2.00000    21    50.0
LO MagPE 50.000KE/1  Ex=1486.599eV WF=4.000eV Ck=XL Det=MCD Ent=6x12mm Exit=4mm
68591
69570
70009
69476
71828
73600
76407
82703
92270
104430
116167
117805
106765
93147
91513
95123
74720
75268
77452
67423
66595
   711.49994   702.99994    -0.50000     1.00000     2.00000    18    50.0
LO MagPE 50.000KE/1  Ex=1486.599eV WF=4.000eV Ck=XL Det=MCD Ent=6x12mm Exit=4mm
54644
55459
55487
55613
56781
57554
58634
60760
62599
62604
60710
57117
54262
52601
52103
52452
53026
52212
