Fe on Ga203
  1123.99988  1113.99988    -0.50000     1.00000     2.00000    21    50.0
LO MagPE 50.000KE/1  Ex=1486.599eV WF=4.000eV Ck=XL Det=MCD Ent=6x12mm Exit=4mm
60265
60684
61199
60556
61325
61667
62347
64431
66623
71304
73758
74697
71719
69065
67241
66314
64143
61348
59724
59289
58717
   711.49994   702.99994    -0.50000     1.00000     2.00000    18    50.0
LO MagPE 50.000KE/1  Ex=1486.599eV WF=4.000eV Ck=XL Det=MCD Ent=6x12mm Exit=4mm
45667
45473
45632
45693
45577
46383
46834
47021
48039
48046
46588
45550
44262
42999
43510
44063
43027
43070
