Fe on Ga203
  1123.99988  1113.99988    -0.50000     1.00000     2.00000    21    50.0
LO MagPE 50.000KE/1  Ex=1486.599eV WF=4.000eV Ck=XL Det=MCD Ent=6x12mm Exit=4mm
66485
65352
66474
66447
67181
68580
70602
73333
80255
87853
94947
94824
88250
80652
75369
72011
68290
66043
64927
63987
63902
   711.49994   702.99994    -0.50000     1.00000     2.00000    18    50.0
LO MagPE 50.000KE/1  Ex=1486.599eV WF=4.000eV Ck=XL Det=MCD Ent=6x12mm Exit=4mm
50286
51008
51298
51718
52776
53527
55114
56669
59605
58534
55475
50764
47234
46382
45348
45278
45081
44587
