Fe on Ga203
  1123.99988  1113.99988    -0.50000     1.00000     2.00000    21    50.0
LO MagPE 50.000KE/1  Ex=1486.599eV WF=4.000eV Ck=XL Det=MCD Ent=6x12mm Exit=4mm
31223
32767
33832
34648
35203
38449
41854
48516
59970
74988
84463
82752
68046
54036
47256
41099
37021
34553
32435
31235
31126
   711.49994   702.99994    -0.50000     1.00000     2.00000    18    50.0
LO MagPE 50.000KE/1  Ex=1486.599eV WF=4.000eV Ck=XL Det=MCD Ent=6x12mm Exit=4mm
30945
31808
32002
33046
33241
33684
34879
37160
39006
38605
34817
31178
28921
26093
26004
25224
25592
25409
