Fe on Ga203
  1123.99988  1113.99988    -0.50000     1.00000     2.00000    21    50.0
LO MagPE 50.000KE/1  Ex=1486.599eV WF=4.000eV Ck=XL Det=MCD Ent=6x12mm Exit=4mm
86676
87351
87699
89030
90024
91934
97197
103399
113703
128924
138881
140434
128086
114032
105029
99761
93618
89114
87897
86106
85556
   711.49994   702.99994    -0.50000     1.00000     2.00000    18    50.0
LO MagPE 50.000KE/1  Ex=1486.599eV WF=4.000eV Ck=XL Det=MCD Ent=6x12mm Exit=4mm
73481
73473
75433
76570
77651
80962
83243
86782
91169
87595
81307
73022
65412
63749
62455
62167
61575
62381
