Fe on Ga203
  1123.99988  1113.99988    -0.50000     1.00000     2.00000    21    50.0
LO MagPE 50.000KE/1  Ex=1486.599eV WF=4.000eV Ck=XL Det=MCD Ent=6x12mm Exit=4mm
100180
98650
99048
100566
104434
107923
112634
123478
141494
162153
177108
176854
158397
137759
122915
114945
108928
104075
99336
96997
92176
   711.49994   702.99994    -0.50000     1.00000     2.00000    18    50.0
LO MagPE 50.000KE/1  Ex=1486.599eV WF=4.000eV Ck=XL Det=MCD Ent=6x12mm Exit=4mm
86599
87839
85954
89074
91510
93927
98953
99447
106851
102316
94780
84145
75367
74945
74776
71608
71168
73176
