Fe on Ga203
  1123.99988  1113.99988    -0.50000     1.00000     2.00000    21    50.0
LO MagPE 50.000KE/1  Ex=1486.599eV WF=4.000eV Ck=XL Det=MCD Ent=6x12mm Exit=4mm
99967
100585
102042
102585
105421
109880
119701
136197
159256
190400
210088
210047
185508
153741
132419
118401
108938
105121
101766
99594
96664
   711.49994   702.99994    -0.50000     1.00000     2.00000    18    50.0
LO MagPE 50.000KE/1  Ex=1486.599eV WF=4.000eV Ck=XL Det=MCD Ent=6x12mm Exit=4mm
84657
84895
85537
87899
88582
89174
90667
91079
92976
94483
89794
84277
78691
79953
77494
77898
77365
77358
