Fe on Ga203
  1123.99988  1113.99988    -0.50000     1.00000     2.00000    21    50.0
LO MagPE 50.000KE/1  Ex=1486.599eV WF=4.000eV Ck=XL Det=MCD Ent=6x12mm Exit=4mm
26945
27081
26631
27718
28856
30309
33344
39202
46984
59150
69234
68034
57814
45713
37491
32527
30349
27897
25967
25798
25782
   711.49994   702.99994    -0.50000     1.00000     2.00000    18    50.0
LO MagPE 50.000KE/1  Ex=1486.599eV WF=4.000eV Ck=XL Det=MCD Ent=6x12mm Exit=4mm
22833
23062
23200
23337
24328
25399
26096
26888
28220
27389
24848
22002
20223
19947
18991
18253
18354
19149
