Fe on Ga203
  1123.99988  1113.99988    -0.50000     1.00000     2.00000    21    50.0
LO MagPE 50.000KE/1  Ex=1486.599eV WF=4.000eV Ck=XL Det=MCD Ent=6x12mm Exit=4mm
32771
33247
33276
33676
35607
38257
41032
46411
56335
68661
78501
76509
66856
54449
46202
43139
38205
34637
33126
32357
32079
   711.49994   702.99994    -0.50000     1.00000     2.00000    18    50.0
LO MagPE 50.000KE/1  Ex=1486.599eV WF=4.000eV Ck=XL Det=MCD Ent=6x12mm Exit=4mm
31562
31657
32360
32987
33270
34192
35275
37570
38867
38714
35262
31602
28628
27739
26395
26640
26107
26567
