Fe on Ga203
  1123.99988  1113.99988    -0.50000     1.00000     2.00000    21    50.0
LO MagPE 50.000KE/1  Ex=1486.599eV WF=4.000eV Ck=XL Det=MCD Ent=6x12mm Exit=4mm
29483
30320
30517
31389
32790
34904
38908
46223
57914
73278
84751
83948
70829
54923
45277
38712
34473
32081
30253
29067
28089
   711.49994   702.99994    -0.50000     1.00000     2.00000    18    50.0
LO MagPE 50.000KE/1  Ex=1486.599eV WF=4.000eV Ck=XL Det=MCD Ent=6x12mm Exit=4mm
26858
26665
26853
27965
28008
28578
29756
31746
31633
31612
29013
25252
23660
23581
22873
22172
22481
22551
