Fe on Ga203
  1123.99988  1113.99988    -0.50000     1.00000     2.00000    21    50.0
LO MagPE 50.000KE/1  Ex=1486.599eV WF=4.000eV Ck=XL Det=MCD Ent=6x12mm Exit=4mm
69305
69227
70099
70624
71799
74413
77615
84340
96056
110255
122737
122885
110832
96068
85437
79959
73875
69818
67231
66324
66980
   711.49994   702.99994    -0.50000     1.00000     2.00000    18    50.0
LO MagPE 50.000KE/1  Ex=1486.599eV WF=4.000eV Ck=XL Det=MCD Ent=6x12mm Exit=4mm
56913
58404
58593
59171
60437
61530
63879
66331
68159
68376
64044
57847
52840
51364
51531
49833
50349
49994
