Fe on Ga203
  1123.99988  1113.99988    -0.50000     1.00000     2.00000    21    50.0
LO MagPE 50.000KE/1  Ex=1486.599eV WF=4.000eV Ck=XL Det=MCD Ent=6x12mm Exit=4mm
30418
30571
31247
31550
32383
33605
35886
40875
47734
56854
64398
63389
56540
46799
40321
36868
33097
31384
30494
29155
29741
   711.49994   702.99994    -0.50000     1.00000     2.00000    18    50.0
LO MagPE 50.000KE/1  Ex=1486.599eV WF=4.000eV Ck=XL Det=MCD Ent=6x12mm Exit=4mm
29118
29485
29995
29397
30915
31938
32764
34958
35302
35637
31971
27215
25133
23877
23075
23531
23265
22967
