Fe on Ga203
  1123.99988  1113.99988    -0.50000     1.00000     2.00000    21    50.0
LO MagPE 50.000KE/1  Ex=1486.599eV WF=4.000eV Ck=XL Det=MCD Ent=6x12mm Exit=4mm
33026
32873
33636
35582
37345
39774
45769
57452
73716
96407
108657
105253
85509
64258
51948
44673
37964
35490
32563
31497
31794
   711.49994   702.99994    -0.50000     1.00000     2.00000    18    50.0
LO MagPE 50.000KE/1  Ex=1486.599eV WF=4.000eV Ck=XL Det=MCD Ent=6x12mm Exit=4mm
31823
33194
32758
34073
34609
34902
36693
37957
39755
38963
35621
32338
29499
28335
27629
27865
28411
27479
