Fe on Ga203
  1123.99988  1113.99988    -0.50000     1.00000     2.00000    21    50.0
LO MagPE 50.000KE/1  Ex=1486.599eV WF=4.000eV Ck=XL Det=MCD Ent=6x12mm Exit=4mm
72712
72424
73228
73797
75041
75071
78073
82628
90024
98938
108068
108035
101003
92446
86815
81774
78072
73780
71161
70780
69826
   711.49994   702.99994    -0.50000     1.00000     2.00000    18    50.0
LO MagPE 50.000KE/1  Ex=1486.599eV WF=4.000eV Ck=XL Det=MCD Ent=6x12mm Exit=4mm
55767
56420
57084
57213
57244
58274
58629
60100
61187
62026
59210
56256
54192
53600
53041
52824
52135
53002
