Fe on Ga203
  1123.99988  1113.99988    -0.50000     1.00000     2.00000    21    50.0
LO MagPE 50.000KE/1  Ex=1486.599eV WF=4.000eV Ck=XL Det=MCD Ent=6x12mm Exit=4mm
51542
52530
52323
52204
53052
52990
54529
56081
58946
63476
67180
67093
63458
59926
57564
55941
53804
51902
51748
50803
50275
   711.49994   702.99994    -0.50000     1.00000     2.00000    18    50.0
LO MagPE 50.000KE/1  Ex=1486.599eV WF=4.000eV Ck=XL Det=MCD Ent=6x12mm Exit=4mm
38349
38404
39257
39241
39148
39657
40358
42116
42659
43168
41442
38765
37110
35902
36003
34941
35602
35333
