Fe on Ga203
  1123.99988  1113.99988    -0.50000     1.00000     2.00000    21    50.0
LO MagPE 50.000KE/1  Ex=1486.599eV WF=4.000eV Ck=XL Det=MCD Ent=6x12mm Exit=4mm
101926
102379
103920
106427
102065
102355
111951
120643
136219
158335
175991
176317
159981
140004
127842
116488
110607
107423
104022
99596
102930
   711.49994   702.99994    -0.50000     1.00000     2.00000    18    50.0
LO MagPE 50.000KE/1  Ex=1486.599eV WF=4.000eV Ck=XL Det=MCD Ent=6x12mm Exit=4mm
85167
88139
87807
89599
91733
91210
95308
98986
102664
104437
93942
83992
78376
77310
74380
73364
72306
72004
