Fe on Ga203
  1123.99988  1113.99988    -0.50000     1.00000     2.00000    21    50.0
LO MagPE 50.000KE/1  Ex=1486.599eV WF=4.000eV Ck=XL Det=MCD Ent=6x12mm Exit=4mm
57247
57090
57455
57520
57438
58548
58790
61443
63446
67327
70350
70402
67481
64400
62826
60716
58995
57006
56225
55600
56375
   711.49994   702.99994    -0.50000     1.00000     2.00000    18    50.0
LO MagPE 50.000KE/1  Ex=1486.599eV WF=4.000eV Ck=XL Det=MCD Ent=6x12mm Exit=4mm
41050
41383
41132
41768
42124
42530
43338
44523
45492
45548
43238
40854
39227
38219
37951
37431
37840
37350
