Fe on Ga203
  1123.99988  1113.99988    -0.50000     1.00000     2.00000    21    50.0
LO MagPE 50.000KE/1  Ex=1486.599eV WF=4.000eV Ck=XL Det=MCD Ent=6x12mm Exit=4mm
52959
53903
54083
54367
54661
56757
60441
64847
72266
82686
91748
91280
83783
74951
68810
64421
59065
55266
53260
51726
51186
   711.49994   702.99994    -0.50000     1.00000     2.00000    18    50.0
LO MagPE 50.000KE/1  Ex=1486.599eV WF=4.000eV Ck=XL Det=MCD Ent=6x12mm Exit=4mm
44543
45166
45645
46037
45917
46301
48224
50001
51788
51279
49201
44657
41555
40786
39864
40348
39582
40086
