Fe on Ga203
  1123.99988  1113.99988    -0.50000     1.00000     2.00000    21    50.0
LO MagPE 50.000KE/1  Ex=1486.599eV WF=4.000eV Ck=XL Det=MCD Ent=6x12mm Exit=4mm
86418
86676
87803
88815
90193
92569
94672
103911
114125
127951
141517
139599
128838
113908
103866
98599
93366
89821
87075
86464
85956
   711.49994   702.99994    -0.50000     1.00000     2.00000    18    50.0
LO MagPE 50.000KE/1  Ex=1486.599eV WF=4.000eV Ck=XL Det=MCD Ent=6x12mm Exit=4mm
73752
73309
75505
75759
77796
80876
83539
87400
89997
88410
79329
71651
66423
63024
62733
63081
61904
61802
