Fe on Ga203
  1123.99988  1113.99988    -0.50000     1.00000     2.00000    21    50.0
LO MagPE 50.000KE/1  Ex=1486.599eV WF=4.000eV Ck=XL Det=MCD Ent=6x12mm Exit=4mm
31948
32865
32647
32343
32790
35134
38639
43754
50452
61277
68885
69230
59862
49032
39886
36753
36801
34096
33395
30528
30305
   711.49994   702.99994    -0.50000     1.00000     2.00000    18    50.0
LO MagPE 50.000KE/1  Ex=1486.599eV WF=4.000eV Ck=XL Det=MCD Ent=6x12mm Exit=4mm
28172
28780
29593
28680
30579
30220
31858
34693
37338
36130
33308
28069
24889
24150
23704
24816
24153
24010
