Fe on Ga203
  1123.99988  1113.99988    -0.50000     1.00000     2.00000    21    50.0
LO MagPE 50.000KE/1  Ex=1486.599eV WF=4.000eV Ck=XL Det=MCD Ent=6x12mm Exit=4mm
80160
81537
82950
83840
86932
89699
96715
108913
127228
153586
171093
168325
147375
124220
108475
99238
90461
83974
81985
80303
78580
   711.49994   702.99994    -0.50000     1.00000     2.00000    18    50.0
LO MagPE 50.000KE/1  Ex=1486.599eV WF=4.000eV Ck=XL Det=MCD Ent=6x12mm Exit=4mm
71547
73012
71988
74314
72937
75005
76662
77958
81473
79851
76913
70956
68230
66105
66063
64733
65084
64951
