Fe on Ga203
  1123.99988  1113.99988    -0.50000     1.00000     2.00000    21    50.0
LO MagPE 50.000KE/1  Ex=1486.599eV WF=4.000eV Ck=XL Det=MCD Ent=6x12mm Exit=4mm
83020
84438
84663
85506
86484
87523
91445
97356
108379
120177
129783
130143
119541
107270
98254
94615
89536
85682
84089
83488
82073
   711.49994   702.99994    -0.50000     1.00000     2.00000    18    50.0
LO MagPE 50.000KE/1  Ex=1486.599eV WF=4.000eV Ck=XL Det=MCD Ent=6x12mm Exit=4mm
69911
70903
71620
73351
73601
77196
79888
83808
86047
84398
76154
67964
63085
60218
60491
60032
59308
58272
