Fe on Ga203
  1123.99988  1113.99988    -0.50000     1.00000     2.00000    21    50.0
LO MagPE 50.000KE/1  Ex=1486.599eV WF=4.000eV Ck=XL Det=MCD Ent=6x12mm Exit=4mm
75319
77081
76784
77587
79193
81206
86636
94182
107828
123707
137365
139452
123600
107004
96905
88994
82180
77541
75001
73153
72708
   711.49994   702.99994    -0.50000     1.00000     2.00000    18    50.0
LO MagPE 50.000KE/1  Ex=1486.599eV WF=4.000eV Ck=XL Det=MCD Ent=6x12mm Exit=4mm
60884
61923
62330
62919
64017
63744
65762
67060
68538
69026
65487
60789
58616
56913
56961
55910
56201
55694
