Fe on Ga203
  1123.99988  1113.99988    -0.50000     1.00000     2.00000    21    50.0
LO MagPE 50.000KE/1  Ex=1486.599eV WF=4.000eV Ck=XL Det=MCD Ent=6x12mm Exit=4mm
60897
60859
61275
62005
64606
65431
69900
76709
88613
104336
115280
115825
103754
89617
80794
73802
68313
63374
60837
58951
57870
   711.49994   702.99994    -0.50000     1.00000     2.00000    18    50.0
LO MagPE 50.000KE/1  Ex=1486.599eV WF=4.000eV Ck=XL Det=MCD Ent=6x12mm Exit=4mm
49645
50387
50902
51398
51518
52516
52481
54476
55822
56041
54131
49200
47017
46418
45956
45291
45177
46127
