Fe on Ga203
  1123.99988  1113.99988    -0.50000     1.00000     2.00000    21    50.0
LO MagPE 50.000KE/1  Ex=1486.599eV WF=4.000eV Ck=XL Det=MCD Ent=6x12mm Exit=4mm
70335
71420
71899
72107
74155
76731
81157
88259
101433
118395
131707
130841
118379
101396
91448
83768
76793
72768
70470
68860
68266
   711.49994   702.99994    -0.50000     1.00000     2.00000    18    50.0
LO MagPE 50.000KE/1  Ex=1486.599eV WF=4.000eV Ck=XL Det=MCD Ent=6x12mm Exit=4mm
60035
59919
61271
61765
62374
63733
65008
67859
70473
71392
66858
61043
57854
55567
54506
54288
54859
54172
