       0      59991.4
       3      45860.8
       6      45860.8
       9      46118.2
      12      47762.5
      15      47515.6
      18      47636.1
      21      47335.4
      24      51378.4
      27      48588.5
      30      46192.2
      33      47164.1
      36      46414.3
      39      45136.2
      42      45878.5
      45      47113.5
      48      46803.5
      51      45870.2
      54      47486.7
      57      42793.4
      60      46322.2
      63      44541.7
      66      41227.0
      69      42524.7
      72      43826.5
      75      44220.7
      78      44466.1
      81      42317.4
      84      41672.2
      87      43294.5
      90      42582.6
      93      41793.1
      96      40365.5
      99      42164.9
     102      40730.5
     105      54719.9
     108      45447.6
     111      43298.3
     114      42756.0
     117      44911.3
     120      45283.4
     123      43060.2
     126      44030.2
     129      42939.9
     132      43345.6
     135      42313.3
     138      45016.4
     141      44045.1
     144      43681.0
     147      43682.7
     150      40885.8
     153      42330.5
     156      40453.6
     159      40453.6
     162      41461.4
     165      40720.1
     168      39405.9
     171      41962.1
     174      40146.0
     177      43236.9
     180      42498.8
     183      40591.6
     186      41123.0
     189      40566.5
     192      41640.9
     195      42115.6
     198      39792.8
     201      40494.1
     204      43586.1
     207      42361.6
     210      42101.8
     213      40379.7
     216      37859.7
     219      36773.3
     222      36482.3
     225      38757.8
     228      35132.7
     231      38531.0
     234      38748.3
     237      38749.9
     240      35555.6
     243      32556.9
     246      36473.5
     249      34087.2
     252      36331.1
     255      38259.0
     258      37420.8
     261      36928.1
     264      34836.1
     267      36924.8
     270      35860.3
     273      35676.6
     276      35345.2
     279      33314.1
     282      35237.9
     285      36890.5
     288      35432.5
     291      38319.6
     294      39139.8
     297      35083.3
     300      38284.9
     303      38006.2
     306      34574.8
     309      34688.3
     312      36831.3
     315      37672.5
     318      40944.7
     321      44630.6
     324      41975.2
     327      42299.8
     330      39658.7
     333      42361.4
     336      42361.4
     339      42277.5
     342      42340.0
     345      43833.2
     348      43246.4
     351      44560.0
     354      42317.3
     357      45865.4
