Fe on Ga203
  1123.99988  1113.99988    -0.50000     1.00000     2.00000    21    50.0
LO MagPE 50.000KE/1  Ex=1486.599eV WF=4.000eV Ck=XL Det=MCD Ent=6x12mm Exit=4mm
32368
33372
33791
35114
34975
37345
40756
47180
58669
72588
82069
80634
68095
54937
46344
41412
36755
35244
32692
33088
31378
   711.49994   702.99994    -0.50000     1.00000     2.00000    18    50.0
LO MagPE 50.000KE/1  Ex=1486.599eV WF=4.000eV Ck=XL Det=MCD Ent=6x12mm Exit=4mm
30839
30959
32208
32379
32188
34412
35756
37666
37900
38631
35166
31091
29476
27773
26666
26870
26012
25943
