Fe on Ga203
  1123.99988  1113.99988    -0.50000     1.00000     2.00000    21    50.0
LO MagPE 50.000KE/1  Ex=1486.599eV WF=4.000eV Ck=XL Det=MCD Ent=6x12mm Exit=4mm
33227
32255
32537
34295
34718
37823
41004
47414
58890
72785
81868
82058
70225
55987
46937
40604
36634
34249
32286
31966
30966
   711.49994   702.99994    -0.50000     1.00000     2.00000    18    50.0
LO MagPE 50.000KE/1  Ex=1486.599eV WF=4.000eV Ck=XL Det=MCD Ent=6x12mm Exit=4mm
28438
29167
29659
30454
31309
31565
33487
35707
35896
34106
32312
28469
25922
24200
25331
24376
24759
24604
