Fe on Ga203
  1123.99988  1113.99988    -0.50000     1.00000     2.00000    21    50.0
LO MagPE 50.000KE/1  Ex=1486.599eV WF=4.000eV Ck=XL Det=MCD Ent=6x12mm Exit=4mm
35719
35986
35444
36224
37641
40615
45422
53666
68470
84120
95386
96306
78929
62775
51537
45434
41354
38365
35386
33300
33877
   711.49994   702.99994    -0.50000     1.00000     2.00000    18    50.0
LO MagPE 50.000KE/1  Ex=1486.599eV WF=4.000eV Ck=XL Det=MCD Ent=6x12mm Exit=4mm
32404
31973
32003
32799
33153
34087
34630
35836
38185
38070
35649
31772
29573
28226
28286
28117
27752
27232
