Fe on Ga203
  1123.99988  1113.99988    -0.50000     1.00000     2.00000    21    50.0
LO MagPE 50.000KE/1  Ex=1486.599eV WF=4.000eV Ck=XL Det=MCD Ent=6x12mm Exit=4mm
34083
34681
35132
36257
37311
40641
43983
52520
66958
83596
95724
93068
77173
61351
50373
44660
40266
38191
36275
35274
34679
   711.49994   702.99994    -0.50000     1.00000     2.00000    18    50.0
LO MagPE 50.000KE/1  Ex=1486.599eV WF=4.000eV Ck=XL Det=MCD Ent=6x12mm Exit=4mm
33677
34210
33956
35068
34602
35265
37088
37930
39056
39463
37860
33861
31872
29825
30283
29620
29345
29624
