Fe on Ga203
  1123.99988  1113.99988    -0.50000     1.00000     2.00000    21    50.0
LO MagPE 50.000KE/1  Ex=1486.599eV WF=4.000eV Ck=XL Det=MCD Ent=6x12mm Exit=4mm
31061
31336
31702
32798
34999
35901
39538
48107
58432
71932
79785
78763
65643
52799
44516
39062
35095
33274
31415
30983
30798
   711.49994   702.99994    -0.50000     1.00000     2.00000    18    50.0
LO MagPE 50.000KE/1  Ex=1486.599eV WF=4.000eV Ck=XL Det=MCD Ent=6x12mm Exit=4mm
29940
30508
31115
31726
31704
33280
34784
35814
36071
36861
33624
29656
28282
26846
27489
26389
26627
25339
