Fe on Ga203
  1123.99988  1113.99988    -0.50000     1.00000     2.00000    21    50.0
LO MagPE 50.000KE/1  Ex=1486.599eV WF=4.000eV Ck=XL Det=MCD Ent=6x12mm Exit=4mm
40805
41537
41088
41197
42255
42681
44646
46371
51252
57405
61418
61886
58080
52862
49985
47401
44682
41973
40520
39776
39272
   711.49994   702.99994    -0.50000     1.00000     2.00000    18    50.0
LO MagPE 50.000KE/1  Ex=1486.599eV WF=4.000eV Ck=XL Det=MCD Ent=6x12mm Exit=4mm
30307
30772
31055
31116
31264
32059
32149
33516
34833
34775
33401
30517
28956
28159
28179
27639
27350
27665
