Fe on Ga203
  1123.99988  1113.99988    -0.50000     1.00000     2.00000    21    50.0
LO MagPE 50.000KE/1  Ex=1486.599eV WF=4.000eV Ck=XL Det=MCD Ent=6x12mm Exit=4mm
28379
29291
29389
30250
30734
34083
38396
45614
54955
69285
78570
77225
64405
49800
43012
38510
33787
30469
29508
28309
28131
   711.49994   702.99994    -0.50000     1.00000     2.00000    18    50.0
LO MagPE 50.000KE/1  Ex=1486.599eV WF=4.000eV Ck=XL Det=MCD Ent=6x12mm Exit=4mm
28107
28526
29095
28475
30327
30263
32135
33399
33691
33870
31182
27751
25497
24050
23802
23475
24420
23695
