Fe on Ga203
  1123.99988  1113.99988    -0.50000     1.00000     2.00000    21    50.0
LO MagPE 50.000KE/1  Ex=1486.599eV WF=4.000eV Ck=XL Det=MCD Ent=6x12mm Exit=4mm
61325
62360
61754
64269
65740
67013
70623
78742
89936
104869
117222
118611
106113
91891
81361
76096
69804
64789
62476
61359
60571
   711.49994   702.99994    -0.50000     1.00000     2.00000    18    50.0
LO MagPE 50.000KE/1  Ex=1486.599eV WF=4.000eV Ck=XL Det=MCD Ent=6x12mm Exit=4mm
53027
54014
54046
54963
55778
56524
57129
59438
60136
60391
58025
53449
49620
48755
47999
48031
47810
47315
