Fe on Ga203
  1123.99988  1113.99988    -0.50000     1.00000     2.00000    21    50.0
LO MagPE 50.000KE/1  Ex=1486.599eV WF=4.000eV Ck=XL Det=MCD Ent=6x12mm Exit=4mm
49152
49166
49042
49843
50688
51145
52834
55229
60673
66697
72123
72660
68804
62800
59927
56170
53195
50332
48258
46798
46545
   711.49994   702.99994    -0.50000     1.00000     2.00000    18    50.0
LO MagPE 50.000KE/1  Ex=1486.599eV WF=4.000eV Ck=XL Det=MCD Ent=6x12mm Exit=4mm
37673
38153
38070
38523
38713
39240
40658
41697
42510
42884
40880
38041
36055
35080
34898
34600
34474
33840
