Fe on Ga203
  1123.99988  1113.99988    -0.50000     1.00000     2.00000    21    50.0
LO MagPE 50.000KE/1  Ex=1486.599eV WF=4.000eV Ck=XL Det=MCD Ent=6x12mm Exit=4mm
62556
62344
63040
64341
65087
68389
72110
79522
92521
108008
121583
120440
109289
91166
81797
74551
69493
63882
62112
60240
60672
   711.49994   702.99994    -0.50000     1.00000     2.00000    18    50.0
LO MagPE 50.000KE/1  Ex=1486.599eV WF=4.000eV Ck=XL Det=MCD Ent=6x12mm Exit=4mm
53036
53668
53752
55177
54822
56021
57048
59490
61690
61342
57480
53673
49695
48547
47932
47754
46833
47444
