Fe on Ga203
  1123.99988  1113.99988    -0.50000     1.00000     2.00000    21    50.0
LO MagPE 50.000KE/1  Ex=1486.599eV WF=4.000eV Ck=XL Det=MCD Ent=6x12mm Exit=4mm
32026
32525
33353
34447
35717
37624
41292
48786
60318
74982
85573
83979
69476
55606
47063
41278
37533
34113
32785
31923
31518
   711.49994   702.99994    -0.50000     1.00000     2.00000    18    50.0
LO MagPE 50.000KE/1  Ex=1486.599eV WF=4.000eV Ck=XL Det=MCD Ent=6x12mm Exit=4mm
30804
31529
31311
32327
32744
34062
34414
36179
38186
37199
35002
29646
26831
26085
25567
25660
25817
25765
