Fe on Ga203
  1123.99988  1113.99988    -0.50000     1.00000     2.00000    21    50.0
LO MagPE 50.000KE/1  Ex=1486.599eV WF=4.000eV Ck=XL Det=MCD Ent=6x12mm Exit=4mm
26663
26624
26774
27552
28934
30397
33274
39634
48393
59702
70164
68677
58198
46998
38464
33141
29924
27870
27538
25889
25011
   711.49994   702.99994    -0.50000     1.00000     2.00000    18    50.0
LO MagPE 50.000KE/1  Ex=1486.599eV WF=4.000eV Ck=XL Det=MCD Ent=6x12mm Exit=4mm
22787
22547
22953
23042
24213
24984
26623
27666
28879
28316
24572
22571
20955
19398
19559
19284
19071
19349
