Fe on Ga203
  1123.99988  1113.99988    -0.50000     1.00000     2.00000    21    50.0
LO MagPE 50.000KE/1  Ex=1486.599eV WF=4.000eV Ck=XL Det=MCD Ent=6x12mm Exit=4mm
55585
55809
56166
56572
57665
57946
59522
62148
65713
71827
76509
76528
72069
67027
63493
61791
58075
57112
54862
54226
53548
   711.49994   702.99994    -0.50000     1.00000     2.00000    18    50.0
LO MagPE 50.000KE/1  Ex=1486.599eV WF=4.000eV Ck=XL Det=MCD Ent=6x12mm Exit=4mm
43463
44388
44933
44503
45218
45874
47011
48619
49837
49908
47886
43787
41203
40578
39439
39804
40058
39939
