Fe on Ga203
  1123.99988  1113.99988    -0.50000     1.00000     2.00000    21    50.0
LO MagPE 50.000KE/1  Ex=1486.599eV WF=4.000eV Ck=XL Det=MCD Ent=6x12mm Exit=4mm
53962
53890
55170
55356
56796
58157
60538
66691
74116
85742
95323
96283
87222
77166
69399
65333
59791
56085
53784
51892
52329
   711.49994   702.99994    -0.50000     1.00000     2.00000    18    50.0
LO MagPE 50.000KE/1  Ex=1486.599eV WF=4.000eV Ck=XL Det=MCD Ent=6x12mm Exit=4mm
42130
42251
42451
42819
43238
44764
45524
46163
47622
47639
45755
42044
39768
38528
38430
38383
37287
38171
