Fe on Ga203
  1123.99988  1113.99988    -0.50000     1.00000     2.00000    21    50.0
LO MagPE 50.000KE/1  Ex=1486.599eV WF=4.000eV Ck=XL Det=MCD Ent=6x12mm Exit=4mm
57352
57902
57856
58625
59033
59992
60850
63427
68077
73064
76956
77528
74338
68983
65441
63227
61057
58398
57182
56174
55838
   711.49994   702.99994    -0.50000     1.00000     2.00000    18    50.0
LO MagPE 50.000KE/1  Ex=1486.599eV WF=4.000eV Ck=XL Det=MCD Ent=6x12mm Exit=4mm
46464
46219
47083
47507
48051
48250
50704
52229
53657
54031
50577
46670
43171
41719
41155
40747
40340
40345
