Fe on Ga203
  1123.99988  1113.99988    -0.50000     1.00000     2.00000    21    50.0
LO MagPE 50.000KE/1  Ex=1486.599eV WF=4.000eV Ck=XL Det=MCD Ent=6x12mm Exit=4mm
85906
86431
87176
88577
88109
91127
94826
102552
112539
126542
135285
135863
123761
111517
102256
96740
92528
88111
86378
85063
84242
   711.49994   702.99994    -0.50000     1.00000     2.00000    18    50.0
LO MagPE 50.000KE/1  Ex=1486.599eV WF=4.000eV Ck=XL Det=MCD Ent=6x12mm Exit=4mm
72075
72881
75163
76151
76895
78949
82274
86462
90177
89647
80573
69693
64873
62337
61750
61707
61925
61090
