Fe on Ga203
  1123.99988  1113.99988    -0.50000     1.00000     2.00000    21    50.0
LO MagPE 50.000KE/1  Ex=1486.599eV WF=4.000eV Ck=XL Det=MCD Ent=6x12mm Exit=4mm
64519
65402
64692
65676
65264
66347
67141
69212
72768
78119
82058
82173
79618
75060
72187
70211
67555
65114
63051
62898
62197
   711.49994   702.99994    -0.50000     1.00000     2.00000    18    50.0
LO MagPE 50.000KE/1  Ex=1486.599eV WF=4.000eV Ck=XL Det=MCD Ent=6x12mm Exit=4mm
48334
48204
49399
49005
49316
51349
49664
51081
52566
51992
50867
49339
47146
47200
46613
45973
45989
45777
