Fe on Ga203
  1123.99988  1113.99988    -0.50000     1.00000     2.00000    21    50.0
LO MagPE 50.000KE/1  Ex=1486.599eV WF=4.000eV Ck=XL Det=MCD Ent=6x12mm Exit=4mm
30254
31131
31533
32126
33210
35444
40132
48154
61201
77578
88703
86804
73020
56196
45755
39494
35497
32827
30500
30648
28636
   711.49994   702.99994    -0.50000     1.00000     2.00000    18    50.0
LO MagPE 50.000KE/1  Ex=1486.599eV WF=4.000eV Ck=XL Det=MCD Ent=6x12mm Exit=4mm
26525
28180
28174
28120
28621
30408
30948
32376
33599
33292
29696
27280
25125
24137
23214
23575
23088
23436
