Fe on Ga203
  1123.99988  1113.99988    -0.50000     1.00000     2.00000    21    50.0
LO MagPE 50.000KE/1  Ex=1486.599eV WF=4.000eV Ck=XL Det=MCD Ent=6x12mm Exit=4mm
34090
34571
35569
36046
37435
41030
45895
55796
70909
90261
106660
102953
83854
64663
52311
45092
39622
36175
34466
32750
32970
   711.49994   702.99994    -0.50000     1.00000     2.00000    18    50.0
LO MagPE 50.000KE/1  Ex=1486.599eV WF=4.000eV Ck=XL Det=MCD Ent=6x12mm Exit=4mm
29872
32301
32409
33022
34219
33990
34961
35666
37150
36710
35039
31732
29454
29211
28206
27910
28515
27937
