Fe on Ga203
  1123.99988  1113.99988    -0.50000     1.00000     2.00000    21    50.0
LO MagPE 50.000KE/1  Ex=1486.599eV WF=4.000eV Ck=XL Det=MCD Ent=6x12mm Exit=4mm
34535
34110
35092
35841
36764
40235
44351
51846
61225
75611
88715
85915
73302
59231
49132
42863
38638
35873
33454
32174
32768
   711.49994   702.99994    -0.50000     1.00000     2.00000    18    50.0
LO MagPE 50.000KE/1  Ex=1486.599eV WF=4.000eV Ck=XL Det=MCD Ent=6x12mm Exit=4mm
31833
31833
32151
32699
43117
33779
34420
36250
38876
37717
34915
30931
29434
27365
27034
26991
26288
26539
