Fe on Ga203
  1123.99988  1113.99988    -0.50000     1.00000     2.00000    21    50.0
LO MagPE 50.000KE/1  Ex=1486.599eV WF=4.000eV Ck=XL Det=MCD Ent=6x12mm Exit=4mm
31659
30755
32237
32756
34094
36986
40664
49159
61149
74807
85598
82964
68642
53284
44912
39461
36350
33228
31469
31520
29617
   711.49994   702.99994    -0.50000     1.00000     2.00000    18    50.0
LO MagPE 50.000KE/1  Ex=1486.599eV WF=4.000eV Ck=XL Det=MCD Ent=6x12mm Exit=4mm
30931
31280
32558
32014
33442
34212
35609
36989
38499
36810
34637
31389
28175
26675
27371
26192
27250
26507
