Fe on Ga203
  1123.99988  1113.99988    -0.50000     1.00000     2.00000    21    50.0
LO MagPE 50.000KE/1  Ex=1486.599eV WF=4.000eV Ck=XL Det=MCD Ent=6x12mm Exit=4mm
32852
33169
33463
34225
35579
36973
42082
49174
62323
75519
86031
82441
68655
55327
46586
40548
37076
34122
31733
31118
30512
   711.49994   702.99994    -0.50000     1.00000     2.00000    18    50.0
LO MagPE 50.000KE/1  Ex=1486.599eV WF=4.000eV Ck=XL Det=MCD Ent=6x12mm Exit=4mm
31691
31490
31910
32450
32689
33809
34519
35913
38319
37157
33790
30756
28888
28131
27120
28052
26703
27790
