Fe on Ga203
  1123.99988  1113.99988    -0.50000     1.00000     2.00000    21    50.0
LO MagPE 50.000KE/1  Ex=1486.599eV WF=4.000eV Ck=XL Det=MCD Ent=6x12mm Exit=4mm
79815
80016
79972
82469
84150
88262
94703
106102
125909
151043
170138
169671
147172
120900
103759
94771
87668
82758
79004
78528
75376
   711.49994   702.99994    -0.50000     1.00000     2.00000    18    50.0
LO MagPE 50.000KE/1  Ex=1486.599eV WF=4.000eV Ck=XL Det=MCD Ent=6x12mm Exit=4mm
68550
69543
70036
69409
71243
73436
74470
78222
79811
80060
74514
68560
65495
62704
62438
62541
62832
62453
