Fe on Ga203
  1123.99988  1113.99988    -0.50000     1.00000     2.00000    21    50.0
LO MagPE 50.000KE/1  Ex=1486.599eV WF=4.000eV Ck=XL Det=MCD Ent=6x12mm Exit=4mm
75750
77344
77821
84231
81255
83341
93216
99145
117018
136127
151184
152113
134103
114047
100831
92217
84156
80779
77361
73691
73072
   711.49994   702.99994    -0.50000     1.00000     2.00000    18    50.0
LO MagPE 50.000KE/1  Ex=1486.599eV WF=4.000eV Ck=XL Det=MCD Ent=6x12mm Exit=4mm
69781
70325
70418
71372
72242
73323
75690
78303
81329
81049
77526
69897
64675
62784
62137
62005
62416
62284
