Fe on Ga203
  1123.99988  1113.99988    -0.50000     1.00000     2.00000    21    50.0
LO MagPE 50.000KE/1  Ex=1486.599eV WF=4.000eV Ck=XL Det=MCD Ent=6x12mm Exit=4mm
31536
31121
31260
31355
32280
32533
33315
35057
37688
40800
43592
44420
42153
39520
38032
36880
34216
32231
30795
30152
29895
   711.49994   702.99994    -0.50000     1.00000     2.00000    18    50.0
LO MagPE 50.000KE/1  Ex=1486.599eV WF=4.000eV Ck=XL Det=MCD Ent=6x12mm Exit=4mm
21773
21456
21750
22104
22054
22533
23097
23499
24504
24923
23536
21784
20600
19607
19780
19487
20176
19439
