Fe on Ga203
  1123.99988  1113.99988    -0.50000     1.00000     2.00000    21    50.0
LO MagPE 50.000KE/1  Ex=1486.599eV WF=4.000eV Ck=XL Det=MCD Ent=6x12mm Exit=4mm
33286
32825
34010
34640
36459
38542
43762
52400
64738
81253
93364
90514
73847
57135
47512
42049
38006
34702
32399
31725
30798
   711.49994   702.99994    -0.50000     1.00000     2.00000    18    50.0
LO MagPE 50.000KE/1  Ex=1486.599eV WF=4.000eV Ck=XL Det=MCD Ent=6x12mm Exit=4mm
31180
31784
31801
32339
33111
34823
35266
36230
37453
37142
34560
31898
28819
29146
28604
28207
28239
26866
