Fe on Ga203
  1123.99988  1113.99988    -0.50000     1.00000     2.00000    21    50.0
LO MagPE 50.000KE/1  Ex=1486.599eV WF=4.000eV Ck=XL Det=MCD Ent=6x12mm Exit=4mm
32773
33269
33574
34506
37092
38369
45163
54450
68324
88040
99255
93331
76946
60040
49597
41898
37633
34706
32893
31885
31917
   711.49994   702.99994    -0.50000     1.00000     2.00000    18    50.0
LO MagPE 50.000KE/1  Ex=1486.599eV WF=4.000eV Ck=XL Det=MCD Ent=6x12mm Exit=4mm
31868
33285
33219
34090
33906
35025
36876
38681
39028
38730
34895
33014
30227
29358
28410
28980
27907
27837
