Fe on Ga203
  1123.99988  1113.99988    -0.50000     1.00000     2.00000    21    50.0
LO MagPE 50.000KE/1  Ex=1486.599eV WF=4.000eV Ck=XL Det=MCD Ent=6x12mm Exit=4mm
90832
91654
92722
92049
96927
103302
111023
124300
149997
178228
200483
196809
166650
139368
121836
137871
102422
95510
115776
90189
85821
   711.49994   702.99994    -0.50000     1.00000     2.00000    18    50.0
LO MagPE 50.000KE/1  Ex=1486.599eV WF=4.000eV Ck=XL Det=MCD Ent=6x12mm Exit=4mm
79755
83651
84080
84703
85605
87436
89815
92417
93662
93578
89311
81397
75613
75048
74926
74480
74871
73997
