Fe on Ga203
  1123.99988  1113.99988    -0.50000     1.00000     2.00000    21    50.0
LO MagPE 50.000KE/1  Ex=1486.599eV WF=4.000eV Ck=XL Det=MCD Ent=6x12mm Exit=4mm
29157
29290
30484
32305
32309
33292
38374
45840
56601
69333
79671
76026
64722
50820
42258
37804
33648
30959
29395
28724
27898
   711.49994   702.99994    -0.50000     1.00000     2.00000    18    50.0
LO MagPE 50.000KE/1  Ex=1486.599eV WF=4.000eV Ck=XL Det=MCD Ent=6x12mm Exit=4mm
28498
28835
29073
29989
30374
30876
32449
35010
34205
33662
31852
28386
26336
24863
24112
24385
24411
23887
