Fe on Ga203
  1123.99988  1113.99988    -0.50000     1.00000     2.00000    21    50.0
LO MagPE 50.000KE/1  Ex=1486.599eV WF=4.000eV Ck=XL Det=MCD Ent=6x12mm Exit=4mm
29756
30030
30196
31375
33646
34876
38816
47889
59595
76818
88218
87659
71720
56224
44764
38638
34401
31883
30528
29190
28620
   711.49994   702.99994    -0.50000     1.00000     2.00000    18    50.0
LO MagPE 50.000KE/1  Ex=1486.599eV WF=4.000eV Ck=XL Det=MCD Ent=6x12mm Exit=4mm
26820
28054
27869
28168
29060
29727
31108
32059
32584
32717
30260
26493
24185
22956
22637
22283
22349
22865
