Fe on Ga203
  1123.99988  1113.99988    -0.50000     1.00000     2.00000    21    50.0
LO MagPE 50.000KE/1  Ex=1486.599eV WF=4.000eV Ck=XL Det=MCD Ent=6x12mm Exit=4mm
44161
44344
44335
45119
45014
46419
47792
50261
54098
58847
63554
64121
60149
56226
52535
50229
47858
45678
43265
42681
42928
   711.49994   702.99994    -0.50000     1.00000     2.00000    18    50.0
LO MagPE 50.000KE/1  Ex=1486.599eV WF=4.000eV Ck=XL Det=MCD Ent=6x12mm Exit=4mm
33209
33763
33708
34524
34732
35254
36791
37539
39264
39032
37244
33913
31616
30767
30961
30577
30288
30058
