Fe on Ga203
  1123.99988  1113.99988    -0.50000     1.00000     2.00000    21    50.0
LO MagPE 50.000KE/1  Ex=1486.599eV WF=4.000eV Ck=XL Det=MCD Ent=6x12mm Exit=4mm
34323
33636
34904
35729
35242
36735
38998
45939
57703
72190
83636
82162
69728
57230
45776
41555
38799
35776
34307
31894
32636
   711.49994   702.99994    -0.50000     1.00000     2.00000    18    50.0
LO MagPE 50.000KE/1  Ex=1486.599eV WF=4.000eV Ck=XL Det=MCD Ent=6x12mm Exit=4mm
29872
32207
32560
33461
34676
35065
36694
37194
38124
39457
36336
31186
29055
28407
27387
26541
27172
25873
