Fe on Ga203
  1123.99988  1113.99988    -0.50000     1.00000     2.00000    21    50.0
LO MagPE 50.000KE/1  Ex=1486.599eV WF=4.000eV Ck=XL Det=MCD Ent=6x12mm Exit=4mm
91114
92391
93408
94045
96688
102195
105863
119189
138450
164534
182674
183443
160406
136013
119068
108561
101037
95223
91682
90000
89258
   711.49994   702.99994    -0.50000     1.00000     2.00000    18    50.0
LO MagPE 50.000KE/1  Ex=1486.599eV WF=4.000eV Ck=XL Det=MCD Ent=6x12mm Exit=4mm
74495
75623
74525
75499
76536
77522
79291
81398
82889
82891
78446
74175
69702
68997
66359
66838
66898
67668
