Fe on Ga203
  1123.99988  1113.99988    -0.50000     1.00000     2.00000    21    50.0
LO MagPE 50.000KE/1  Ex=1486.599eV WF=4.000eV Ck=XL Det=MCD Ent=6x12mm Exit=4mm
60596
60920
61674
62597
63479
65547
69389
76998
88275
102449
115304
114316
103077
89431
80013
73065
67596
62631
60615
59278
58698
   711.49994   702.99994    -0.50000     1.00000     2.00000    18    50.0
LO MagPE 50.000KE/1  Ex=1486.599eV WF=4.000eV Ck=XL Det=MCD Ent=6x12mm Exit=4mm
52203
52009
52952
53315
54522
54686
56543
58088
60607
60115
57262
52750
49346
47102
46971
46290
46218
45761
