Fe on Ga203
  1123.99988  1113.99988    -0.50000     1.00000     2.00000    21    50.0
LO MagPE 50.000KE/1  Ex=1486.599eV WF=4.000eV Ck=XL Det=MCD Ent=6x12mm Exit=4mm
86208
87184
88626
88842
91343
94792
100305
111479
131603
155863
174016
170931
151718
128072
114151
104020
95022
91166
86646
85085
83264
   711.49994   702.99994    -0.50000     1.00000     2.00000    18    50.0
LO MagPE 50.000KE/1  Ex=1486.599eV WF=4.000eV Ck=XL Det=MCD Ent=6x12mm Exit=4mm
70881
73144
72767
73258
73954
74030
75141
76876
79173
77594
75432
72420
68045
66056
66661
66719
65863
66076
