Fe on Ga203
  1123.99988  1113.99988    -0.50000     1.00000     2.00000    21    50.0
LO MagPE 50.000KE/1  Ex=1486.599eV WF=4.000eV Ck=XL Det=MCD Ent=6x12mm Exit=4mm
87150
86815
87237
88557
90953
94413
100444
111875
129091
153988
171811
171320
150552
125794
111293
102554
94384
88397
86222
84396
82499
   711.49994   702.99994    -0.50000     1.00000     2.00000    18    50.0
LO MagPE 50.000KE/1  Ex=1486.599eV WF=4.000eV Ck=XL Det=MCD Ent=6x12mm Exit=4mm
71638
71918
72635
73241
73700
75282
77035
78944
81070
81821
77236
72889
68275
66799
66211
65732
65787
65522
