Fe on Ga203
  1123.99988  1113.99988    -0.50000     1.00000     2.00000    21    50.0
LO MagPE 50.000KE/1  Ex=1486.599eV WF=4.000eV Ck=XL Det=MCD Ent=6x12mm Exit=4mm
39125
39896
39909
39625
39914
40808
41682
43422
46575
49703
53663
54226
52338
48135
46853
45262
41972
40264
39154
38248
37861
   711.49994   702.99994    -0.50000     1.00000     2.00000    18    50.0
LO MagPE 50.000KE/1  Ex=1486.599eV WF=4.000eV Ck=XL Det=MCD Ent=6x12mm Exit=4mm
28585
29273
29272
29662
30036
30375
31102
32049
33307
33381
32209
29400
27584
26737
26342
26038
26567
26249
