Fe on Ga203
  1123.99988  1113.99988    -0.50000     1.00000     2.00000    21    50.0
LO MagPE 50.000KE/1  Ex=1486.599eV WF=4.000eV Ck=XL Det=MCD Ent=6x12mm Exit=4mm
51896
53144
53115
52645
54247
55408
56764
59965
65987
73858
80363
82009
75753
68141
63788
60323
56922
53526
51462
50899
49643
   711.49994   702.99994    -0.50000     1.00000     2.00000    18    50.0
LO MagPE 50.000KE/1  Ex=1486.599eV WF=4.000eV Ck=XL Det=MCD Ent=6x12mm Exit=4mm
40875
41598
41940
42306
42835
43113
44539
45820
47118
47203
45152
42070
39227
37844
37559
37802
37496
37235
