Fe on Ga203
  1123.99988  1113.99988    -0.50000     1.00000     2.00000    21    50.0
LO MagPE 50.000KE/1  Ex=1486.599eV WF=4.000eV Ck=XL Det=MCD Ent=6x12mm Exit=4mm
32612
32941
33831
34778
35627
37304
40783
45958
53576
65357
75859
76425
65726
53690
45397
40888
36384
33519
32555
31984
32353
   711.49994   702.99994    -0.50000     1.00000     2.00000    18    50.0
LO MagPE 50.000KE/1  Ex=1486.599eV WF=4.000eV Ck=XL Det=MCD Ent=6x12mm Exit=4mm
27604
27117
28012
29365
30392
30374
32187
34913
35237
34559
31128
26970
24868
23071
22637
23094
22447
22489
