Fe on Ga203
  1123.99988  1113.99988    -0.50000     1.00000     2.00000    21    50.0
LO MagPE 50.000KE/1  Ex=1486.599eV WF=4.000eV Ck=XL Det=MCD Ent=6x12mm Exit=4mm
29607
30971
31272
33563
33533
34567
37422
43804
49548
59561
67886
66643
57374
48127
40765
38090
35492
33460
32219
31164
30865
   711.49994   702.99994    -0.50000     1.00000     2.00000    18    50.0
LO MagPE 50.000KE/1  Ex=1486.599eV WF=4.000eV Ck=XL Det=MCD Ent=6x12mm Exit=4mm
29238
29885
29761
30082
31263
32679
32302
33447
34165
35885
33764
28883
28018
25434
25218
24557
24331
24570
