Fe on Ga203
  1123.99988  1113.99988    -0.50000     1.00000     2.00000    21    50.0
LO MagPE 50.000KE/1  Ex=1486.599eV WF=4.000eV Ck=XL Det=MCD Ent=6x12mm Exit=4mm
87790
88976
89835
90613
93164
94402
100668
110056
125848
146594
163169
166167
147831
127266
112119
102930
96422
90987
87784
86762
84838
   711.49994   702.99994    -0.50000     1.00000     2.00000    18    50.0
LO MagPE 50.000KE/1  Ex=1486.599eV WF=4.000eV Ck=XL Det=MCD Ent=6x12mm Exit=4mm
70513
70140
70631
71391
71959
72785
74217
77163
79165
79180
75990
70395
66202
65183
64181
64014
64800
64023
