Fe on Ga203
  1123.99988  1113.99988    -0.50000     1.00000     2.00000    21    50.0
LO MagPE 50.000KE/1  Ex=1486.599eV WF=4.000eV Ck=XL Det=MCD Ent=6x12mm Exit=4mm
76541
77605
78681
79067
81603
84293
89837
99373
115805
136466
152516
153727
135106
113788
100871
91434
85749
79731
77204
75191
74789
   711.49994   702.99994    -0.50000     1.00000     2.00000    18    50.0
LO MagPE 50.000KE/1  Ex=1486.599eV WF=4.000eV Ck=XL Det=MCD Ent=6x12mm Exit=4mm
67562
69107
69205
69200
71209
72827
74986
76664
79629
79641
75137
67416
62976
60366
60450
60143
59017
59666
