Fe on Ga203
  1123.99988  1113.99988    -0.50000     1.00000     2.00000    21    50.0
LO MagPE 50.000KE/1  Ex=1486.599eV WF=4.000eV Ck=XL Det=MCD Ent=6x12mm Exit=4mm
28453
29146
29445
30660
32325
32868
37122
44043
55020
68817
80478
77269
66134
51804
43458
37352
33154
31476
29600
28607
28035
   711.49994   702.99994    -0.50000     1.00000     2.00000    18    50.0
LO MagPE 50.000KE/1  Ex=1486.599eV WF=4.000eV Ck=XL Det=MCD Ent=6x12mm Exit=4mm
24737
25812
25389
25883
26514
26707
28142
29431
29920
30030
27248
24831
22430
21877
21314
21139
20107
20590
