Fe on Ga203
  1123.99988  1113.99988    -0.50000     1.00000     2.00000    21    50.0
LO MagPE 50.000KE/1  Ex=1486.599eV WF=4.000eV Ck=XL Det=MCD Ent=6x12mm Exit=4mm
82173
82095
83836
83496
84609
85415
87420
92577
99223
107926
114263
116393
108252
99226
93950
90146
87362
83719
82630
81829
81244
   711.49994   702.99994    -0.50000     1.00000     2.00000    18    50.0
LO MagPE 50.000KE/1  Ex=1486.599eV WF=4.000eV Ck=XL Det=MCD Ent=6x12mm Exit=4mm
66371
67055
68234
68387
69463
71202
73366
75781
80710
78990
71182
64948
59963
58649
57641
56886
57202
56359
