Fe on Ga203
  1123.99988  1113.99988    -0.50000     1.00000     2.00000    21    50.0
LO MagPE 50.000KE/1  Ex=1486.599eV WF=4.000eV Ck=XL Det=MCD Ent=6x12mm Exit=4mm
26238
27022
27237
28295
28676
30771
33440
38048
45748
56395
62747
62731
52581
43194
36829
33227
29973
28159
26776
26576
25783
   711.49994   702.99994    -0.50000     1.00000     2.00000    18    50.0
LO MagPE 50.000KE/1  Ex=1486.599eV WF=4.000eV Ck=XL Det=MCD Ent=6x12mm Exit=4mm
25785
26384
26890
26894
27620
28455
30186
31209
33259
31591
28809
25873
23208
22201
21510
22158
21560
21620
