Fe on Ga203
  1123.99988  1113.99988    -0.50000     1.00000     2.00000    21    50.0
LO MagPE 50.000KE/1  Ex=1486.599eV WF=4.000eV Ck=XL Det=MCD Ent=6x12mm Exit=4mm
101136
99603
101205
105350
110161
113438
122708
136136
158316
193448
217413
213373
186486
154485
132921
119553
112794
106386
104760
100193
97381
   711.49994   702.99994    -0.50000     1.00000     2.00000    18    50.0
LO MagPE 50.000KE/1  Ex=1486.599eV WF=4.000eV Ck=XL Det=MCD Ent=6x12mm Exit=4mm
88787
90102
92525
94374
98181
101597
106198
106815
108436
107508
101891
91258
84661
84358
83817
81858
82946
81570
