Fe on Ga203
  1123.99988  1113.99988    -0.50000     1.00000     2.00000    21    50.0
LO MagPE 50.000KE/1  Ex=1486.599eV WF=4.000eV Ck=XL Det=MCD Ent=6x12mm Exit=4mm
99422
97364
98742
103175
106450
111744
117797
129562
154890
187820
207266
204294
172515
144474
126316
115109
104648
99426
95882
93522
93552
   711.49994   702.99994    -0.50000     1.00000     2.00000    18    50.0
LO MagPE 50.000KE/1  Ex=1486.599eV WF=4.000eV Ck=XL Det=MCD Ent=6x12mm Exit=4mm
88060
90604
91204
89384
91304
93214
98896
104800
107426
107304
98011
87957
80147
79268
77003
79211
76019
75567
