Fe on Ga203
  1123.99988  1113.99988    -0.50000     1.00000     2.00000    21    50.0
LO MagPE 50.000KE/1  Ex=1486.599eV WF=4.000eV Ck=XL Det=MCD Ent=6x12mm Exit=4mm
74708
75986
77391
77975
79400
82261
89288
99099
114904
138609
154051
152916
133619
112577
100806
90721
83989
78560
75694
74091
72477
   711.49994   702.99994    -0.50000     1.00000     2.00000    18    50.0
LO MagPE 50.000KE/1  Ex=1486.599eV WF=4.000eV Ck=XL Det=MCD Ent=6x12mm Exit=4mm
68129
70214
71075
71962
73381
73844
74146
77653
81258
80364
76596
69920
66642
63184
63859
62268
62929
62353
