Fe on Ga203
  1123.99988  1113.99988    -0.50000     1.00000     2.00000    21    50.0
LO MagPE 50.000KE/1  Ex=1486.599eV WF=4.000eV Ck=XL Det=MCD Ent=6x12mm Exit=4mm
34609
35961
36352
37271
37727
39395
43332
51177
64086
79772
93057
89856
74159
58897
48412
42725
38021
34417
33412
32268
31893
   711.49994   702.99994    -0.50000     1.00000     2.00000    18    50.0
LO MagPE 50.000KE/1  Ex=1486.599eV WF=4.000eV Ck=XL Det=MCD Ent=6x12mm Exit=4mm
31507
31787
31388
33407
34207
34698
36310
37016
39095
38976
35915
32537
30322
29329
29470
28269
28673
29269
