Fe on Ga203
  1123.99988  1113.99988    -0.50000     1.00000     2.00000    21    50.0
LO MagPE 50.000KE/1  Ex=1486.599eV WF=4.000eV Ck=XL Det=MCD Ent=6x12mm Exit=4mm
29514
29857
29649
30122
30231
31054
31774
33338
35785
38642
41276
41632
39725
37616
36402
34970
32811
31059
29078
28974
28123
   711.49994   702.99994    -0.50000     1.00000     2.00000    18    50.0
LO MagPE 50.000KE/1  Ex=1486.599eV WF=4.000eV Ck=XL Det=MCD Ent=6x12mm Exit=4mm
20416
20046
20387
21114
21233
21311
21525
22548
23152
23217
22437
20421
19025
18470
18094
17974
18058
17889
