Fe on Ga203
  1123.99988  1113.99988    -0.50000     1.00000     2.00000    21    50.0
LO MagPE 50.000KE/1  Ex=1486.599eV WF=4.000eV Ck=XL Det=MCD Ent=6x12mm Exit=4mm
63556
63861
64156
64487
66388
67299
70921
76080
85378
97077
107566
108115
97371
85468
78680
72742
69198
64878
62950
61731
62126
   711.49994   702.99994    -0.50000     1.00000     2.00000    18    50.0
LO MagPE 50.000KE/1  Ex=1486.599eV WF=4.000eV Ck=XL Det=MCD Ent=6x12mm Exit=4mm
51303
51750
52717
53186
53991
55086
56540
58638
61424
60710
57211
51974
48177
45980
46265
45684
45397
45574
