Fe on Ga203
  1123.99988  1113.99988    -0.50000     1.00000     2.00000    21    50.0
LO MagPE 50.000KE/1  Ex=1486.599eV WF=4.000eV Ck=XL Det=MCD Ent=6x12mm Exit=4mm
62632
63469
63834
64098
66729
68508
71152
78129
90716
104466
116134
117418
105899
91640
82543
74847
69295
65645
63021
61532
61148
   711.49994   702.99994    -0.50000     1.00000     2.00000    18    50.0
LO MagPE 50.000KE/1  Ex=1486.599eV WF=4.000eV Ck=XL Det=MCD Ent=6x12mm Exit=4mm
54905
55696
55529
56665
56999
59243
59618
62335
65934
64546
61647
55226
51464
49608
47774
48959
48618
48465
