Fe on Ga203
  1123.99988  1113.99988    -0.50000     1.00000     2.00000    21    50.0
LO MagPE 50.000KE/1  Ex=1486.599eV WF=4.000eV Ck=XL Det=MCD Ent=6x12mm Exit=4mm
34058
33202
35091
35378
36407
38872
43169
49659
62563
75451
82169
81758
67569
55083
46032
43006
38492
35730
33932
32894
32781
   711.49994   702.99994    -0.50000     1.00000     2.00000    18    50.0
LO MagPE 50.000KE/1  Ex=1486.599eV WF=4.000eV Ck=XL Det=MCD Ent=6x12mm Exit=4mm
31060
32081
32365
31950
32167
34391
35364
36642
38418
38143
33513
30427
29638
28068
28235
27960
27206
26239
