Fe on Ga203
  1123.99988  1113.99988    -0.50000     1.00000     2.00000    21    50.0
LO MagPE 50.000KE/1  Ex=1486.599eV WF=4.000eV Ck=XL Det=MCD Ent=6x12mm Exit=4mm
35921
36893
36486
38392
39870
43614
48932
58573
75183
95223
110262
108739
86315
65622
52535
47844
41983
39549
35588
35646
34622
   711.49994   702.99994    -0.50000     1.00000     2.00000    18    50.0
LO MagPE 50.000KE/1  Ex=1486.599eV WF=4.000eV Ck=XL Det=MCD Ent=6x12mm Exit=4mm
31694
32383
32584
33121
33355
33717
34043
35363
35757
35717
34300
31889
29580
29232
28711
29378
27594
27923
