Fe on Ga203
  1123.99988  1113.99988    -0.50000     1.00000     2.00000    21    50.0
LO MagPE 50.000KE/1  Ex=1486.599eV WF=4.000eV Ck=XL Det=MCD Ent=6x12mm Exit=4mm
27122
27755
27839
28902
30960
33037
36280
42804
53632
67993
78483
77919
64165
50135
41930
36116
32130
30567
28721
27604
26527
   711.49994   702.99994    -0.50000     1.00000     2.00000    18    50.0
LO MagPE 50.000KE/1  Ex=1486.599eV WF=4.000eV Ck=XL Det=MCD Ent=6x12mm Exit=4mm
25327
26028
26056
26745
27428
27803
29507
31381
31119
31434
28608
24722
22995
22922
21449
21987
20891
21116
