Fe on Ga203
  1123.99988  1113.99988    -0.50000     1.00000     2.00000    21    50.0
LO MagPE 50.000KE/1  Ex=1486.599eV WF=4.000eV Ck=XL Det=MCD Ent=6x12mm Exit=4mm
35201
35076
36226
36567
39163
40811
46009
55436
69943
85554
97997
95309
78667
63180
52308
44825
40682
36587
34496
33241
33472
   711.49994   702.99994    -0.50000     1.00000     2.00000    18    50.0
LO MagPE 50.000KE/1  Ex=1486.599eV WF=4.000eV Ck=XL Det=MCD Ent=6x12mm Exit=4mm
31702
31984
31983
32350
33810
33554
34749
35502
36988
37832
36353
33231
30736
29928
27898
27542
27685
27773
