Fe on Ga203
  1123.99988  1113.99988    -0.50000     1.00000     2.00000    21    50.0
LO MagPE 50.000KE/1  Ex=1486.599eV WF=4.000eV Ck=XL Det=MCD Ent=6x12mm Exit=4mm
93474
94169
94777
95874
94941
97870
103050
112741
130827
149808
164432
159726
142809
123848
115325
110510
104081
98537
97741
94893
94245
   711.49994   702.99994    -0.50000     1.00000     2.00000    18    50.0
LO MagPE 50.000KE/1  Ex=1486.599eV WF=4.000eV Ck=XL Det=MCD Ent=6x12mm Exit=4mm
80863
81471
83507
84355
85568
87439
90391
97058
97638
96659
89111
77957
71741
68346
67437
67255
67471
67373
