Fe on Ga203
  1123.99988  1113.99988    -0.50000     1.00000     2.00000    21    50.0
LO MagPE 50.000KE/1  Ex=1486.599eV WF=4.000eV Ck=XL Det=MCD Ent=6x12mm Exit=4mm
80770
81230
80228
82521
83366
85288
89065
94648
105326
117628
128819
128880
118730
104661
96314
91924
86161
82109
80294
78607
78308
   711.49994   702.99994    -0.50000     1.00000     2.00000    18    50.0
LO MagPE 50.000KE/1  Ex=1486.599eV WF=4.000eV Ck=XL Det=MCD Ent=6x12mm Exit=4mm
67988
68276
69101
70136
71559
74183
75667
80370
82353
82011
74471
66281
61045
59222
59153
58886
58042
57615
