Fe on Ga203
  1123.99988  1113.99988    -0.50000     1.00000     2.00000    21    50.0
LO MagPE 50.000KE/1  Ex=1486.599eV WF=4.000eV Ck=XL Det=MCD Ent=6x12mm Exit=4mm
32249
33563
33908
34844
37845
41086
46097
56487
74812
94936
109892
106483
86695
65841
52536
45133
39775
35139
33441
31740
30969
   711.49994   702.99994    -0.50000     1.00000     2.00000    18    50.0
LO MagPE 50.000KE/1  Ex=1486.599eV WF=4.000eV Ck=XL Det=MCD Ent=6x12mm Exit=4mm
30839
30982
32029
32428
33370
33057
34040
35774
36898
36482
33953
30826
28857
27717
27221
27108
27623
26383
