Fe on Ga203
  1123.99988  1113.99988    -0.50000     1.00000     2.00000    21    50.0
LO MagPE 50.000KE/1  Ex=1486.599eV WF=4.000eV Ck=XL Det=MCD Ent=6x12mm Exit=4mm
80825
81032
82029
84240
85818
89304
96906
107337
123517
147506
166395
164661
143908
120863
107474
97832
90304
84438
80947
79561
78745
   711.49994   702.99994    -0.50000     1.00000     2.00000    18    50.0
LO MagPE 50.000KE/1  Ex=1486.599eV WF=4.000eV Ck=XL Det=MCD Ent=6x12mm Exit=4mm
71679
70853
71364
72150
73214
74289
75802
79630
81612
80887
77521
71739
67152
66079
65141
64080
64896
64212
