Fe on Ga203
  1123.99988  1113.99988    -0.50000     1.00000     2.00000    21    50.0
LO MagPE 50.000KE/1  Ex=1486.599eV WF=4.000eV Ck=XL Det=MCD Ent=6x12mm Exit=4mm
70116
70032
70395
71163
72110
73194
76036
80116
86141
95477
103406
104113
97333
88415
82531
79107
74937
71960
70741
69408
68787
   711.49994   702.99994    -0.50000     1.00000     2.00000    18    50.0
LO MagPE 50.000KE/1  Ex=1486.599eV WF=4.000eV Ck=XL Det=MCD Ent=6x12mm Exit=4mm
55178
54601
55800
56137
56106
56500
57252
58965
60880
61679
58392
55504
53658
51711
51868
51321
51166
51515
