Fe on Ga203
  1123.99988  1113.99988    -0.50000     1.00000     2.00000    21    50.0
LO MagPE 50.000KE/1  Ex=1486.599eV WF=4.000eV Ck=XL Det=MCD Ent=6x12mm Exit=4mm
33766
34095
34370
35792
37081
39536
42731
49482
61453
76220
87929
86465
75303
60531
50821
44163
39678
37139
35306
33158
33236
   711.49994   702.99994    -0.50000     1.00000     2.00000    18    50.0
LO MagPE 50.000KE/1  Ex=1486.599eV WF=4.000eV Ck=XL Det=MCD Ent=6x12mm Exit=4mm
31888
32517
32726
33032
33758
33281
35141
36960
39082
37869
36412
31602
29280
28017
28276
28391
27774
27961
