Fe on Ga203
  1123.99988  1113.99988    -0.50000     1.00000     2.00000    21    50.0
LO MagPE 50.000KE/1  Ex=1486.599eV WF=4.000eV Ck=XL Det=MCD Ent=6x12mm Exit=4mm
32323
31807
31935
34066
35046
36340
39992
44606
53154
63542
76121
76019
64890
50223
44781
39609
35221
32703
31056
31018
31537
   711.49994   702.99994    -0.50000     1.00000     2.00000    18    50.0
LO MagPE 50.000KE/1  Ex=1486.599eV WF=4.000eV Ck=XL Det=MCD Ent=6x12mm Exit=4mm
30762
30326
31427
31711
31514
32967
34702
36469
37263
36296
33581
30405
27605
26353
25238
24848
25446
25285
