Fe on Ga203
  1123.99988  1113.99988    -0.50000     1.00000     2.00000    21    50.0
LO MagPE 50.000KE/1  Ex=1486.599eV WF=4.000eV Ck=XL Det=MCD Ent=6x12mm Exit=4mm
34263
34492
34775
46577
37672
38780
42644
47480
57997
70592
81358
79729
67362
54613
46073
41528
38926
35218
33742
33358
32550
   711.49994   702.99994    -0.50000     1.00000     2.00000    18    50.0
LO MagPE 50.000KE/1  Ex=1486.599eV WF=4.000eV Ck=XL Det=MCD Ent=6x12mm Exit=4mm
30225
30410
31246
31638
32275
32940
34823
37270
36928
37020
32597
27770
25764
24515
24717
24228
24170
24756
