Fe on Ga203
  1123.99988  1113.99988    -0.50000     1.00000     2.00000    21    50.0
LO MagPE 50.000KE/1  Ex=1486.599eV WF=4.000eV Ck=XL Det=MCD Ent=6x12mm Exit=4mm
72470
73523
73711
74092
75565
77300
80991
86966
97746
111052
122864
123276
112413
99348
89812
85927
79877
74503
72692
71703
71403
   711.49994   702.99994    -0.50000     1.00000     2.00000    18    50.0
LO MagPE 50.000KE/1  Ex=1486.599eV WF=4.000eV Ck=XL Det=MCD Ent=6x12mm Exit=4mm
57401
57793
58728
58493
58377
59512
59881
61711
63524
63869
61115
57298
55269
54516
54013
53763
53995
53701
