Fe on Ga203
  1123.99988  1113.99988    -0.50000     1.00000     2.00000    21    50.0
LO MagPE 50.000KE/1  Ex=1486.599eV WF=4.000eV Ck=XL Det=MCD Ent=6x12mm Exit=4mm
29850
29547
30334
31489
32198
34071
38823
44221
55574
69286
80304
78631
66256
52924
42666
38028
33696
31043
29535
28858
28128
   711.49994   702.99994    -0.50000     1.00000     2.00000    18    50.0
LO MagPE 50.000KE/1  Ex=1486.599eV WF=4.000eV Ck=XL Det=MCD Ent=6x12mm Exit=4mm
25450
26149
26365
26963
27491
28869
29055
30683
31919
31275
28505
25331
23295
22400
21999
21759
22095
21723
