Fe on Ga203
  1123.99988  1113.99988    -0.50000     1.00000     2.00000    21    50.0
LO MagPE 50.000KE/1  Ex=1486.599eV WF=4.000eV Ck=XL Det=MCD Ent=6x12mm Exit=4mm
80085
80055
81483
81271
82339
84261
86662
92410
102546
113109
124808
124618
116214
104215
97972
92508
86975
82341
80386
78467
77671
   711.49994   702.99994    -0.50000     1.00000     2.00000    18    50.0
LO MagPE 50.000KE/1  Ex=1486.599eV WF=4.000eV Ck=XL Det=MCD Ent=6x12mm Exit=4mm
63818
63952
64155
64277
65759
66189
67468
69073
70174
71399
68417
63709
60809
59282
59253
58636
58694
59255
