Fe on Ga203
  1123.99988  1113.99988    -0.50000     1.00000     2.00000    21    50.0
LO MagPE 50.000KE/1  Ex=1486.599eV WF=4.000eV Ck=XL Det=MCD Ent=6x12mm Exit=4mm
69600
69070
70288
69953
71218
71020
72284
75704
80155
84477
90319
89457
85785
80401
77468
74259
72201
70615
68929
68094
67554
   711.49994   702.99994    -0.50000     1.00000     2.00000    18    50.0
LO MagPE 50.000KE/1  Ex=1486.599eV WF=4.000eV Ck=XL Det=MCD Ent=6x12mm Exit=4mm
56819
57508
58312
58903
59108
60204
61591
63817
65592
65743
61968
56913
54114
52020
51366
50602
50431
50386
