Fe on Ga203
  1123.99988  1113.99988    -0.50000     1.00000     2.00000    21    50.0
LO MagPE 50.000KE/1  Ex=1486.599eV WF=4.000eV Ck=XL Det=MCD Ent=6x12mm Exit=4mm
32875
33700
34342
35640
38071
40143
46492
57696
75049
96672
113425
108903
90135
67557
53372
44566
39061
34677
33522
32046
31596
   711.49994   702.99994    -0.50000     1.00000     2.00000    18    50.0
LO MagPE 50.000KE/1  Ex=1486.599eV WF=4.000eV Ck=XL Det=MCD Ent=6x12mm Exit=4mm
30525
31325
32033
31501
32737
32784
33828
36082
37046
36974
34283
30443
28430
26870
26857
26964
26863
27434
