Fe on Ga203
  1123.99988  1113.99988    -0.50000     1.00000     2.00000    21    50.0
LO MagPE 50.000KE/1  Ex=1486.599eV WF=4.000eV Ck=XL Det=MCD Ent=6x12mm Exit=4mm
72647
72387
73962
74050
75597
77270
80682
87341
98917
113308
126477
125771
113768
99326
89929
83356
78505
74142
71855
70310
69242
   711.49994   702.99994    -0.50000     1.00000     2.00000    18    50.0
LO MagPE 50.000KE/1  Ex=1486.599eV WF=4.000eV Ck=XL Det=MCD Ent=6x12mm Exit=4mm
58723
57554
58670
58779
60072
60438
61341
64076
65546
65816
63003
58332
55400
54730
53316
54289
53714
52332
