Fe on Ga203
  1123.99988  1113.99988    -0.50000     1.00000     2.00000    21    50.0
LO MagPE 50.000KE/1  Ex=1486.599eV WF=4.000eV Ck=XL Det=MCD Ent=6x12mm Exit=4mm
62004
61131
62014
61663
62558
63158
64867
68462
73254
81395
85233
86775
81420
74375
70051
67261
64506
61777
60665
59694
58507
   711.49994   702.99994    -0.50000     1.00000     2.00000    18    50.0
LO MagPE 50.000KE/1  Ex=1486.599eV WF=4.000eV Ck=XL Det=MCD Ent=6x12mm Exit=4mm
47721
48074
48569
49179
50222
51071
52012
54184
55920
54882
52584
48293
45206
44409
43813
43779
43012
42726
