Fe on Ga203
  1123.99988  1113.99988    -0.50000     1.00000     2.00000    21    50.0
LO MagPE 50.000KE/1  Ex=1486.599eV WF=4.000eV Ck=XL Det=MCD Ent=6x12mm Exit=4mm
81182
83151
86864
83962
86824
96452
92924
102958
119502
142800
151021
150410
131109
116096
118053
95375
86978
83308
79326
84680
78996
   711.49994   702.99994    -0.50000     1.00000     2.00000    18    50.0
LO MagPE 50.000KE/1  Ex=1486.599eV WF=4.000eV Ck=XL Det=MCD Ent=6x12mm Exit=4mm
78210
74642
74379
76381
75253
77668
144994
100559
94347
99108
111072
73189
66548
65791
70994
65080
69930
63893
