Fe on Ga203
  1123.99988  1113.99988    -0.50000     1.00000     2.00000    21    50.0
LO MagPE 50.000KE/1  Ex=1486.599eV WF=4.000eV Ck=XL Det=MCD Ent=6x12mm Exit=4mm
33150
33673
34673
35922
37003
40120
45555
55198
71274
91377
105454
101913
84005
64019
50918
43648
38699
35289
33790
31253
32116
   711.49994   702.99994    -0.50000     1.00000     2.00000    18    50.0
LO MagPE 50.000KE/1  Ex=1486.599eV WF=4.000eV Ck=XL Det=MCD Ent=6x12mm Exit=4mm
31300
30742
30925
30761
31681
32311
33110
34235
35555
34940
32691
30114
29410
27978
27245
27451
27325
27580
