Fe on Ga203
  1123.99988  1113.99988    -0.50000     1.00000     2.00000    21    50.0
LO MagPE 50.000KE/1  Ex=1486.599eV WF=4.000eV Ck=XL Det=MCD Ent=6x12mm Exit=4mm
34580
34934
34869
36834
37785
39481
45374
54096
68427
86661
101256
99774
80985
64066
52647
46071
40775
39267
36672
35765
34745
   711.49994   702.99994    -0.50000     1.00000     2.00000    18    50.0
LO MagPE 50.000KE/1  Ex=1486.599eV WF=4.000eV Ck=XL Det=MCD Ent=6x12mm Exit=4mm
32599
31747
33115
34432
33605
34472
35237
37622
37806
38808
35349
31844
29826
28860
28785
29117
27503
28450
