Fe on Ga203
  1123.99988  1113.99988    -0.50000     1.00000     2.00000    21    50.0
LO MagPE 50.000KE/1  Ex=1486.599eV WF=4.000eV Ck=XL Det=MCD Ent=6x12mm Exit=4mm
69408
69232
69493
69355
70429
71822
73754
77595
84502
93236
100845
101734
95597
87745
81639
78616
73932
69892
67547
66966
66208
   711.49994   702.99994    -0.50000     1.00000     2.00000    18    50.0
LO MagPE 50.000KE/1  Ex=1486.599eV WF=4.000eV Ck=XL Det=MCD Ent=6x12mm Exit=4mm
53468
53392
53467
54759
54807
55877
55212
57079
58551
58569
56718
53654
51509
51329
51406
50619
49776
51123
