Fe on Ga203
  1123.99988  1113.99988    -0.50000     1.00000     2.00000    21    50.0
LO MagPE 50.000KE/1  Ex=1486.599eV WF=4.000eV Ck=XL Det=MCD Ent=6x12mm Exit=4mm
37643
38046
38550
39013
38988
39858
41306
43433
48147
54324
58175
58671
55158
50314
47605
44973
41764
39096
37133
36516
35491
   711.49994   702.99994    -0.50000     1.00000     2.00000    18    50.0
LO MagPE 50.000KE/1  Ex=1486.599eV WF=4.000eV Ck=XL Det=MCD Ent=6x12mm Exit=4mm
27670
27554
28088
28172
28915
28918
29926
30507
31582
31393
30495
28019
26418
25307
25197
24979
24761
24984
