Fe on Ga203
  1123.99988  1113.99988    -0.50000     1.00000     2.00000    21    50.0
LO MagPE 50.000KE/1  Ex=1486.599eV WF=4.000eV Ck=XL Det=MCD Ent=6x12mm Exit=4mm
28504
28142
29126
30146
31706
33169
36734
45174
55932
68168
79178
77191
64682
50635
42917
37875
33340
30607
28839
27864
27898
   711.49994   702.99994    -0.50000     1.00000     2.00000    18    50.0
LO MagPE 50.000KE/1  Ex=1486.599eV WF=4.000eV Ck=XL Det=MCD Ent=6x12mm Exit=4mm
27844
28067
28449
28746
29145
29743
31323
32986
34387
34282
31103
27437
25715
24795
23879
23013
22899
23026
