Fe on Ga203
  1123.99988  1113.99988    -0.50000     1.00000     2.00000    21    50.0
LO MagPE 50.000KE/1  Ex=1486.599eV WF=4.000eV Ck=XL Det=MCD Ent=6x12mm Exit=4mm
31834
33074
33056
34919
36946
38783
43907
51709
65717
82018
92720
88307
73135
57477
47863
42472
38082
35696
33165
32163
31416
   711.49994   702.99994    -0.50000     1.00000     2.00000    18    50.0
LO MagPE 50.000KE/1  Ex=1486.599eV WF=4.000eV Ck=XL Det=MCD Ent=6x12mm Exit=4mm
30930
31498
31752
32265
32652
34046
35082
35461
36305
36164
34356
30938
28332
28662
26951
28213
27618
26979
