Fe on Ga203
  1123.99988  1113.99988    -0.50000     1.00000     2.00000    21    50.0
LO MagPE 50.000KE/1  Ex=1486.599eV WF=4.000eV Ck=XL Det=MCD Ent=6x12mm Exit=4mm
59634
57277
57936
57817
59344
60817
65387
73549
79193
90636
100527
101490
91261
79945
73242
68090
62886
58071
55919
54100
54655
   711.49994   702.99994    -0.50000     1.00000     2.00000    18    50.0
LO MagPE 50.000KE/1  Ex=1486.599eV WF=4.000eV Ck=XL Det=MCD Ent=6x12mm Exit=4mm
47175
47459
48122
47774
47551
48476
49675
51074
52514
52912
50553
45919
43907
42595
42562
41216
42236
41864
