Fe on Ga203
  1123.99988  1113.99988    -0.50000     1.00000     2.00000    21    50.0
LO MagPE 50.000KE/1  Ex=1486.599eV WF=4.000eV Ck=XL Det=MCD Ent=6x12mm Exit=4mm
78243
79777
78652
79617
80631
81640
85418
92092
101626
113339
123993
125094
115896
103738
96203
91336
85847
81506
78630
78217
76402
   711.49994   702.99994    -0.50000     1.00000     2.00000    18    50.0
LO MagPE 50.000KE/1  Ex=1486.599eV WF=4.000eV Ck=XL Det=MCD Ent=6x12mm Exit=4mm
63071
62641
63892
64175
64385
65866
65968
67683
68462
68639
66528
63103
60518
59350
59139
59142
59211
58558
