Fe on Ga203
  1123.99988  1113.99988    -0.50000     1.00000     2.00000    21    50.0
LO MagPE 50.000KE/1  Ex=1486.599eV WF=4.000eV Ck=XL Det=MCD Ent=6x12mm Exit=4mm
28327
27739
28848
29684
30931
32670
37110
43615
56680
72235
84481
84015
69726
53911
43737
37358
32768
29967
29074
27388
26405
   711.49994   702.99994    -0.50000     1.00000     2.00000    18    50.0
LO MagPE 50.000KE/1  Ex=1486.599eV WF=4.000eV Ck=XL Det=MCD Ent=6x12mm Exit=4mm
24284
25264
26142
25210
26425
26844
28114
29018
31166
30435
27365
24025
22058
21582
20812
20967
20130
20312
