Fe on Ga203
  1123.99988  1113.99988    -0.50000     1.00000     2.00000    21    50.0
LO MagPE 50.000KE/1  Ex=1486.599eV WF=4.000eV Ck=XL Det=MCD Ent=6x12mm Exit=4mm
33285
33790
34863
36089
36780
40402
45233
54742
70078
90385
105196
101354
83050
64141
51813
45063
38939
36541
34490
32667
32629
   711.49994   702.99994    -0.50000     1.00000     2.00000    18    50.0
LO MagPE 50.000KE/1  Ex=1486.599eV WF=4.000eV Ck=XL Det=MCD Ent=6x12mm Exit=4mm
30045
30358
30792
30965
30861
31602
32067
33992
34619
35220
31832
29726
28261
26693
27183
26701
26077
26489
