Fe on Ga203
  1123.99988  1113.99988    -0.50000     1.00000     2.00000    21    50.0
LO MagPE 50.000KE/1  Ex=1486.599eV WF=4.000eV Ck=XL Det=MCD Ent=6x12mm Exit=4mm
67726
67590
67696
68945
69389
71385
74495
80673
89867
102187
112924
113871
104153
91372
82753
78676
72758
68215
66069
65236
65743
   711.49994   702.99994    -0.50000     1.00000     2.00000    18    50.0
LO MagPE 50.000KE/1  Ex=1486.599eV WF=4.000eV Ck=XL Det=MCD Ent=6x12mm Exit=4mm
54551
56039
55238
55370
55698
56962
57458
58948
61377
60398
58749
54717
52747
51044
50993
50648
49880
51588
