Fe on Ga203
  1123.99988  1113.99988    -0.50000     1.00000     2.00000    21    50.0
LO MagPE 50.000KE/1  Ex=1486.599eV WF=4.000eV Ck=XL Det=MCD Ent=6x12mm Exit=4mm
64715
64589
65341
64699
64834
65738
67510
69718
73072
77872
81839
82392
78868
75548
72628
70639
67741
65312
63959
62871
62653
   711.49994   702.99994    -0.50000     1.00000     2.00000    18    50.0
LO MagPE 50.000KE/1  Ex=1486.599eV WF=4.000eV Ck=XL Det=MCD Ent=6x12mm Exit=4mm
50037
49894
50634
50900
50329
51095
52145
52383
53549
53444
52333
50516
48543
48474
47918
47437
47455
48002
