Fe on Ga203
  1123.99988  1113.99988    -0.50000     1.00000     2.00000    21    50.0
LO MagPE 50.000KE/1  Ex=1486.599eV WF=4.000eV Ck=XL Det=MCD Ent=6x12mm Exit=4mm
52478
52396
52634
52529
52832
53491
53541
56433
59244
63160
66678
66882
64637
61086
58780
56680
53952
52374
51472
50933
50718
   711.49994   702.99994    -0.50000     1.00000     2.00000    18    50.0
LO MagPE 50.000KE/1  Ex=1486.599eV WF=4.000eV Ck=XL Det=MCD Ent=6x12mm Exit=4mm
40705
40586
41441
41455
42742
43044
44491
45587
47434
47829
45413
41130
38041
37268
36469
35907
36605
35867
