Fe on Ga203
  1123.99988  1113.99988    -0.50000     1.00000     2.00000    21    50.0
LO MagPE 50.000KE/1  Ex=1486.599eV WF=4.000eV Ck=XL Det=MCD Ent=6x12mm Exit=4mm
48309
48445
47701
48195
48373
49208
50571
52148
55627
60396
63184
64418
61349
57903
55057
52868
50499
48351
47084
46600
46562
   711.49994   702.99994    -0.50000     1.00000     2.00000    18    50.0
LO MagPE 50.000KE/1  Ex=1486.599eV WF=4.000eV Ck=XL Det=MCD Ent=6x12mm Exit=4mm
36403
36370
37503
37856
37861
38658
39309
41083
42416
42981
41213
37374
34508
33167
33153
32732
32165
32151
