Fe on Ga203
  1123.99988  1113.99988    -0.50000     1.00000     2.00000    21    50.0
LO MagPE 50.000KE/1  Ex=1486.599eV WF=4.000eV Ck=XL Det=MCD Ent=6x12mm Exit=4mm
47018
47485
47366
47619
48061
49335
50619
53538
58516
64065
69839
69883
65689
60386
56691
53978
50343
48378
46041
45793
45483
   711.49994   702.99994    -0.50000     1.00000     2.00000    18    50.0
LO MagPE 50.000KE/1  Ex=1486.599eV WF=4.000eV Ck=XL Det=MCD Ent=6x12mm Exit=4mm
38023
38494
38475
38548
38952
39772
40839
42272
43332
43665
41642
37505
35242
34529
34607
34550
33647
33932
