Fe on Ga203
  1123.99988  1113.99988    -0.50000     1.00000     2.00000    21    50.0
LO MagPE 50.000KE/1  Ex=1486.599eV WF=4.000eV Ck=XL Det=MCD Ent=6x12mm Exit=4mm
68057
67855
67767
69373
70085
72415
76226
83260
93520
106688
119204
121314
109324
94592
84021
78345
73291
69825
67626
66805
65460
   711.49994   702.99994    -0.50000     1.00000     2.00000    18    50.0
LO MagPE 50.000KE/1  Ex=1486.599eV WF=4.000eV Ck=XL Det=MCD Ent=6x12mm Exit=4mm
57060
57970
58382
58913
59612
61492
62624
64344
67055
67532
63381
56734
52236
50983
50625
49608
50634
50150
