Fe on Ga203
  1123.99988  1113.99988    -0.50000     1.00000     2.00000    21    50.0
LO MagPE 50.000KE/1  Ex=1486.599eV WF=4.000eV Ck=XL Det=MCD Ent=6x12mm Exit=4mm
34235
33898
34188
35622
36838
39016
43555
50823
64370
78294
87900
84402
70199
56270
46260
41119
36033
33603
31310
32077
31896
   711.49994   702.99994    -0.50000     1.00000     2.00000    18    50.0
LO MagPE 50.000KE/1  Ex=1486.599eV WF=4.000eV Ck=XL Det=MCD Ent=6x12mm Exit=4mm
29911
30698
31211
31607
32893
33239
34811
37791
37452
37421
34830
32436
29404
27886
27479
27512
27480
27108
