Fe on Ga203
  1123.99988  1113.99988    -0.50000     1.00000     2.00000    21    50.0
LO MagPE 50.000KE/1  Ex=1486.599eV WF=4.000eV Ck=XL Det=MCD Ent=6x12mm Exit=4mm
31407
32868
32738
34034
35955
38746
43296
51654
65410
82183
92966
89290
72765
57441
47188
40857
36137
32887
31160
31285
30493
   711.49994   702.99994    -0.50000     1.00000     2.00000    18    50.0
LO MagPE 50.000KE/1  Ex=1486.599eV WF=4.000eV Ck=XL Det=MCD Ent=6x12mm Exit=4mm
31961
31814
32586
32827
32281
33514
34156
34751
36168
35052
33534
31869
29188
28261
28373
28184
27502
28140
