Fe on Ga203
  1123.99988  1113.99988    -0.50000     1.00000     2.00000    21    50.0
LO MagPE 50.000KE/1  Ex=1486.599eV WF=4.000eV Ck=XL Det=MCD Ent=6x12mm Exit=4mm
69855
69903
70762
71056
73858
75686
79200
89319
101928
118836
134408
133437
117884
101089
89011
82800
75833
71378
68580
66791
66916
   711.49994   702.99994    -0.50000     1.00000     2.00000    18    50.0
LO MagPE 50.000KE/1  Ex=1486.599eV WF=4.000eV Ck=XL Det=MCD Ent=6x12mm Exit=4mm
59057
59774
59700
60798
61330
62308
64345
66580
69255
69453
64899
59841
55143
52744
52904
52958
52014
52010
