Fe on Ga203
  1123.99988  1113.99988    -0.50000     1.00000     2.00000    21    50.0
LO MagPE 50.000KE/1  Ex=1486.599eV WF=4.000eV Ck=XL Det=MCD Ent=6x12mm Exit=4mm
49143
49919
50141
50250
51094
51323
53478
56457
61097
68949
74655
74869
70388
63361
60402
56440
53934
50953
49176
48436
47764
   711.49994   702.99994    -0.50000     1.00000     2.00000    18    50.0
LO MagPE 50.000KE/1  Ex=1486.599eV WF=4.000eV Ck=XL Det=MCD Ent=6x12mm Exit=4mm
38182
38902
39246
38959
39812
40442
40925
42421
43338
43081
42176
39196
37200
36017
35870
35473
35095
34997
