Fe on Ga203
  1123.99988  1113.99988    -0.50000     1.00000     2.00000    21    50.0
LO MagPE 50.000KE/1  Ex=1486.599eV WF=4.000eV Ck=XL Det=MCD Ent=6x12mm Exit=4mm
92096
92975
93314
94345
96488
100402
106349
120661
139373
165778
184413
182837
160158
135135
118256
108893
100718
93143
91611
90305
88008
   711.49994   702.99994    -0.50000     1.00000     2.00000    18    50.0
LO MagPE 50.000KE/1  Ex=1486.599eV WF=4.000eV Ck=XL Det=MCD Ent=6x12mm Exit=4mm
73291
73487
73703
73341
75718
75697
76639
78767
79937
79818
77454
72058
69906
69106
66963
67268
65755
68914
