Fe on Ga203
  1123.99988  1113.99988    -0.50000     1.00000     2.00000    21    50.0
LO MagPE 50.000KE/1  Ex=1486.599eV WF=4.000eV Ck=XL Det=MCD Ent=6x12mm Exit=4mm
33682
33376
33361
34800
36723
40358
45089
54894
70804
91345
105041
101305
83100
64369
51902
44328
39567
35494
33858
33626
32050
   711.49994   702.99994    -0.50000     1.00000     2.00000    18    50.0
LO MagPE 50.000KE/1  Ex=1486.599eV WF=4.000eV Ck=XL Det=MCD Ent=6x12mm Exit=4mm
30718
32423
32051
33498
32828
33447
35035
36179
37860
36899
34480
31379
29150
29116
27276
28104
27840
28138
