Fe on Ga203
  1123.99988  1113.99988    -0.50000     1.00000     2.00000    21    50.0
LO MagPE 50.000KE/1  Ex=1486.599eV WF=4.000eV Ck=XL Det=MCD Ent=6x12mm Exit=4mm
33419
34431
34490
35943
37439
41457
46027
56739
72720
93033
108467
107013
87828
66023
52509
44663
39833
35537
33427
32685
31925
   711.49994   702.99994    -0.50000     1.00000     2.00000    18    50.0
LO MagPE 50.000KE/1  Ex=1486.599eV WF=4.000eV Ck=XL Det=MCD Ent=6x12mm Exit=4mm
30655
30826
31303
31446
32120
32660
33420
35239
35047
35647
33090
29811
28126
28083
27787
26975
27080
27041
