Fe on Ga203
  1123.99988  1113.99988    -0.50000     1.00000     2.00000    21    50.0
LO MagPE 50.000KE/1  Ex=1486.599eV WF=4.000eV Ck=XL Det=MCD Ent=6x12mm Exit=4mm
33187
32946
33454
34035
35556
39054
43633
53077
67979
83753
95459
92141
75044
57315
49804
42121
36798
34505
32549
31656
30821
   711.49994   702.99994    -0.50000     1.00000     2.00000    18    50.0
LO MagPE 50.000KE/1  Ex=1486.599eV WF=4.000eV Ck=XL Det=MCD Ent=6x12mm Exit=4mm
32125
31307
32198
33493
33270
34723
35911
36662
37346
37306
34905
30923
28487
28649
27117
26416
27793
27154
