Fe on Ga203
  1123.99988  1113.99988    -0.50000     1.00000     2.00000    21    50.0
LO MagPE 50.000KE/1  Ex=1486.599eV WF=4.000eV Ck=XL Det=MCD Ent=6x12mm Exit=4mm
36219
37136
36971
37117
39063
41752
46936
57556
70810
87967
101063
96629
79852
61700
51097
45410
40229
35827
34035
33231
33099
   711.49994   702.99994    -0.50000     1.00000     2.00000    18    50.0
LO MagPE 50.000KE/1  Ex=1486.599eV WF=4.000eV Ck=XL Det=MCD Ent=6x12mm Exit=4mm
32950
33256
34486
34562
35344
35416
37698
38843
41145
40820
38149
34317
31748
31468
29342
30884
29511
30130
