Fe on Ga203
  1123.99988  1113.99988    -0.50000     1.00000     2.00000    21    50.0
LO MagPE 50.000KE/1  Ex=1486.599eV WF=4.000eV Ck=XL Det=MCD Ent=6x12mm Exit=4mm
86527
86461
87972
88293
89787
91855
97098
105305
119183
138484
154257
155068
139470
120524
107879
101415
93582
90211
86971
85286
83699
   711.49994   702.99994    -0.50000     1.00000     2.00000    18    50.0
LO MagPE 50.000KE/1  Ex=1486.599eV WF=4.000eV Ck=XL Det=MCD Ent=6x12mm Exit=4mm
66699
67092
67279
66677
68092
70121
71617
72593
74388
74741
70839
67342
64102
62716
62572
61889
61304
62345
