Fe on Ga203
  1123.99988  1113.99988    -0.50000     1.00000     2.00000    21    50.0
LO MagPE 50.000KE/1  Ex=1486.599eV WF=4.000eV Ck=XL Det=MCD Ent=6x12mm Exit=4mm
66968
66875
67441
67750
69171
69875
71433
75015
80793
88350
95196
94421
90428
82991
79065
75772
72043
68728
66201
66056
65084
   711.49994   702.99994    -0.50000     1.00000     2.00000    18    50.0
LO MagPE 50.000KE/1  Ex=1486.599eV WF=4.000eV Ck=XL Det=MCD Ent=6x12mm Exit=4mm
51118
51372
50919
52037
51865
52961
53881
54476
55445
55256
54201
51310
49535
49088
48386
47474
47921
47491
