Fe on Ga203
  1123.99988  1113.99988    -0.50000     1.00000     2.00000    21    50.0
LO MagPE 50.000KE/1  Ex=1486.599eV WF=4.000eV Ck=XL Det=MCD Ent=6x12mm Exit=4mm
29800
30510
31214
31438
32690
34884
36824
42022
49510
61953
70326
69202
61859
50924
41663
37312
34346
32578
31816
30906
30127
   711.49994   702.99994    -0.50000     1.00000     2.00000    18    50.0
LO MagPE 50.000KE/1  Ex=1486.599eV WF=4.000eV Ck=XL Det=MCD Ent=6x12mm Exit=4mm
30046
28684
29513
28574
29419
31204
33043
34129
36488
34385
32246
28095
26356
24077
22987
22055
22563
21926
