Fe on Ga203
  1123.99988  1113.99988    -0.50000     1.00000     2.00000    21    50.0
LO MagPE 50.000KE/1  Ex=1486.599eV WF=4.000eV Ck=XL Det=MCD Ent=6x12mm Exit=4mm
85948
83499
83682
87260
88042
93853
102189
114623
141335
175320
195570
194847
167316
135892
116621
102040
93201
88088
83105
81840
80185
   711.49994   702.99994    -0.50000     1.00000     2.00000    18    50.0
LO MagPE 50.000KE/1  Ex=1486.599eV WF=4.000eV Ck=XL Det=MCD Ent=6x12mm Exit=4mm
76366
77375
78261
78922
78604
82393
83889
83751
85368
87456
84238
78496
74074
72517
69682
67930
67128
68568
