Fe on Ga203
  1123.99988  1113.99988    -0.50000     1.00000     2.00000    21    50.0
LO MagPE 50.000KE/1  Ex=1486.599eV WF=4.000eV Ck=XL Det=MCD Ent=6x12mm Exit=4mm
31511
32388
34087
33781
35935
37332
43223
50122
61550
76982
86057
82822
68859
54496
46175
40550
36884
33949
32110
31425
31047
   711.49994   702.99994    -0.50000     1.00000     2.00000    18    50.0
LO MagPE 50.000KE/1  Ex=1486.599eV WF=4.000eV Ck=XL Det=MCD Ent=6x12mm Exit=4mm
31948
32008
32123
33104
32895
33176
35085
36579
37046
36833
34891
30842
28472
28151
28058
27455
27163
26838
