Fe on Ga203
  1123.99988  1113.99988    -0.50000     1.00000     2.00000    21    50.0
LO MagPE 50.000KE/1  Ex=1486.599eV WF=4.000eV Ck=XL Det=MCD Ent=6x12mm Exit=4mm
27163
27125
27676
27705
28882
30375
33595
39699
49455
60757
71577
71410
59232
46502
38557
33532
30126
28085
26738
26247
25264
   711.49994   702.99994    -0.50000     1.00000     2.00000    18    50.0
LO MagPE 50.000KE/1  Ex=1486.599eV WF=4.000eV Ck=XL Det=MCD Ent=6x12mm Exit=4mm
23278
23290
23816
24093
24992
25913
25926
27712
29252
28050
25600
22661
20866
20032
19628
19324
18946
19156
