Fe on Ga203
  1123.99988  1113.99988    -0.50000     1.00000     2.00000    21    50.0
LO MagPE 50.000KE/1  Ex=1486.599eV WF=4.000eV Ck=XL Det=MCD Ent=6x12mm Exit=4mm
27941
28905
29790
30108
31778
34132
37575
43501
53831
66282
76805
75708
64379
50784
41859
37235
33176
29971
29211
28437
27995
   711.49994   702.99994    -0.50000     1.00000     2.00000    18    50.0
LO MagPE 50.000KE/1  Ex=1486.599eV WF=4.000eV Ck=XL Det=MCD Ent=6x12mm Exit=4mm
26172
26024
26297
26695
27372
28455
29580
30059
31420
31127
27688
24746
23248
22363
21036
21723
20510
21051
