Fe on Ga203
  1123.99988  1113.99988    -0.50000     1.00000     2.00000    21    50.0
LO MagPE 50.000KE/1  Ex=1486.599eV WF=4.000eV Ck=XL Det=MCD Ent=6x12mm Exit=4mm
94639
94264
96364
97514
97728
102785
107820
119505
137785
158853
177193
177250
157536
135319
120711
111551
104026
98203
95007
92440
92838
   711.49994   702.99994    -0.50000     1.00000     2.00000    18    50.0
LO MagPE 50.000KE/1  Ex=1486.599eV WF=4.000eV Ck=XL Det=MCD Ent=6x12mm Exit=4mm
76163
77863
78644
78535
78720
80279
81160
82702
83865
84557
81100
75372
71161
71059
70228
69846
69540
68149
