Fe on Ga203
  1123.99988  1113.99988    -0.50000     1.00000     2.00000    21    50.0
LO MagPE 50.000KE/1  Ex=1486.599eV WF=4.000eV Ck=XL Det=MCD Ent=6x12mm Exit=4mm
64784
64333
65292
64868
65574
65943
67227
69064
72388
78319
81987
82914
79244
75056
72589
69860
67231
64809
63287
62712
61920
   711.49994   702.99994    -0.50000     1.00000     2.00000    18    50.0
LO MagPE 50.000KE/1  Ex=1486.599eV WF=4.000eV Ck=XL Det=MCD Ent=6x12mm Exit=4mm
48374
48962
48081
48909
49546
49401
49986
51184
52463
52411
51411
49118
46798
46605
46703
45726
45503
45803
