Fe on Ga203
  1123.99988  1113.99988    -0.50000     1.00000     2.00000    21    50.0
LO MagPE 50.000KE/1  Ex=1486.599eV WF=4.000eV Ck=XL Det=MCD Ent=6x12mm Exit=4mm
65055
65518
65528
66107
66794
67353
69997
74455
82025
91911
98723
100535
93154
85332
78683
73708
69870
65961
63413
62818
62321
   711.49994   702.99994    -0.50000     1.00000     2.00000    18    50.0
LO MagPE 50.000KE/1  Ex=1486.599eV WF=4.000eV Ck=XL Det=MCD Ent=6x12mm Exit=4mm
49566
50422
50177
51807
51374
52088
52614
53487
54118
55490
52862
50640
48568
47317
47549
47723
46445
46782
