Fe on Ga203
  1123.99988  1113.99988    -0.50000     1.00000     2.00000    21    50.0
LO MagPE 50.000KE/1  Ex=1486.599eV WF=4.000eV Ck=XL Det=MCD Ent=6x12mm Exit=4mm
42776
42858
43413
42604
43502
44097
45019
46834
51697
57108
61056
62352
57862
52142
49748
47260
45114
42458
41138
40325
40150
   711.49994   702.99994    -0.50000     1.00000     2.00000    18    50.0
LO MagPE 50.000KE/1  Ex=1486.599eV WF=4.000eV Ck=XL Det=MCD Ent=6x12mm Exit=4mm
32999
33144
33137
33750
34130
34475
35580
37075
38116
38704
37057
34334
31328
30029
29290
29090
29490
29174
