Fe on Ga203
  1123.99988  1113.99988    -0.50000     1.00000     2.00000    21    50.0
LO MagPE 50.000KE/1  Ex=1486.599eV WF=4.000eV Ck=XL Det=MCD Ent=6x12mm Exit=4mm
69426
70073
71310
72261
73864
76295
81917
92174
107516
126179
141738
141314
123666
104963
92514
83677
77796
71123
68843
67318
65300
   711.49994   702.99994    -0.50000     1.00000     2.00000    18    50.0
LO MagPE 50.000KE/1  Ex=1486.599eV WF=4.000eV Ck=XL Det=MCD Ent=6x12mm Exit=4mm
58317
59526
59838
60388
60564
62035
63533
65482
66798
68030
63828
58926
54675
53268
53537
53700
53058
52810
