Fe on Ga203
  1123.99988  1113.99988    -0.50000     1.00000     2.00000    21    50.0
LO MagPE 50.000KE/1  Ex=1486.599eV WF=4.000eV Ck=XL Det=MCD Ent=6x12mm Exit=4mm
31485
33120
33263
33325
34220
36598
39325
44538
55874
71287
81489
79609
67554
54808
45945
40154
36902
33819
31295
31510
31169
   711.49994   702.99994    -0.50000     1.00000     2.00000    18    50.0
LO MagPE 50.000KE/1  Ex=1486.599eV WF=4.000eV Ck=XL Det=MCD Ent=6x12mm Exit=4mm
27169
27931
28749
28677
28732
29305
30419
31902
31041
31349
31819
29695
26225
25987
25241
25813
24876
23783
