Fe on Ga203
  1123.99988  1113.99988    -0.50000     1.00000     2.00000    21    50.0
LO MagPE 50.000KE/1  Ex=1486.599eV WF=4.000eV Ck=XL Det=MCD Ent=6x12mm Exit=4mm
91813
93041
95052
94072
95590
96383
101790
112105
129623
154486
175530
176118
158606
134038
120269
114559
104229
101149
94697
97733
96517
   711.49994   702.99994    -0.50000     1.00000     2.00000    18    50.0
LO MagPE 50.000KE/1  Ex=1486.599eV WF=4.000eV Ck=XL Det=MCD Ent=6x12mm Exit=4mm
80161
79676
80523
82089
83628
90727
94617
99088
101276
99772
89635
80615
74271
71140
70203
69570
68605
70560
