Fe on Ga203
  1123.99988  1113.99988    -0.50000     1.00000     2.00000    21    50.0
LO MagPE 50.000KE/1  Ex=1486.599eV WF=4.000eV Ck=XL Det=MCD Ent=6x12mm Exit=4mm
43761
44309
44101
44058
45278
45738
47970
51118
56681
63756
70385
71333
65640
59220
54354
52360
48416
44787
42966
42006
41830
   711.49994   702.99994    -0.50000     1.00000     2.00000    18    50.0
LO MagPE 50.000KE/1  Ex=1486.599eV WF=4.000eV Ck=XL Det=MCD Ent=6x12mm Exit=4mm
31870
31186
31755
32337
32479
33063
34281
34886
35765
35823
34956
32371
30232
29526
29398
28973
28538
29089
