Fe on Ga203
  1123.99988  1113.99988    -0.50000     1.00000     2.00000    21    50.0
LO MagPE 50.000KE/1  Ex=1486.599eV WF=4.000eV Ck=XL Det=MCD Ent=6x12mm Exit=4mm
100601
102639
104232
106006
109504
112217
121186
133725
156232
182909
198884
199536
175187
152659
136464
125032
114601
107262
103685
101048
100792
   711.49994   702.99994    -0.50000     1.00000     2.00000    18    50.0
LO MagPE 50.000KE/1  Ex=1486.599eV WF=4.000eV Ck=XL Det=MCD Ent=6x12mm Exit=4mm
84931
83588
84797
83790
85887
87127
88697
92211
93826
94123
89329
82848
80488
78033
77594
75966
75047
74224
