Fe on Ga203
  1123.99988  1113.99988    -0.50000     1.00000     2.00000    21    50.0
LO MagPE 50.000KE/1  Ex=1486.599eV WF=4.000eV Ck=XL Det=MCD Ent=6x12mm Exit=4mm
34009
34122
35601
35861
37982
40809
46294
56789
73213
92131
107116
105302
86382
65115
51799
45816
39858
36420
35182
32564
32715
   711.49994   702.99994    -0.50000     1.00000     2.00000    18    50.0
LO MagPE 50.000KE/1  Ex=1486.599eV WF=4.000eV Ck=XL Det=MCD Ent=6x12mm Exit=4mm
29921
30633
30458
30590
31840
31658
32494
33169
33913
34844
32137
29670
28047
26856
26578
26094
27185
26503
