Fe on Ga203
  1123.99988  1113.99988    -0.50000     1.00000     2.00000    21    50.0
LO MagPE 50.000KE/1  Ex=1486.599eV WF=4.000eV Ck=XL Det=MCD Ent=6x12mm Exit=4mm
60830
61349
62005
62316
63504
65795
69577
76322
87802
102585
114724
114800
103296
89177
80170
73412
67451
62729
60846
59005
58748
   711.49994   702.99994    -0.50000     1.00000     2.00000    18    50.0
LO MagPE 50.000KE/1  Ex=1486.599eV WF=4.000eV Ck=XL Det=MCD Ent=6x12mm Exit=4mm
52142
53484
53851
53859
54609
55078
56806
58592
61309
60089
58345
53026
49338
48082
47527
46176
46653
46415
