Fe on Ga203
  1123.99988  1113.99988    -0.50000     1.00000     2.00000    21    50.0
LO MagPE 50.000KE/1  Ex=1486.599eV WF=4.000eV Ck=XL Det=MCD Ent=6x12mm Exit=4mm
40158
40052
40252
40310
41462
42434
43214
46047
51488
58049
63464
64022
58525
53839
50695
47395
44209
40916
38912
38074
38344
   711.49994   702.99994    -0.50000     1.00000     2.00000    18    50.0
LO MagPE 50.000KE/1  Ex=1486.599eV WF=4.000eV Ck=XL Det=MCD Ent=6x12mm Exit=4mm
28645
29101
28919
29926
30238
30446
30657
31466
32596
32715
31733
29307
27492
26734
26328
26215
26149
25839
