Fe on Ga203
  1123.99988  1113.99988    -0.50000     1.00000     2.00000    21    50.0
LO MagPE 50.000KE/1  Ex=1486.599eV WF=4.000eV Ck=XL Det=MCD Ent=6x12mm Exit=4mm
55568
56626
57423
57652
58617
59641
62999
69573
77966
90678
99543
100554
91390
79429
72256
67055
61880
58225
56335
54686
54266
   711.49994   702.99994    -0.50000     1.00000     2.00000    18    50.0
LO MagPE 50.000KE/1  Ex=1486.599eV WF=4.000eV Ck=XL Det=MCD Ent=6x12mm Exit=4mm
45909
46323
47867
47198
48342
47762
49812
51525
53367
52032
50098
47093
43865
42960
42929
41875
41523
41653
