Fe on Ga203
  1123.99988  1113.99988    -0.50000     1.00000     2.00000    21    50.0
LO MagPE 50.000KE/1  Ex=1486.599eV WF=4.000eV Ck=XL Det=MCD Ent=6x12mm Exit=4mm
67068
66831
67255
67887
69088
70795
72876
79062
87328
99230
109249
109857
100530
89074
82008
75726
71329
67991
65933
63498
63545
   711.49994   702.99994    -0.50000     1.00000     2.00000    18    50.0
LO MagPE 50.000KE/1  Ex=1486.599eV WF=4.000eV Ck=XL Det=MCD Ent=6x12mm Exit=4mm
53276
53681
54555
54398
55630
55309
56203
58122
58789
59642
56762
53154
51807
49851
49765
50143
49665
49648
