Fe on Ga203
  1123.99988  1113.99988    -0.50000     1.00000     2.00000    21    50.0
LO MagPE 50.000KE/1  Ex=1486.599eV WF=4.000eV Ck=XL Det=MCD Ent=6x12mm Exit=4mm
25991
27185
27317
27836
28497
29536
32340
37355
45296
55229
62063
61064
52186
43086
36487
32542
30541
28152
27128
25668
25994
   711.49994   702.99994    -0.50000     1.00000     2.00000    18    50.0
LO MagPE 50.000KE/1  Ex=1486.599eV WF=4.000eV Ck=XL Det=MCD Ent=6x12mm Exit=4mm
25883
25791
26608
26606
27810
28226
29838
31387
32675
32519
28943
25193
22909
21663
21449
21320
21596
21047
