Fe on Ga203
  1123.99988  1113.99988    -0.50000     1.00000     2.00000    21    50.0
LO MagPE 50.000KE/1  Ex=1486.599eV WF=4.000eV Ck=XL Det=MCD Ent=6x12mm Exit=4mm
83283
82552
83036
83199
84194
85988
88556
92313
98582
107959
114024
114667
107697
99821
94501
90827
87189
84591
82895
82263
82421
   711.49994   702.99994    -0.50000     1.00000     2.00000    18    50.0
LO MagPE 50.000KE/1  Ex=1486.599eV WF=4.000eV Ck=XL Det=MCD Ent=6x12mm Exit=4mm
67714
68204
68188
69129
71445
72994
74833
77118
78242
79090
73194
67131
61220
61121
59986
59610
58373
59027
