Fe on Ga203
  1123.99988  1113.99988    -0.50000     1.00000     2.00000    21    50.0
LO MagPE 50.000KE/1  Ex=1486.599eV WF=4.000eV Ck=XL Det=MCD Ent=6x12mm Exit=4mm
34688
36017
37435
38343
39647
43181
47786
58192
76084
94854
108671
107943
87357
66879
54782
47259
41495
37761
36078
34888
33382
   711.49994   702.99994    -0.50000     1.00000     2.00000    18    50.0
LO MagPE 50.000KE/1  Ex=1486.599eV WF=4.000eV Ck=XL Det=MCD Ent=6x12mm Exit=4mm
32178
31268
31757
31030
32347
32912
34875
37095
37534
37503
35776
32095
29621
29454
27559
28244
27769
27801
