Fe on Ga203
  1123.99988  1113.99988    -0.50000     1.00000     2.00000    21    50.0
LO MagPE 50.000KE/1  Ex=1486.599eV WF=4.000eV Ck=XL Det=MCD Ent=6x12mm Exit=4mm
81717
83337
83258
84036
86811
88381
93651
102400
116763
136630
153400
153677
137153
118491
106285
97246
91526
85136
82658
80988
79264
   711.49994   702.99994    -0.50000     1.00000     2.00000    18    50.0
LO MagPE 50.000KE/1  Ex=1486.599eV WF=4.000eV Ck=XL Det=MCD Ent=6x12mm Exit=4mm
65433
65036
65623
66711
66173
67383
68696
71248
72325
72333
69825
64921
61438
59579
59783
59105
59245
59425
