Fe on Ga203
  1123.99988  1113.99988    -0.50000     1.00000     2.00000    21    50.0
LO MagPE 50.000KE/1  Ex=1486.599eV WF=4.000eV Ck=XL Det=MCD Ent=6x12mm Exit=4mm
27748
28395
28783
28888
30425
33058
36369
44298
55239
70691
82462
82814
69331
52670
43793
36754
32468
30218
28480
27250
26912
   711.49994   702.99994    -0.50000     1.00000     2.00000    18    50.0
LO MagPE 50.000KE/1  Ex=1486.599eV WF=4.000eV Ck=XL Det=MCD Ent=6x12mm Exit=4mm
24624
24519
26046
25812
26151
27719
28488
30200
31383
30551
28414
24851
22679
21040
20502
21124
20700
20551
