Fe on Ga203
  1123.99988  1113.99988    -0.50000     1.00000     2.00000    21    50.0
LO MagPE 50.000KE/1  Ex=1486.599eV WF=4.000eV Ck=XL Det=MCD Ent=6x12mm Exit=4mm
32752
33919
34001
34816
36658
39514
43191
49236
61233
76656
86245
84030
72931
58451
48708
43111
38310
36055
34999
33735
33482
   711.49994   702.99994    -0.50000     1.00000     2.00000    18    50.0
LO MagPE 50.000KE/1  Ex=1486.599eV WF=4.000eV Ck=XL Det=MCD Ent=6x12mm Exit=4mm
30710
30416
30299
29627
31298
30651
30231
31704
33591
32230
29832
29321
27722
25789
25726
26177
26580
26386
