Fe on Ga203
  1123.99988  1113.99988    -0.50000     1.00000     2.00000    21    50.0
LO MagPE 50.000KE/1  Ex=1486.599eV WF=4.000eV Ck=XL Det=MCD Ent=6x12mm Exit=4mm
32594
33289
33463
35056
37164
40892
47002
57603
75455
97429
112254
108282
89087
65860
53260
44995
39278
35644
32502
31772
31312
   711.49994   702.99994    -0.50000     1.00000     2.00000    18    50.0
LO MagPE 50.000KE/1  Ex=1486.599eV WF=4.000eV Ck=XL Det=MCD Ent=6x12mm Exit=4mm
32116
31414
32281
33283
33023
33366
35304
36404
37848
37616
34554
31407
28681
27739
27682
26848
26934
26588
