Fe on Ga203
  1123.99988  1113.99988    -0.50000     1.00000     2.00000    21    50.0
LO MagPE 50.000KE/1  Ex=1486.599eV WF=4.000eV Ck=XL Det=MCD Ent=6x12mm Exit=4mm
77333
78523
79760
80235
82142
83956
88073
97385
109297
126463
139928
139001
125498
108651
99268
90834
85706
81138
78354
77359
76189
   711.49994   702.99994    -0.50000     1.00000     2.00000    18    50.0
LO MagPE 50.000KE/1  Ex=1486.599eV WF=4.000eV Ck=XL Det=MCD Ent=6x12mm Exit=4mm
67899
67805
67299
69827
69663
71392
73480
77571
80465
78780
73251
66819
62644
58973
58864
58112
58561
57589
