Fe on Ga203
  1123.99988  1113.99988    -0.50000     1.00000     2.00000    21    50.0
LO MagPE 50.000KE/1  Ex=1486.599eV WF=4.000eV Ck=XL Det=MCD Ent=6x12mm Exit=4mm
31435
32720
32096
32804
34579
36220
39318
44663
56498
68307
75340
75110
63913
50762
43408
38551
34441
31442
29897
29925
29095
   711.49994   702.99994    -0.50000     1.00000     2.00000    18    50.0
LO MagPE 50.000KE/1  Ex=1486.599eV WF=4.000eV Ck=XL Det=MCD Ent=6x12mm Exit=4mm
28220
28870
29008
29382
30302
30261
32280
31569
34089
34527
31729
27930
26830
26324
25153
24774
25275
24551
