Fe on Ga203
  1123.99988  1113.99988    -0.50000     1.00000     2.00000    21    50.0
LO MagPE 50.000KE/1  Ex=1486.599eV WF=4.000eV Ck=XL Det=MCD Ent=6x12mm Exit=4mm
55956
56260
55524
56491
56942
57500
58732
61119
65604
71161
75362
76559
72598
67421
64322
61946
58898
56914
54793
54363
54376
   711.49994   702.99994    -0.50000     1.00000     2.00000    18    50.0
LO MagPE 50.000KE/1  Ex=1486.599eV WF=4.000eV Ck=XL Det=MCD Ent=6x12mm Exit=4mm
44382
44219
44773
45274
45720
46559
47989
49430
51678
51639
48901
44065
40967
40062
39005
38576
38587
38716
