Fe on Ga203
  1123.99988  1113.99988    -0.50000     1.00000     2.00000    21    50.0
LO MagPE 50.000KE/1  Ex=1486.599eV WF=4.000eV Ck=XL Det=MCD Ent=6x12mm Exit=4mm
31382
31442
32618
32938
33170
38202
40443
46286
59554
72038
80920
80352
65998
53914
44321
39110
35149
31759
30937
29781
29630
   711.49994   702.99994    -0.50000     1.00000     2.00000    18    50.0
LO MagPE 50.000KE/1  Ex=1486.599eV WF=4.000eV Ck=XL Det=MCD Ent=6x12mm Exit=4mm
28077
28654
28822
30001
30408
32581
32964
33612
35999
35344
32878
29907
26709
26355
26902
24511
24883
25214
