Fe on Ga203
  1123.99988  1113.99988    -0.50000     1.00000     2.00000    21    50.0
LO MagPE 50.000KE/1  Ex=1486.599eV WF=4.000eV Ck=XL Det=MCD Ent=6x12mm Exit=4mm
68780
68864
69818
70422
71798
74787
78682
86427
100251
116498
129940
130542
118182
98215
88474
81180
74652
71629
68060
66884
66072
   711.49994   702.99994    -0.50000     1.00000     2.00000    18    50.0
LO MagPE 50.000KE/1  Ex=1486.599eV WF=4.000eV Ck=XL Det=MCD Ent=6x12mm Exit=4mm
58499
59652
60570
59722
61043
62643
64039
67380
68191
69188
65313
59574
55095
53434
52346
52025
51914
51990
