Fe on Ga203
  1123.99988  1113.99988    -0.50000     1.00000     2.00000    21    50.0
LO MagPE 50.000KE/1  Ex=1486.599eV WF=4.000eV Ck=XL Det=MCD Ent=6x12mm Exit=4mm
90653
90832
90918
93802
96612
100050
105663
119409
139696
166363
185937
183563
162031
137111
120228
109084
101511
94611
91505
86238
84367
   711.49994   702.99994    -0.50000     1.00000     2.00000    18    50.0
LO MagPE 50.000KE/1  Ex=1486.599eV WF=4.000eV Ck=XL Det=MCD Ent=6x12mm Exit=4mm
81081
82474
82559
83366
83397
85457
88732
90792
94226
92622
88955
81670
76036
74512
73309
73880
71441
70480
