Fe on Ga203
  1123.99988  1113.99988    -0.50000     1.00000     2.00000    21    50.0
LO MagPE 50.000KE/1  Ex=1486.599eV WF=4.000eV Ck=XL Det=MCD Ent=6x12mm Exit=4mm
28167
27798
28817
29546
30948
31733
35700
41648
51340
64313
72768
71137
60445
48702
40422
36022
31692
29579
28861
27796
26742
   711.49994   702.99994    -0.50000     1.00000     2.00000    18    50.0
LO MagPE 50.000KE/1  Ex=1486.599eV WF=4.000eV Ck=XL Det=MCD Ent=6x12mm Exit=4mm
26482
27228
26713
27117
27421
28503
29716
31556
32044
32110
28993
25991
23513
23165
22393
21925
21508
21839
