Fe on Ga203
  1123.99988  1113.99988    -0.50000     1.00000     2.00000    21    50.0
LO MagPE 50.000KE/1  Ex=1486.599eV WF=4.000eV Ck=XL Det=MCD Ent=6x12mm Exit=4mm
90863
90298
92674
94452
96443
98580
103246
114255
132651
156700
176331
179836
157601
134111
118612
109715
100835
94173
92300
90594
89292
   711.49994   702.99994    -0.50000     1.00000     2.00000    18    50.0
LO MagPE 50.000KE/1  Ex=1486.599eV WF=4.000eV Ck=XL Det=MCD Ent=6x12mm Exit=4mm
87018
82826
89808
84526
84780
86776
89203
96038
93323
94000
88428
80580
74884
72629
70551
71018
69715
70480
