Fe on Ga203
  1123.99988  1113.99988    -0.50000     1.00000     2.00000    21    50.0
LO MagPE 50.000KE/1  Ex=1486.599eV WF=4.000eV Ck=XL Det=MCD Ent=6x12mm Exit=4mm
29921
30193
30353
31075
33665
34585
39494
45385
57893
70581
82003
83092
69311
54045
44416
38797
34020
31586
30845
29294
28992
   711.49994   702.99994    -0.50000     1.00000     2.00000    18    50.0
LO MagPE 50.000KE/1  Ex=1486.599eV WF=4.000eV Ck=XL Det=MCD Ent=6x12mm Exit=4mm
27262
26547
27923
27999
28708
28403
30488
31134
33013
31374
29675
25368
23543
22470
22613
23190
22261
21729
