Fe on Ga203
  1123.99988  1113.99988    -0.50000     1.00000     2.00000    21    50.0
LO MagPE 50.000KE/1  Ex=1486.599eV WF=4.000eV Ck=XL Det=MCD Ent=6x12mm Exit=4mm
70702
70900
70929
70832
71719
72027
73275
75794
79010
84858
88554
89325
84244
80163
76943
75055
73258
70186
69757
68453
68180
   711.49994   702.99994    -0.50000     1.00000     2.00000    18    50.0
LO MagPE 50.000KE/1  Ex=1486.599eV WF=4.000eV Ck=XL Det=MCD Ent=6x12mm Exit=4mm
56799
58213
58385
59187
59571
60915
61981
64465
66117
66203
62685
57840
53763
53507
51813
51943
51834
51485
