Fe on Ga203
  1123.99988  1113.99988    -0.50000     1.00000     2.00000    21    50.0
LO MagPE 50.000KE/1  Ex=1486.599eV WF=4.000eV Ck=XL Det=MCD Ent=6x12mm Exit=4mm
33042
33835
34520
36106
37397
40888
45660
55835
71256
108264
106534
104023
97291
64115
51414
44418
39275
45010
34109
32363
32242
   711.49994   702.99994    -0.50000     1.00000     2.00000    18    50.0
LO MagPE 50.000KE/1  Ex=1486.599eV WF=4.000eV Ck=XL Det=MCD Ent=6x12mm Exit=4mm
31896
32824
32923
33276
33970
34323
35623
37676
38793
38220
35097
30933
30087
27804
28258
28255
28023
27044
