Fe on Ga203
  1123.99988  1113.99988    -0.50000     1.00000     2.00000    21    50.0
LO MagPE 50.000KE/1  Ex=1486.599eV WF=4.000eV Ck=XL Det=MCD Ent=6x12mm Exit=4mm
31619
31711
32095
31737
33014
34834
38541
46482
58114
71890
81118
80253
65210
50164
42173
37158
33841
32018
30133
29246
28410
   711.49994   702.99994    -0.50000     1.00000     2.00000    18    50.0
LO MagPE 50.000KE/1  Ex=1486.599eV WF=4.000eV Ck=XL Det=MCD Ent=6x12mm Exit=4mm
29590
29557
30460
29466
29901
30899
33236
34705
35804
34521
33736
30622
27698
26482
26413
25697
25732
26838
