Fe on Ga203
  1123.99988  1113.99988    -0.50000     1.00000     2.00000    21    50.0
LO MagPE 50.000KE/1  Ex=1486.599eV WF=4.000eV Ck=XL Det=MCD Ent=6x12mm Exit=4mm
30987
32243
32939
33489
34736
36845
40521
48436
60190
73909
82644
80918
66976
53642
44859
40374
36413
33599
31681
31804
31114
   711.49994   702.99994    -0.50000     1.00000     2.00000    18    50.0
LO MagPE 50.000KE/1  Ex=1486.599eV WF=4.000eV Ck=XL Det=MCD Ent=6x12mm Exit=4mm
31781
31535
31905
31783
32695
33147
34977
36416
37224
36661
33570
30491
28340
27585
27423
27310
27513
26494
