Fe on Ga203
  1123.99988  1113.99988    -0.50000     1.00000     2.00000    21    50.0
LO MagPE 50.000KE/1  Ex=1486.599eV WF=4.000eV Ck=XL Det=MCD Ent=6x12mm Exit=4mm
66786
65801
67371
66759
68675
69907
72601
76452
82632
91588
98111
98881
92319
84602
79023
75025
72048
68278
66877
65475
64960
   711.49994   702.99994    -0.50000     1.00000     2.00000    18    50.0
LO MagPE 50.000KE/1  Ex=1486.599eV WF=4.000eV Ck=XL Det=MCD Ent=6x12mm Exit=4mm
52959
54213
54568
55236
55761
56261
58432
61364
62933
61917
58937
53892
50400
49416
48301
47858
47374
47912
