Fe on Ga203
  1123.99988  1113.99988    -0.50000     1.00000     2.00000    21    50.0
LO MagPE 50.000KE/1  Ex=1486.599eV WF=4.000eV Ck=XL Det=MCD Ent=6x12mm Exit=4mm
38657
39206
39376
39189
39730
41050
42362
44340
48373
54188
58549
59402
55260
50747
48351
46209
43300
40020
37739
37032
36985
   711.49994   702.99994    -0.50000     1.00000     2.00000    18    50.0
LO MagPE 50.000KE/1  Ex=1486.599eV WF=4.000eV Ck=XL Det=MCD Ent=6x12mm Exit=4mm
27502
26805
27520
27552
27752
28317
29177
29531
30868
30759
29494
27577
25676
25297
24887
24687
24606
24471
