Fe on Ga203
  1123.99988  1113.99988    -0.50000     1.00000     2.00000    21    50.0
LO MagPE 50.000KE/1  Ex=1486.599eV WF=4.000eV Ck=XL Det=MCD Ent=6x12mm Exit=4mm
33266
34285
34705
35342
37670
39811
45719
55714
70847
89974
104422
100581
82442
64195
51953
43441
39246
35223
34249
32282
31847
   711.49994   702.99994    -0.50000     1.00000     2.00000    18    50.0
LO MagPE 50.000KE/1  Ex=1486.599eV WF=4.000eV Ck=XL Det=MCD Ent=6x12mm Exit=4mm
29869
30234
31331
31657
31720
32343
33000
34031
34098
35284
32634
29673
28103
27138
27564
26347
26452
26902
