Fe on Ga203
  1123.99988  1113.99988    -0.50000     1.00000     2.00000    21    50.0
LO MagPE 50.000KE/1  Ex=1486.599eV WF=4.000eV Ck=XL Det=MCD Ent=6x12mm Exit=4mm
32899
33702
33703
33988
36013
37986
41125
47316
57053
69485
78090
76309
63575
52534
43973
41227
38572
35431
33648
32344
33066
   711.49994   702.99994    -0.50000     1.00000     2.00000    18    50.0
LO MagPE 50.000KE/1  Ex=1486.599eV WF=4.000eV Ck=XL Det=MCD Ent=6x12mm Exit=4mm
32127
32318
30950
32035
32282
32784
34586
37137
38222
37681
33699
30259
27341
26205
25745
25277
25622
25120
