Fe on Ga203
  1123.99988  1113.99988    -0.50000     1.00000     2.00000    21    50.0
LO MagPE 50.000KE/1  Ex=1486.599eV WF=4.000eV Ck=XL Det=MCD Ent=6x12mm Exit=4mm
85703
86256
88004
88495
89879
93959
99603
110046
127457
150101
167010
166826
147431
124703
110627
102566
95400
88949
86208
83798
83633
   711.49994   702.99994    -0.50000     1.00000     2.00000    18    50.0
LO MagPE 50.000KE/1  Ex=1486.599eV WF=4.000eV Ck=XL Det=MCD Ent=6x12mm Exit=4mm
72693
72853
74541
74817
74438
77236
79215
80521
82061
82137
79389
72039
68608
66701
67847
65942
65656
66211
