Fe on Ga203
  1123.99988  1113.99988    -0.50000     1.00000     2.00000    21    50.0
LO MagPE 50.000KE/1  Ex=1486.599eV WF=4.000eV Ck=XL Det=MCD Ent=6x12mm Exit=4mm
85153
85682
86508
87025
87854
89487
92817
99057
107231
119498
128952
131866
122735
108878
100925
95472
90951
87701
83964
83694
83040
   711.49994   702.99994    -0.50000     1.00000     2.00000    18    50.0
LO MagPE 50.000KE/1  Ex=1486.599eV WF=4.000eV Ck=XL Det=MCD Ent=6x12mm Exit=4mm
64950
64836
65000
64984
65851
66873
68201
70259
69635
69251
68741
65240
62798
62069
61205
61793
61048
60614
