Fe on Ga203
  1123.99988  1113.99988    -0.50000     1.00000     2.00000    21    50.0
LO MagPE 50.000KE/1  Ex=1486.599eV WF=4.000eV Ck=XL Det=MCD Ent=6x12mm Exit=4mm
31069
31133
32138
32122
33083
34559
37695
43292
51510
62110
70153
68846
58564
48056
40924
37101
35057
33068
32666
31004
31754
   711.49994   702.99994    -0.50000     1.00000     2.00000    18    50.0
LO MagPE 50.000KE/1  Ex=1486.599eV WF=4.000eV Ck=XL Det=MCD Ent=6x12mm Exit=4mm
27970
29361
28119
28810
29229
30213
30214
33328
33269
33269
30703
26772
24376
22957
22377
22452
31436
25285
