Fe on Ga203
  1123.99988  1113.99988    -0.50000     1.00000     2.00000    21    50.0
LO MagPE 50.000KE/1  Ex=1486.599eV WF=4.000eV Ck=XL Det=MCD Ent=6x12mm Exit=4mm
37087
36678
36843
37105
37644
37791
39198
40797
43765
47085
50432
50587
48229
44959
42954
41680
39395
37195
35773
35689
34789
   711.49994   702.99994    -0.50000     1.00000     2.00000    18    50.0
LO MagPE 50.000KE/1  Ex=1486.599eV WF=4.000eV Ck=XL Det=MCD Ent=6x12mm Exit=4mm
26116
26402
26320
26878
26735
27427
28151
29043
29703
30168
29051
26487
24868
24404
24021
24030
23494
24423
