Fe on Ga203
  1123.99988  1113.99988    -0.50000     1.00000     2.00000    21    50.0
LO MagPE 50.000KE/1  Ex=1486.599eV WF=4.000eV Ck=XL Det=MCD Ent=6x12mm Exit=4mm
91999
92182
93328
93559
95468
99881
107049
118968
138395
165207
185800
186740
163736
137362
120711
109066
100682
94846
92044
89769
88373
   711.49994   702.99994    -0.50000     1.00000     2.00000    18    50.0
LO MagPE 50.000KE/1  Ex=1486.599eV WF=4.000eV Ck=XL Det=MCD Ent=6x12mm Exit=4mm
72359
73120
74180
74539
74363
74942
77374
78084
80319
81338
77068
73066
71498
69074
67186
67064
67842
66860
