Fe on Ga203
  1123.99988  1113.99988    -0.50000     1.00000     2.00000    21    50.0
LO MagPE 50.000KE/1  Ex=1486.599eV WF=4.000eV Ck=XL Det=MCD Ent=6x12mm Exit=4mm
37407
37794
37875
37880
38484
39275
39890
41349
44319
48407
51721
51815
49199
46034
43575
42311
39977
38430
36877
35829
35688
   711.49994   702.99994    -0.50000     1.00000     2.00000    18    50.0
LO MagPE 50.000KE/1  Ex=1486.599eV WF=4.000eV Ck=XL Det=MCD Ent=6x12mm Exit=4mm
26221
26816
27494
26788
27592
28033
28649
29948
30763
31179
29232
27461
24841
24683
24051
24069
23983
23585
