Fe on Ga203
  1123.99988  1113.99988    -0.50000     1.00000     2.00000    21    50.0
LO MagPE 50.000KE/1  Ex=1486.599eV WF=4.000eV Ck=XL Det=MCD Ent=6x12mm Exit=4mm
69631
70600
70323
71459
73060
76513
80156
87744
101270
118504
132845
132018
119020
100275
89077
81635
77373
71041
70117
68101
66929
   711.49994   702.99994    -0.50000     1.00000     2.00000    18    50.0
LO MagPE 50.000KE/1  Ex=1486.599eV WF=4.000eV Ck=XL Det=MCD Ent=6x12mm Exit=4mm
59466
60300
60699
60978
66158
62946
65514
69167
70995
71225
66920
59433
56557
54060
53691
53035
52626
52029
