Fe on Ga203
  1123.99988  1113.99988    -0.50000     1.00000     2.00000    21    50.0
LO MagPE 50.000KE/1  Ex=1486.599eV WF=4.000eV Ck=XL Det=MCD Ent=6x12mm Exit=4mm
29722
29990
30811
31583
31893
33511
37886
40693
49131
57900
64221
62183
55172
46155
40808
36205
33617
31871
29304
28020
27919
   711.49994   702.99994    -0.50000     1.00000     2.00000    18    50.0
LO MagPE 50.000KE/1  Ex=1486.599eV WF=4.000eV Ck=XL Det=MCD Ent=6x12mm Exit=4mm
27343
28969
28759
28832
30658
30699
31366
34685
34266
35140
31238
27878
24985
23942
23818
23991
22283
23439
