Fe on Ga203
  1123.99988  1113.99988    -0.50000     1.00000     2.00000    21    50.0
LO MagPE 50.000KE/1  Ex=1486.599eV WF=4.000eV Ck=XL Det=MCD Ent=6x12mm Exit=4mm
98197
99031
101331
102369
104150
109390
117195
131474
151191
181039
203172
198859
171677
142909
126625
117910
108460
102321
98594
96516
96194
   711.49994   702.99994    -0.50000     1.00000     2.00000    18    50.0
LO MagPE 50.000KE/1  Ex=1486.599eV WF=4.000eV Ck=XL Det=MCD Ent=6x12mm Exit=4mm
88909
88221
91150
91994
94668
95508
97963
100297
102409
100720
93486
81696
77963
74646
75434
76515
77378
77470
