Fe on Ga203
  1123.99988  1113.99988    -0.50000     1.00000     2.00000    21    50.0
LO MagPE 50.000KE/1  Ex=1486.599eV WF=4.000eV Ck=XL Det=MCD Ent=6x12mm Exit=4mm
28069
28314
28335
29230
31209
32763
37063
43744
55793
71040
82367
81955
68318
52462
42688
36542
32699
29018
28464
27792
26735
   711.49994   702.99994    -0.50000     1.00000     2.00000    18    50.0
LO MagPE 50.000KE/1  Ex=1486.599eV WF=4.000eV Ck=XL Det=MCD Ent=6x12mm Exit=4mm
24611
25990
26217
26775
27107
27686
28176
30017
31307
31012
27772
23870
22067
22194
20737
20998
20675
20485
