Fe on Ga203
  1123.99988  1113.99988    -0.50000     1.00000     2.00000    21    50.0
LO MagPE 50.000KE/1  Ex=1486.599eV WF=4.000eV Ck=XL Det=MCD Ent=6x12mm Exit=4mm
28048
28211
28762
29705
30680
33009
36712
42088
52235
64457
73801
74436
62278
49370
41104
35985
32548
30307
29021
28026
27665
   711.49994   702.99994    -0.50000     1.00000     2.00000    18    50.0
LO MagPE 50.000KE/1  Ex=1486.599eV WF=4.000eV Ck=XL Det=MCD Ent=6x12mm Exit=4mm
25932
26653
26763
26211
27346
28337
29432
30796
31730
31422
28850
25285
23653
22938
22540
22205
21835
21188
