Fe on Ga203
  1123.99988  1113.99988    -0.50000     1.00000     2.00000    21    50.0
LO MagPE 50.000KE/1  Ex=1486.599eV WF=4.000eV Ck=XL Det=MCD Ent=6x12mm Exit=4mm
32815
33807
34342
35879
37451
40769
46760
58672
76419
96946
113190
109537
89160
66849
54646
45190
39747
35315
33324
31444
31616
   711.49994   702.99994    -0.50000     1.00000     2.00000    18    50.0
LO MagPE 50.000KE/1  Ex=1486.599eV WF=4.000eV Ck=XL Det=MCD Ent=6x12mm Exit=4mm
31707
31272
31933
32604
33377
33752
35477
36345
38421
37776
35881
31122
27609
27973
27503
27276
26511
27183
