Fe on Ga203
  1123.99988  1113.99988    -0.50000     1.00000     2.00000    21    50.0
LO MagPE 50.000KE/1  Ex=1486.599eV WF=4.000eV Ck=XL Det=MCD Ent=6x12mm Exit=4mm
55634
56296
56601
56732
57491
59627
60792
65287
72354
82228
89401
91218
83477
73831
68217
63592
60293
57824
55009
54403
53102
   711.49994   702.99994    -0.50000     1.00000     2.00000    18    50.0
LO MagPE 50.000KE/1  Ex=1486.599eV WF=4.000eV Ck=XL Det=MCD Ent=6x12mm Exit=4mm
46514
46176
46599
47109
47900
48300
49797
51536
53028
52825
50488
46455
43171
41376
41345
41322
41588
40744
