Fe on Ga203
  1123.99988  1113.99988    -0.50000     1.00000     2.00000    21    50.0
LO MagPE 50.000KE/1  Ex=1486.599eV WF=4.000eV Ck=XL Det=MCD Ent=6x12mm Exit=4mm
74721
76025
75733
77070
79029
80166
84834
92596
103604
119678
132519
131940
119219
103753
94083
87378
83059
78285
75006
74455
72145
   711.49994   702.99994    -0.50000     1.00000     2.00000    18    50.0
LO MagPE 50.000KE/1  Ex=1486.599eV WF=4.000eV Ck=XL Det=MCD Ent=6x12mm Exit=4mm
64464
65625
65159
66441
67479
68728
71210
74164
77550
77819
71116
64372
59407
56517
56812
55826
56172
55287
