Fe on Ga203
  1123.99988  1113.99988    -0.50000     1.00000     2.00000    21    50.0
LO MagPE 50.000KE/1  Ex=1486.599eV WF=4.000eV Ck=XL Det=MCD Ent=6x12mm Exit=4mm
105161
106609
107981
110196
111866
118627
127249
145052
174089
208389
236291
228633
192445
159645
137643
124669
114495
109394
107306
103486
101924
   711.49994   702.99994    -0.50000     1.00000     2.00000    18    50.0
LO MagPE 50.000KE/1  Ex=1486.599eV WF=4.000eV Ck=XL Det=MCD Ent=6x12mm Exit=4mm
89678
89097
89881
91776
92358
93772
96090
97952
100130
102262
96301
88565
85525
82148
81190
78909
77460
77530
