Fe on Ga203
  1123.99988  1113.99988    -0.50000     1.00000     2.00000    21    50.0
LO MagPE 50.000KE/1  Ex=1486.599eV WF=4.000eV Ck=XL Det=MCD Ent=6x12mm Exit=4mm
75195
75966
75650
76961
79132
82727
88302
99202
115655
136188
153893
150466
134076
113573
99271
90799
83599
77590
75967
73909
72619
   711.49994   702.99994    -0.50000     1.00000     2.00000    18    50.0
LO MagPE 50.000KE/1  Ex=1486.599eV WF=4.000eV Ck=XL Det=MCD Ent=6x12mm Exit=4mm
65648
67734
67341
69122
68235
70420
72256
74478
75925
75962
71325
66435
63114
61545
59948
58677
59330
59211
