Fe on Ga203
  1123.99988  1113.99988    -0.50000     1.00000     2.00000    21    50.0
LO MagPE 50.000KE/1  Ex=1486.599eV WF=4.000eV Ck=XL Det=MCD Ent=6x12mm Exit=4mm
29089
29790
29900
31056
31494
33457
36158
41966
50941
61529
72163
69717
59753
47935
39935
35990
33089
31024
29216
28649
27923
   711.49994   702.99994    -0.50000     1.00000     2.00000    18    50.0
LO MagPE 50.000KE/1  Ex=1486.599eV WF=4.000eV Ck=XL Det=MCD Ent=6x12mm Exit=4mm
29086
29574
30123
30367
31204
31821
33985
35415
36638
35914
33404
29097
26725
25504
25325
24431
24375
23842
