Fe on Ga203
  1123.99988  1113.99988    -0.50000     1.00000     2.00000    21    50.0
LO MagPE 50.000KE/1  Ex=1486.599eV WF=4.000eV Ck=XL Det=MCD Ent=6x12mm Exit=4mm
32411
32849
32844
34213
36147
39609
45306
53936
69201
87639
102516
100096
80238
61996
49811
41951
37983
34728
33132
31487
31147
   711.49994   702.99994    -0.50000     1.00000     2.00000    18    50.0
LO MagPE 50.000KE/1  Ex=1486.599eV WF=4.000eV Ck=XL Det=MCD Ent=6x12mm Exit=4mm
30120
31042
30872
31072
30938
31815
33153
34234
34259
35158
32426
29834
28040
27712
27462
26820
26213
27124
