Fe on Ga203
  1123.99988  1113.99988    -0.50000     1.00000     2.00000    21    50.0
LO MagPE 50.000KE/1  Ex=1486.599eV WF=4.000eV Ck=XL Det=MCD Ent=6x12mm Exit=4mm
73626
73641
73797
74043
73883
75324
77275
79858
85337
91935
97124
96655
93113
85052
81853
78960
76070
73727
72762
71398
71475
   711.49994   702.99994    -0.50000     1.00000     2.00000    18    50.0
LO MagPE 50.000KE/1  Ex=1486.599eV WF=4.000eV Ck=XL Det=MCD Ent=6x12mm Exit=4mm
57234
57983
58730
58759
59572
60699
62326
64594
67254
66386
62780
57479
54248
52103
52546
51788
51975
51796
