Fe on Ga203
  1123.99988  1113.99988    -0.50000     1.00000     2.00000    21    50.0
LO MagPE 50.000KE/1  Ex=1486.599eV WF=4.000eV Ck=XL Det=MCD Ent=6x12mm Exit=4mm
33559
32926
33656
34059
36053
38520
43989
52740
67890
85673
96543
92650
75402
58693
48038
42571
37909
34278
31549
31310
30707
   711.49994   702.99994    -0.50000     1.00000     2.00000    18    50.0
LO MagPE 50.000KE/1  Ex=1486.599eV WF=4.000eV Ck=XL Det=MCD Ent=6x12mm Exit=4mm
32463
32213
32577
33410
34204
33874
35670
36691
38479
37446
35362
30926
28740
28524
27620
27073
27358
27010
