Fe on Ga203
  1123.99988  1113.99988    -0.50000     1.00000     2.00000    21    50.0
LO MagPE 50.000KE/1  Ex=1486.599eV WF=4.000eV Ck=XL Det=MCD Ent=6x12mm Exit=4mm
32587
32788
33843
34870
35993
39084
42719
52250
66472
83809
96188
94411
78933
61339
51433
45329
40159
36842
35120
33332
33733
   711.49994   702.99994    -0.50000     1.00000     2.00000    18    50.0
LO MagPE 50.000KE/1  Ex=1486.599eV WF=4.000eV Ck=XL Det=MCD Ent=6x12mm Exit=4mm
30989
31326
32505
32270
32650
32992
33760
35392
36067
36399
33763
31343
28971
28601
27557
27778
27552
27546
