Fe on Ga203
  1123.99988  1113.99988    -0.50000     1.00000     2.00000    21    50.0
LO MagPE 50.000KE/1  Ex=1486.599eV WF=4.000eV Ck=XL Det=MCD Ent=6x12mm Exit=4mm
85757
87169
87665
89079
90875
93901
99669
110387
127933
151438
169451
169145
149490
125940
110167
102602
94859
89982
85873
85879
82890
   711.49994   702.99994    -0.50000     1.00000     2.00000    18    50.0
LO MagPE 50.000KE/1  Ex=1486.599eV WF=4.000eV Ck=XL Det=MCD Ent=6x12mm Exit=4mm
71237
72217
72474
72955
74875
74518
76173
78399
81226
80789
77365
72506
68553
66586
65512
65677
64993
65826
