Fe on Ga203
  1123.99988  1113.99988    -0.50000     1.00000     2.00000    21    50.0
LO MagPE 50.000KE/1  Ex=1486.599eV WF=4.000eV Ck=XL Det=MCD Ent=6x12mm Exit=4mm
26796
26743
28002
27748
28912
30504
32694
38537
46189
55631
64980
64263
54699
44583
37362
32939
30967
28108
27083
26039
25615
   711.49994   702.99994    -0.50000     1.00000     2.00000    18    50.0
LO MagPE 50.000KE/1  Ex=1486.599eV WF=4.000eV Ck=XL Det=MCD Ent=6x12mm Exit=4mm
24837
25022
25191
24986
25897
26695
29129
29862
30247
30807
27623
23742
22165
21120
20999
19994
19830
19818
