Fe on Ga203
  1123.99988  1113.99988    -0.50000     1.00000     2.00000    21    50.0
LO MagPE 50.000KE/1  Ex=1486.599eV WF=4.000eV Ck=XL Det=MCD Ent=6x12mm Exit=4mm
33230
34530
34636
35785
37047
37996
42030
47589
56762
69437
79562
79476
66623
54988
47578
41386
38833
34349
33090
33225
32926
   711.49994   702.99994    -0.50000     1.00000     2.00000    18    50.0
LO MagPE 50.000KE/1  Ex=1486.599eV WF=4.000eV Ck=XL Det=MCD Ent=6x12mm Exit=4mm
29302
29410
30194
31525
31230
32109
34115
35569
37337
36773
31793
27651
25932
24755
24193
24128
24101
23682
