Fe on Ga203
  1123.99988  1113.99988    -0.50000     1.00000     2.00000    21    50.0
LO MagPE 50.000KE/1  Ex=1486.599eV WF=4.000eV Ck=XL Det=MCD Ent=6x12mm Exit=4mm
60753
61257
61428
62294
62904
64979
68494
74213
83739
96405
106315
106417
96371
83805
75224
71121
65047
62198
60165
59123
58665
   711.49994   702.99994    -0.50000     1.00000     2.00000    18    50.0
LO MagPE 50.000KE/1  Ex=1486.599eV WF=4.000eV Ck=XL Det=MCD Ent=6x12mm Exit=4mm
49004
50582
50681
51608
52799
53760
54565
56307
59246
58612
55327
50011
47640
44936
44133
44280
44296
44181
