Fe on Ga203
  1123.99988  1113.99988    -0.50000     1.00000     2.00000    21    50.0
LO MagPE 50.000KE/1  Ex=1486.599eV WF=4.000eV Ck=XL Det=MCD Ent=6x12mm Exit=4mm
32218
32512
32729
33025
34684
34971
38270
42867
51960
63187
72025
72768
62992
52875
44372
40542
37590
34511
32002
30758
30033
   711.49994   702.99994    -0.50000     1.00000     2.00000    18    50.0
LO MagPE 50.000KE/1  Ex=1486.599eV WF=4.000eV Ck=XL Det=MCD Ent=6x12mm Exit=4mm
29324
29085
29658
29718
29974
31833
32346
34164
35827
35503
32018
27402
25347
24223
24111
24023
23028
23136
