Fe on Ga203
  1123.99988  1113.99988    -0.50000     1.00000     2.00000    21    50.0
LO MagPE 50.000KE/1  Ex=1486.599eV WF=4.000eV Ck=XL Det=MCD Ent=6x12mm Exit=4mm
29677
29362
30114
31658
32939
34960
38950
46250
56814
70502
80137
77713
64533
51827
42826
38150
33945
32569
29874
29513
28550
   711.49994   702.99994    -0.50000     1.00000     2.00000    18    50.0
LO MagPE 50.000KE/1  Ex=1486.599eV WF=4.000eV Ck=XL Det=MCD Ent=6x12mm Exit=4mm
29308
29626
29508
30965
30827
31531
32422
33839
36215
34351
31687
28473
26140
26015
24896
24490
24697
23558
