Fe on Ga203
  1123.99988  1113.99988    -0.50000     1.00000     2.00000    21    50.0
LO MagPE 50.000KE/1  Ex=1486.599eV WF=4.000eV Ck=XL Det=MCD Ent=6x12mm Exit=4mm
80905
81835
82689
82771
84641
86103
91033
96772
108842
122701
133874
134300
120986
108696
98670
93199
87581
84155
81651
81013
79000
   711.49994   702.99994    -0.50000     1.00000     2.00000    18    50.0
LO MagPE 50.000KE/1  Ex=1486.599eV WF=4.000eV Ck=XL Det=MCD Ent=6x12mm Exit=4mm
69759
69758
71617
71643
74640
74821
79084
82338
85507
83935
78245
67909
63524
61667
60172
60355
60381
60080
