Fe on Ga203
  1123.99988  1113.99988    -0.50000     1.00000     2.00000    21    50.0
LO MagPE 50.000KE/1  Ex=1486.599eV WF=4.000eV Ck=XL Det=MCD Ent=6x12mm Exit=4mm
75694
76632
76707
77457
76705
78604
79061
82583
88018
93680
98479
98366
93128
88042
83815
81839
79432
76536
75191
74091
74500
   711.49994   702.99994    -0.50000     1.00000     2.00000    18    50.0
LO MagPE 50.000KE/1  Ex=1486.599eV WF=4.000eV Ck=XL Det=MCD Ent=6x12mm Exit=4mm
62539
63096
64494
64115
64904
66513
68507
70803
72111
72534
69167
62399
58251
57715
56538
55605
55974
55855
