Fe on Ga203
  1123.99988  1113.99988    -0.50000     1.00000     2.00000    21    50.0
LO MagPE 50.000KE/1  Ex=1486.599eV WF=4.000eV Ck=XL Det=MCD Ent=6x12mm Exit=4mm
72928
73271
74183
75778
76759
79536
86011
95267
110965
131676
146855
147449
129832
109366
96975
88156
80993
76754
73582
71178
71065
   711.49994   702.99994    -0.50000     1.00000     2.00000    18    50.0
LO MagPE 50.000KE/1  Ex=1486.599eV WF=4.000eV Ck=XL Det=MCD Ent=6x12mm Exit=4mm
60518
61579
60814
61945
61606
62074
63482
66070
67108
67119
65011
59539
57271
56238
55008
55486
55692
55759
