Fe on Ga203
  1123.99988  1113.99988    -0.50000     1.00000     2.00000    21    50.0
LO MagPE 50.000KE/1  Ex=1486.599eV WF=4.000eV Ck=XL Det=MCD Ent=6x12mm Exit=4mm
30452
30798
30927
31787
32714
34694
37791
42014
51922
63968
72988
72969
62110
49748
41478
37324
33051
30214
28810
28759
29423
   711.49994   702.99994    -0.50000     1.00000     2.00000    18    50.0
LO MagPE 50.000KE/1  Ex=1486.599eV WF=4.000eV Ck=XL Det=MCD Ent=6x12mm Exit=4mm
27476
27434
27128
27415
27949
27901
30596
31182
32303
32632
29689
27154
24958
24624
25287
24559
24392
24527
