Fe on Ga203
  1123.99988  1113.99988    -0.50000     1.00000     2.00000    21    50.0
LO MagPE 50.000KE/1  Ex=1486.599eV WF=4.000eV Ck=XL Det=MCD Ent=6x12mm Exit=4mm
34039
34151
34401
35820
38294
41758
46467
54283
69105
87675
102108
98491
81331
60095
49055
44013
38226
35254
33100
31871
31207
   711.49994   702.99994    -0.50000     1.00000     2.00000    18    50.0
LO MagPE 50.000KE/1  Ex=1486.599eV WF=4.000eV Ck=XL Det=MCD Ent=6x12mm Exit=4mm
31124
32058
32926
33088
34400
34452
35379
35893
37007
36859
35210
31479
30588
29523
29510
29269
28552
28642
