Fe on Ga203
  1123.99988  1113.99988    -0.50000     1.00000     2.00000    21    50.0
LO MagPE 50.000KE/1  Ex=1486.599eV WF=4.000eV Ck=XL Det=MCD Ent=6x12mm Exit=4mm
86523
87688
87474
89910
91641
94020
98946
107212
122200
141292
155907
156962
138806
120501
108994
100415
94395
90274
87016
86346
84626
   711.49994   702.99994    -0.50000     1.00000     2.00000    18    50.0
LO MagPE 50.000KE/1  Ex=1486.599eV WF=4.000eV Ck=XL Det=MCD Ent=6x12mm Exit=4mm
74368
75689
76654
78147
79705
81688
86184
88720
91443
89895
81920
72940
68209
64672
63731
62475
63879
62937
