Fe on Ga203
  1123.99988  1113.99988    -0.50000     1.00000     2.00000    21    50.0
LO MagPE 50.000KE/1  Ex=1486.599eV WF=4.000eV Ck=XL Det=MCD Ent=6x12mm Exit=4mm
28402
28669
29253
29768
30543
32044
35499
41228
50060
62235
70076
69474
59363
47464
39828
35565
32381
29394
28632
27824
27197
   711.49994   702.99994    -0.50000     1.00000     2.00000    18    50.0
LO MagPE 50.000KE/1  Ex=1486.599eV WF=4.000eV Ck=XL Det=MCD Ent=6x12mm Exit=4mm
24653
25218
25468
25391
26071
26977
27748
30279
30362
29862
26656
23587
21364
21101
20853
20257
19887
20218
