Fe on Ga203
  1123.99988  1113.99988    -0.50000     1.00000     2.00000    21    50.0
LO MagPE 50.000KE/1  Ex=1486.599eV WF=4.000eV Ck=XL Det=MCD Ent=6x12mm Exit=4mm
34673
35654
36438
37425
38385
42001
47625
55673
72228
93425
106778
104579
86358
65634
53082
46305
39942
37073
34936
33761
32931
   711.49994   702.99994    -0.50000     1.00000     2.00000    18    50.0
LO MagPE 50.000KE/1  Ex=1486.599eV WF=4.000eV Ck=XL Det=MCD Ent=6x12mm Exit=4mm
30091
30638
31803
32099
32138
32458
33242
34678
35543
35642
33351
30836
29448
27865
27700
27560
27707
27551
