Fe on Ga203
  1123.99988  1113.99988    -0.50000     1.00000     2.00000    21    50.0
LO MagPE 50.000KE/1  Ex=1486.599eV WF=4.000eV Ck=XL Det=MCD Ent=6x12mm Exit=4mm
30052
30696
31746
32503
32660
35994
38639
45455
58626
71721
82934
81568
70236
53576
44149
38901
34816
32880
29868
29605
28404
   711.49994   702.99994    -0.50000     1.00000     2.00000    18    50.0
LO MagPE 50.000KE/1  Ex=1486.599eV WF=4.000eV Ck=XL Det=MCD Ent=6x12mm Exit=4mm
26290
27389
27481
27672
27844
29841
31112
31507
32109
31681
29771
26579
24977
23424
23091
22587
21913
22081
