Fe on Ga203
  1123.99988  1113.99988    -0.50000     1.00000     2.00000    21    50.0
LO MagPE 50.000KE/1  Ex=1486.599eV WF=4.000eV Ck=XL Det=MCD Ent=6x12mm Exit=4mm
50471
50147
50172
50524
50529
52034
53408
56062
60550
65802
70393
70596
67256
61499
58457
55369
53009
50539
49256
48264
48072
   711.49994   702.99994    -0.50000     1.00000     2.00000    18    50.0
LO MagPE 50.000KE/1  Ex=1486.599eV WF=4.000eV Ck=XL Det=MCD Ent=6x12mm Exit=4mm
39114
39238
39931
40241
40584
40062
42552
43916
45116
45811
43226
39350
36790
36454
35344
35465
35515
35912
