Fe on Ga203
  1123.99988  1113.99988    -0.50000     1.00000     2.00000    21    50.0
LO MagPE 50.000KE/1  Ex=1486.599eV WF=4.000eV Ck=XL Det=MCD Ent=6x12mm Exit=4mm
33317
34305
34800
36703
37011
40817
47055
55543
73263
92705
107577
105752
87142
65663
51637
44769
40989
35893
33842
33254
32422
   711.49994   702.99994    -0.50000     1.00000     2.00000    18    50.0
LO MagPE 50.000KE/1  Ex=1486.599eV WF=4.000eV Ck=XL Det=MCD Ent=6x12mm Exit=4mm
29989
30794
31106
31395
31646
31863
33079
34494
35692
34355
33338
29952
28623
27307
27445
26667
27757
27192
