Fe on Ga203
  1123.99988  1113.99988    -0.50000     1.00000     2.00000    21    50.0
LO MagPE 50.000KE/1  Ex=1486.599eV WF=4.000eV Ck=XL Det=MCD Ent=6x12mm Exit=4mm
83187
84257
85671
86182
89680
93274
100692
113715
134576
161728
183888
182934
159076
131353
112664
101256
94214
87442
84261
82125
81404
   711.49994   702.99994    -0.50000     1.00000     2.00000    18    50.0
LO MagPE 50.000KE/1  Ex=1486.599eV WF=4.000eV Ck=XL Det=MCD Ent=6x12mm Exit=4mm
72414
73752
74283
75426
74690
77960
78906
80596
84067
83310
79201
72664
69157
68075
66322
66535
66246
65731
