Fe on Ga203
  1123.99988  1113.99988    -0.50000     1.00000     2.00000    21    50.0
LO MagPE 50.000KE/1  Ex=1486.599eV WF=4.000eV Ck=XL Det=MCD Ent=6x12mm Exit=4mm
52975
52610
53344
54436
55230
56809
59026
63291
71203
81610
90463
90952
83637
74166
67857
63174
58354
54037
52130
51010
50132
   711.49994   702.99994    -0.50000     1.00000     2.00000    18    50.0
LO MagPE 50.000KE/1  Ex=1486.599eV WF=4.000eV Ck=XL Det=MCD Ent=6x12mm Exit=4mm
42872
42948
43854
43745
45032
44865
47082
47240
50167
49042
46997
43509
40807
39104
38707
38439
38533
38249
