Fe on Ga203
  1123.99988  1113.99988    -0.50000     1.00000     2.00000    21    50.0
LO MagPE 50.000KE/1  Ex=1486.599eV WF=4.000eV Ck=XL Det=MCD Ent=6x12mm Exit=4mm
94029
91955
94983
97112
101125
104686
109844
123761
148157
180074
198425
193522
166343
135327
117402
110976
105544
99658
94614
92657
90234
   711.49994   702.99994    -0.50000     1.00000     2.00000    18    50.0
LO MagPE 50.000KE/1  Ex=1486.599eV WF=4.000eV Ck=XL Det=MCD Ent=6x12mm Exit=4mm
83184
86511
88000
87548
89895
92812
92300
95566
100466
99317
90638
80214
74366
72584
72152
70089
73572
74529
