Fe on Ga203
  1123.99988  1113.99988    -0.50000     1.00000     2.00000    21    50.0
LO MagPE 50.000KE/1  Ex=1486.599eV WF=4.000eV Ck=XL Det=MCD Ent=6x12mm Exit=4mm
81486
81342
81042
82295
83037
83602
85719
90895
99450
109421
117684
118997
111192
100575
94329
90703
85240
81494
80442
79341
77868
   711.49994   702.99994    -0.50000     1.00000     2.00000    18    50.0
LO MagPE 50.000KE/1  Ex=1486.599eV WF=4.000eV Ck=XL Det=MCD Ent=6x12mm Exit=4mm
61112
61918
61736
62759
62573
63013
64023
65637
65676
65732
64609
62147
59741
58546
58543
58762
58799
59287
