Fe on Ga203
  1123.99988  1113.99988    -0.50000     1.00000     2.00000    21    50.0
LO MagPE 50.000KE/1  Ex=1486.599eV WF=4.000eV Ck=XL Det=MCD Ent=6x12mm Exit=4mm
32164
33345
33592
34320
35624
38631
43477
52125
65998
83671
96928
92927
76356
59362
48537
42587
38032
35337
34156
32383
31668
   711.49994   702.99994    -0.50000     1.00000     2.00000    18    50.0
LO MagPE 50.000KE/1  Ex=1486.599eV WF=4.000eV Ck=XL Det=MCD Ent=6x12mm Exit=4mm
32397
32240
33168
33080
34073
34731
35508
37351
38038
37790
35062
32494
29875
29409
27624
28347
28011
28648
