Fe on Ga203
  1123.99988  1113.99988    -0.50000     1.00000     2.00000    21    50.0
LO MagPE 50.000KE/1  Ex=1486.599eV WF=4.000eV Ck=XL Det=MCD Ent=6x12mm Exit=4mm
55077
55310
55695
55812
57130
58785
61558
66451
73626
84293
93478
94484
86823
76409
69084
65062
60579
56319
54496
53576
52445
   711.49994   702.99994    -0.50000     1.00000     2.00000    18    50.0
LO MagPE 50.000KE/1  Ex=1486.599eV WF=4.000eV Ck=XL Det=MCD Ent=6x12mm Exit=4mm
43970
44445
44885
45350
45864
46620
48163
48958
51527
50992
48594
44397
41920
41050
39998
39757
40036
39506
