Fe on Ga203
  1123.99988  1113.99988    -0.50000     1.00000     2.00000    21    50.0
LO MagPE 50.000KE/1  Ex=1486.599eV WF=4.000eV Ck=XL Det=MCD Ent=6x12mm Exit=4mm
100622
105516
107894
108672
113519
117904
126874
143446
173169
200864
223977
223445
194916
158991
138515
127208
115732
108492
105063
101589
101235
   711.49994   702.99994    -0.50000     1.00000     2.00000    18    50.0
LO MagPE 50.000KE/1  Ex=1486.599eV WF=4.000eV Ck=XL Det=MCD Ent=6x12mm Exit=4mm
85842
86425
89622
90052
92366
92947
95356
99073
100056
100890
94502
87643
83093
81369
81534
81057
81060
79850
