Fe on Ga203
  1123.99988  1113.99988    -0.50000     1.00000     2.00000    21    50.0
LO MagPE 50.000KE/1  Ex=1486.599eV WF=4.000eV Ck=XL Det=MCD Ent=6x12mm Exit=4mm
80116
80086
82114
82100
82624
86507
90893
98473
111697
127955
140470
141108
126920
110747
100759
93231
87362
82188
79636
78393
77799
   711.49994   702.99994    -0.50000     1.00000     2.00000    18    50.0
LO MagPE 50.000KE/1  Ex=1486.599eV WF=4.000eV Ck=XL Det=MCD Ent=6x12mm Exit=4mm
68319
68447
69301
69337
71549
73055
74577
78788
81161
80890
73966
67505
62434
59952
59159
57931
58864
58299
