Fe on Ga203
  1123.99988  1113.99988    -0.50000     1.00000     2.00000    21    50.0
LO MagPE 50.000KE/1  Ex=1486.599eV WF=4.000eV Ck=XL Det=MCD Ent=6x12mm Exit=4mm
27123
28015
28310
28768
29817
31691
34179
39680
47327
59391
67212
65702
57153
45432
39176
35075
31026
28844
27514
26721
26141
   711.49994   702.99994    -0.50000     1.00000     2.00000    18    50.0
LO MagPE 50.000KE/1  Ex=1486.599eV WF=4.000eV Ck=XL Det=MCD Ent=6x12mm Exit=4mm
24497
24856
25919
25863
26357
26668
28010
29337
31648
30688
27060
23759
22209
20806
21017
21289
20671
46015
