Fe on Ga203
  1123.99988  1113.99988    -0.50000     1.00000     2.00000    21    50.0
LO MagPE 50.000KE/1  Ex=1486.599eV WF=4.000eV Ck=XL Det=MCD Ent=6x12mm Exit=4mm
81247
82866
83344
83987
85706
90131
96939
109153
126636
151177
167888
167307
145436
123440
108918
98969
91068
85110
81632
81512
78466
   711.49994   702.99994    -0.50000     1.00000     2.00000    18    50.0
LO MagPE 50.000KE/1  Ex=1486.599eV WF=4.000eV Ck=XL Det=MCD Ent=6x12mm Exit=4mm
71528
72763
72037
73908
74164
74500
76435
78221
79949
79544
76540
70713
67760
65514
66049
64617
64046
63476
