Fe on Ga203
  1123.99988  1113.99988    -0.50000     1.00000     2.00000    21    50.0
LO MagPE 50.000KE/1  Ex=1486.599eV WF=4.000eV Ck=XL Det=MCD Ent=6x12mm Exit=4mm
28963
28980
30131
30365
31014
34802
37895
46171
57897
73900
85499
84304
70140
54782
44663
38215
33744
30578
28989
27867
27421
   711.49994   702.99994    -0.50000     1.00000     2.00000    18    50.0
LO MagPE 50.000KE/1  Ex=1486.599eV WF=4.000eV Ck=XL Det=MCD Ent=6x12mm Exit=4mm
25518
25747
25808
25758
26751
27154
28614
30426
32485
31415
27933
24778
22036
21715
21278
21377
20269
21096
