Fe on Ga203
  1123.99988  1113.99988    -0.50000     1.00000     2.00000    21    50.0
LO MagPE 50.000KE/1  Ex=1486.599eV WF=4.000eV Ck=XL Det=MCD Ent=6x12mm Exit=4mm
33616
34318
34726
36466
37800
40903
44900
55663
69644
88368
102613
100936
83167
63092
52163
44225
39733
35765
33535
33294
33415
   711.49994   702.99994    -0.50000     1.00000     2.00000    18    50.0
LO MagPE 50.000KE/1  Ex=1486.599eV WF=4.000eV Ck=XL Det=MCD Ent=6x12mm Exit=4mm
29618
30299
29805
30609
30863
31393
31833
32830
34599
34467
32235
29007
27672
27437
26692
26464
26112
27156
