Fe on Ga203
  1123.99988  1113.99988    -0.50000     1.00000     2.00000    21    50.0
LO MagPE 50.000KE/1  Ex=1486.599eV WF=4.000eV Ck=XL Det=MCD Ent=6x12mm Exit=4mm
37988
37658
37923
38417
39250
40207
40910
43468
47578
53026
56770
57813
54392
49554
47211
44841
42505
39495
37308
36916
36179
   711.49994   702.99994    -0.50000     1.00000     2.00000    18    50.0
LO MagPE 50.000KE/1  Ex=1486.599eV WF=4.000eV Ck=XL Det=MCD Ent=6x12mm Exit=4mm
28462
28523
28602
28682
29521
29566
30373
31817
32324
32013
31048
28554
27160
26160
25708
25377
25598
24846
