Fe on Ga203
  1123.99988  1113.99988    -0.50000     1.00000     2.00000    21    50.0
LO MagPE 50.000KE/1  Ex=1486.599eV WF=4.000eV Ck=XL Det=MCD Ent=6x12mm Exit=4mm
57693
57232
57104
57676
58833
59379
61370
65092
70891
79120
85365
85872
80185
73773
69572
66198
61726
58323
56750
55121
54512
   711.49994   702.99994    -0.50000     1.00000     2.00000    18    50.0
LO MagPE 50.000KE/1  Ex=1486.599eV WF=4.000eV Ck=XL Det=MCD Ent=6x12mm Exit=4mm
43773
44138
43720
43795
44795
45100
45769
46135
47818
48001
46947
43798
41440
40930
40867
40372
40592
40327
