Fe on Ga203
  1123.99988  1113.99988    -0.50000     1.00000     2.00000    21    50.0
LO MagPE 50.000KE/1  Ex=1486.599eV WF=4.000eV Ck=XL Det=MCD Ent=6x12mm Exit=4mm
27919
27772
29126
29191
31425
32578
38132
45351
57159
72453
84918
82660
68895
53004
42879
37597
33298
30225
27835
27817
26662
   711.49994   702.99994    -0.50000     1.00000     2.00000    18    50.0
LO MagPE 50.000KE/1  Ex=1486.599eV WF=4.000eV Ck=XL Det=MCD Ent=6x12mm Exit=4mm
25925
25391
25780
27036
26563
27638
28925
29621
31690
31000
28496
25424
23612
22454
21526
21017
20438
19877
