Fe on Ga203
  1123.99988  1113.99988    -0.50000     1.00000     2.00000    21    50.0
LO MagPE 50.000KE/1  Ex=1486.599eV WF=4.000eV Ck=XL Det=MCD Ent=6x12mm Exit=4mm
32097
32969
33051
34604
35878
38792
43535
51910
64682
80955
91074
87849
71743
56726
46951
41784
36624
33571
32571
31066
30572
   711.49994   702.99994    -0.50000     1.00000     2.00000    18    50.0
LO MagPE 50.000KE/1  Ex=1486.599eV WF=4.000eV Ck=XL Det=MCD Ent=6x12mm Exit=4mm
31732
32203
32618
32860
32870
33438
33906
35394
36875
36358
34349
31834
29540
28387
27768
28850
28325
28127
