Fe on Ga203
  1123.99988  1113.99988    -0.50000     1.00000     2.00000    21    50.0
LO MagPE 50.000KE/1  Ex=1486.599eV WF=4.000eV Ck=XL Det=MCD Ent=6x12mm Exit=4mm
32547
33484
33534
34962
35422
38255
41745
47834
57380
72066
81273
79693
67935
55913
47176
41249
37373
34637
32749
32436
31506
   711.49994   702.99994    -0.50000     1.00000     2.00000    18    50.0
LO MagPE 50.000KE/1  Ex=1486.599eV WF=4.000eV Ck=XL Det=MCD Ent=6x12mm Exit=4mm
29664
32681
30484
30910
32009
32547
35302
36133
39283
37549
34776
30275
27249
26904
27470
25857
25519
25189
