Fe on Ga203
  1123.99988  1113.99988    -0.50000     1.00000     2.00000    21    50.0
LO MagPE 50.000KE/1  Ex=1486.599eV WF=4.000eV Ck=XL Det=MCD Ent=6x12mm Exit=4mm
30934
31352
32425
33830
33266
33169
35204
39695
46757
57877
68952
68076
59411
49621
42126
37036
33573
31644
30650
29954
28678
   711.49994   702.99994    -0.50000     1.00000     2.00000    18    50.0
LO MagPE 50.000KE/1  Ex=1486.599eV WF=4.000eV Ck=XL Det=MCD Ent=6x12mm Exit=4mm
26511
27236
27901
28749
29091
29734
30781
31959
33654
33442
29561
25924
23585
22565
21184
21008
21039
20999
