Fe on Ga203
  1123.99988  1113.99988    -0.50000     1.00000     2.00000    21    50.0
LO MagPE 50.000KE/1  Ex=1486.599eV WF=4.000eV Ck=XL Det=MCD Ent=6x12mm Exit=4mm
53991
54224
54511
55178
55780
56033
57243
59440
63619
69458
73257
73469
69279
64357
61736
59609
57224
55067
53697
53106
52955
   711.49994   702.99994    -0.50000     1.00000     2.00000    18    50.0
LO MagPE 50.000KE/1  Ex=1486.599eV WF=4.000eV Ck=XL Det=MCD Ent=6x12mm Exit=4mm
42597
42044
42986
43185
43479
44069
44770
46596
48287
47954
46133
42546
40143
39845
39578
38736
38614
38432
