Fe on Ga203
  1123.99988  1113.99988    -0.50000     1.00000     2.00000    21    50.0
LO MagPE 50.000KE/1  Ex=1486.599eV WF=4.000eV Ck=XL Det=MCD Ent=6x12mm Exit=4mm
49238
49482
49461
49599
49777
50152
50570
52930
55123
58462
61505
61411
60194
56905
54911
53724
51224
49474
48806
48555
47582
   711.49994   702.99994    -0.50000     1.00000     2.00000    18    50.0
LO MagPE 50.000KE/1  Ex=1486.599eV WF=4.000eV Ck=XL Det=MCD Ent=6x12mm Exit=4mm
36863
36821
36923
37778
38430
38622
39380
40974
41904
41940
40572
37318
34858
33392
33651
32829
32654
32909
