Fe on Ga203
  1123.99988  1113.99988    -0.50000     1.00000     2.00000    21    50.0
LO MagPE 50.000KE/1  Ex=1486.599eV WF=4.000eV Ck=XL Det=MCD Ent=6x12mm Exit=4mm
101199
99979
99320
99312
100559
104057
108171
121178
140680
167312
183864
182398
163602
139697
120771
111163
108580
102116
100738
97645
96321
   711.49994   702.99994    -0.50000     1.00000     2.00000    18    50.0
LO MagPE 50.000KE/1  Ex=1486.599eV WF=4.000eV Ck=XL Det=MCD Ent=6x12mm Exit=4mm
84699
87851
90163
91052
92752
94445
97528
103102
103415
103296
95816
82559
76556
74079
76328
73430
73215
74986
