Fe on Ga203
  1123.99988  1113.99988    -0.50000     1.00000     2.00000    21    50.0
LO MagPE 50.000KE/1  Ex=1486.599eV WF=4.000eV Ck=XL Det=MCD Ent=6x12mm Exit=4mm
32367
32411
33289
34540
34735
36961
42034
48685
62294
76434
86794
84678
70752
57606
47178
42394
37228
34199
32689
32321
31402
   711.49994   702.99994    -0.50000     1.00000     2.00000    18    50.0
LO MagPE 50.000KE/1  Ex=1486.599eV WF=4.000eV Ck=XL Det=MCD Ent=6x12mm Exit=4mm
31409
32194
31937
31851
33202
32743
34111
35640
37059
35278
34685
30501
28865
28194
26847
27219
26776
26548
