Fe on Ga203
  1123.99988  1113.99988    -0.50000     1.00000     2.00000    21    50.0
LO MagPE 50.000KE/1  Ex=1486.599eV WF=4.000eV Ck=XL Det=MCD Ent=6x12mm Exit=4mm
96055
98168
101538
102358
104403
109167
117904
129826
152790
177797
199882
197397
171187
145311
127210
114649
107379
97621
93534
93714
92800
   711.49994   702.99994    -0.50000     1.00000     2.00000    18    50.0
LO MagPE 50.000KE/1  Ex=1486.599eV WF=4.000eV Ck=XL Det=MCD Ent=6x12mm Exit=4mm
82439
83251
84099
85201
85474
83696
85529
90191
93096
92133
88616
83602
79877
78675
74071
75484
76536
78133
