Fe on Ga203
  1123.99988  1113.99988    -0.50000     1.00000     2.00000    21    50.0
LO MagPE 50.000KE/1  Ex=1486.599eV WF=4.000eV Ck=XL Det=MCD Ent=6x12mm Exit=4mm
32927
32741
33713
34900
36311
40096
45309
53774
68978
87830
100106
98898
80501
62603
49790
43640
38847
35757
33599
32390
31457
   711.49994   702.99994    -0.50000     1.00000     2.00000    18    50.0
LO MagPE 50.000KE/1  Ex=1486.599eV WF=4.000eV Ck=XL Det=MCD Ent=6x12mm Exit=4mm
29831
30085
30725
31078
30534
32134
33228
34000
34348
35417
32850
29832
28127
26643
26320
26072
26997
25512
