Fe on Ga203
  1123.99988  1113.99988    -0.50000     1.00000     2.00000    21    50.0
LO MagPE 50.000KE/1  Ex=1486.599eV WF=4.000eV Ck=XL Det=MCD Ent=6x12mm Exit=4mm
31502
31710
31523
32700
33733
35181
36703
43556
49657
59892
68563
67572
58824
48865
40854
36781
33365
31122
29138
28458
28057
   711.49994   702.99994    -0.50000     1.00000     2.00000    18    50.0
LO MagPE 50.000KE/1  Ex=1486.599eV WF=4.000eV Ck=XL Det=MCD Ent=6x12mm Exit=4mm
28279
28886
29105
29848
30215
31427
33933
35250
37257
36969
32465
28397
25711
24737
24172
24476
23585
24089
