Fe on Ga203
  1123.99988  1113.99988    -0.50000     1.00000     2.00000    21    50.0
LO MagPE 50.000KE/1  Ex=1486.599eV WF=4.000eV Ck=XL Det=MCD Ent=6x12mm Exit=4mm
65989
67179
67341
68685
69704
72693
76766
84988
98433
116432
129821
128855
115342
98703
88457
80515
73648
68636
66479
65294
64514
   711.49994   702.99994    -0.50000     1.00000     2.00000    18    50.0
LO MagPE 50.000KE/1  Ex=1486.599eV WF=4.000eV Ck=XL Det=MCD Ent=6x12mm Exit=4mm
58445
59451
60881
60617
61667
63032
64216
66359
67855
68553
65558
59370
55185
53375
52665
52471
52304
51715
