Fe on Ga203
  1123.99988  1113.99988    -0.50000     1.00000     2.00000    21    50.0
LO MagPE 50.000KE/1  Ex=1486.599eV WF=4.000eV Ck=XL Det=MCD Ent=6x12mm Exit=4mm
33768
34146
34135
34819
36480
38878
42047
49197
60787
74338
84095
82788
69805
57412
48372
42549
37596
34826
32564
32072
31998
   711.49994   702.99994    -0.50000     1.00000     2.00000    18    50.0
LO MagPE 50.000KE/1  Ex=1486.599eV WF=4.000eV Ck=XL Det=MCD Ent=6x12mm Exit=4mm
31818
31849
32505
32801
33223
33606
35539
37138
37935
37545
34565
31349
29150
28056
26348
26769
26161
26200
