Fe on Ga203
  1123.99988  1113.99988    -0.50000     1.00000     2.00000    21    50.0
LO MagPE 50.000KE/1  Ex=1486.599eV WF=4.000eV Ck=XL Det=MCD Ent=6x12mm Exit=4mm
82991
83233
84334
84881
86093
89482
94327
103039
117521
136745
152757
152411
136522
117771
103612
97756
91017
84518
82132
81651
79742
   711.49994   702.99994    -0.50000     1.00000     2.00000    18    50.0
LO MagPE 50.000KE/1  Ex=1486.599eV WF=4.000eV Ck=XL Det=MCD Ent=6x12mm Exit=4mm
64270
65176
65992
66185
66531
68215
69360
71097
72794
73449
70645
65161
62168
59705
59393
59585
58969
58837
