Fe on Ga203
  1123.99988  1113.99988    -0.50000     1.00000     2.00000    21    50.0
LO MagPE 50.000KE/1  Ex=1486.599eV WF=4.000eV Ck=XL Det=MCD Ent=6x12mm Exit=4mm
32916
34336
35286
35834
37563
41825
47344
58654
75822
97265
115052
110481
89621
67715
53294
46224
40163
35346
34397
32176
31320
   711.49994   702.99994    -0.50000     1.00000     2.00000    18    50.0
LO MagPE 50.000KE/1  Ex=1486.599eV WF=4.000eV Ck=XL Det=MCD Ent=6x12mm Exit=4mm
31312
31689
32896
32462
33652
33885
35190
36229
37312
37593
35734
30267
28663
28027
27102
27552
26461
26893
