Fe on Ga203
  1123.99988  1113.99988    -0.50000     1.00000     2.00000    21    50.0
LO MagPE 50.000KE/1  Ex=1486.599eV WF=4.000eV Ck=XL Det=MCD Ent=6x12mm Exit=4mm
75967
76527
76384
78442
80061
83976
89179
99269
116671
139220
157475
156185
138972
115474
100599
91181
83606
79557
75326
73779
73810
   711.49994   702.99994    -0.50000     1.00000     2.00000    18    50.0
LO MagPE 50.000KE/1  Ex=1486.599eV WF=4.000eV Ck=XL Det=MCD Ent=6x12mm Exit=4mm
66686
66905
67726
67699
69552
70167
73233
75010
79141
78001
73376
66340
62007
60619
59426
60128
57712
60054
