Fe on Ga203
  1123.99988  1113.99988    -0.50000     1.00000     2.00000    21    50.0
LO MagPE 50.000KE/1  Ex=1486.599eV WF=4.000eV Ck=XL Det=MCD Ent=6x12mm Exit=4mm
55751
56960
56646
57080
58413
59931
62448
66367
74906
84209
93327
92923
85904
77303
70524
66246
61750
58116
56095
54556
54673
   711.49994   702.99994    -0.50000     1.00000     2.00000    18    50.0
LO MagPE 50.000KE/1  Ex=1486.599eV WF=4.000eV Ck=XL Det=MCD Ent=6x12mm Exit=4mm
47168
46771
47683
47999
48679
49404
50485
52720
54712
54965
52495
47416
43398
41955
42481
41572
41323
41345
