Fe on Ga203
  1123.99988  1113.99988    -0.50000     1.00000     2.00000    21    50.0
LO MagPE 50.000KE/1  Ex=1486.599eV WF=4.000eV Ck=XL Det=MCD Ent=6x12mm Exit=4mm
63917
63751
64380
64778
64911
65240
66901
69939
72461
77810
81691
82660
79160
74004
71769
70247
67759
64748
63049
62624
62652
   711.49994   702.99994    -0.50000     1.00000     2.00000    18    50.0
LO MagPE 50.000KE/1  Ex=1486.599eV WF=4.000eV Ck=XL Det=MCD Ent=6x12mm Exit=4mm
48553
49096
49393
49000
49120
49631
50506
50843
51192
51561
50723
48675
46897
46744
47026
47217
47332
46370
