Fe on Ga203
  1123.99988  1113.99988    -0.50000     1.00000     2.00000    21    50.0
LO MagPE 50.000KE/1  Ex=1486.599eV WF=4.000eV Ck=XL Det=MCD Ent=6x12mm Exit=4mm
34642
36431
35585
37647
38766
39562
43971
55973
68034
82814
95436
91994
74884
63021
54118
48012
42664
37337
36691
37096
35939
   711.49994   702.99994    -0.50000     1.00000     2.00000    18    50.0
LO MagPE 50.000KE/1  Ex=1486.599eV WF=4.000eV Ck=XL Det=MCD Ent=6x12mm Exit=4mm
34357
34371
34066
34165
35078
35934
36191
38407
39295
39263
37398
33350
31446
30698
29418
29924
28797
29415
