Fe on Ga203
  1123.99988  1113.99988    -0.50000     1.00000     2.00000    21    50.0
LO MagPE 50.000KE/1  Ex=1486.599eV WF=4.000eV Ck=XL Det=MCD Ent=6x12mm Exit=4mm
32667
33105
33582
34676
34335
36383
39725
46528
56126
69640
78703
76320
68063
54646
46569
40788
36195
34980
32178
30980
30204
   711.49994   702.99994    -0.50000     1.00000     2.00000    18    50.0
LO MagPE 50.000KE/1  Ex=1486.599eV WF=4.000eV Ck=XL Det=MCD Ent=6x12mm Exit=4mm
29893
30708
31310
32554
32036
33962
34240
36994
37034
36606
34145
29904
27195
26049
25784
25308
25843
25627
