Fe on Ga203
  1123.99988  1113.99988    -0.50000     1.00000     2.00000    21    50.0
LO MagPE 50.000KE/1  Ex=1486.599eV WF=4.000eV Ck=XL Det=MCD Ent=6x12mm Exit=4mm
71043
70669
72136
72508
74431
76729
80704
87859
101552
116081
130730
130639
117675
101111
91749
85373
78172
73534
71307
69306
68472
   711.49994   702.99994    -0.50000     1.00000     2.00000    18    50.0
LO MagPE 50.000KE/1  Ex=1486.599eV WF=4.000eV Ck=XL Det=MCD Ent=6x12mm Exit=4mm
61761
62079
62738
64291
64302
65771
67765
71605
72763
73156
68737
63415
58482
57196
55283
55607
55607
55317
