Fe on Ga203
  1123.99988  1113.99988    -0.50000     1.00000     2.00000    21    50.0
LO MagPE 50.000KE/1  Ex=1486.599eV WF=4.000eV Ck=XL Det=MCD Ent=6x12mm Exit=4mm
55811
56008
56208
56794
56583
58097
60429
64633
69566
78075
85043
85893
80303
72788
67848
65007
60780
56621
54885
54011
53327
   711.49994   702.99994    -0.50000     1.00000     2.00000    18    50.0
LO MagPE 50.000KE/1  Ex=1486.599eV WF=4.000eV Ck=XL Det=MCD Ent=6x12mm Exit=4mm
42050
42958
41981
43605
43195
43775
44289
45026
45780
46861
44866
42870
40553
39623
39949
39040
39271
39451
