Fe on Ga203
  1123.99988  1113.99988    -0.50000     1.00000     2.00000    21    50.0
LO MagPE 50.000KE/1  Ex=1486.599eV WF=4.000eV Ck=XL Det=MCD Ent=6x12mm Exit=4mm
58511
59003
59955
60064
61620
64071
66961
72169
83218
95492
106130
106224
97276
85075
76781
71178
65571
61144
58520
57044
56692
   711.49994   702.99994    -0.50000     1.00000     2.00000    18    50.0
LO MagPE 50.000KE/1  Ex=1486.599eV WF=4.000eV Ck=XL Det=MCD Ent=6x12mm Exit=4mm
47300
48291
48122
48734
49918
49278
50829
51994
54271
54020
52023
47882
45383
43966
43438
43618
42931
42645
