Fe on Ga203
  1123.99988  1113.99988    -0.50000     1.00000     2.00000    21    50.0
LO MagPE 50.000KE/1  Ex=1486.599eV WF=4.000eV Ck=XL Det=MCD Ent=6x12mm Exit=4mm
56708
56371
56676
58127
58439
59097
62273
67230
74392
83823
92316
93211
85825
76015
69791
65534
61392
57586
55470
54521
54256
   711.49994   702.99994    -0.50000     1.00000     2.00000    18    50.0
LO MagPE 50.000KE/1  Ex=1486.599eV WF=4.000eV Ck=XL Det=MCD Ent=6x12mm Exit=4mm
44573
44764
46051
45721
46813
46901
48389
49712
50796
52007
49793
45697
43325
41003
41505
40975
40344
40690
