Fe on Ga203
  1123.99988  1113.99988    -0.50000     1.00000     2.00000    21    50.0
LO MagPE 50.000KE/1  Ex=1486.599eV WF=4.000eV Ck=XL Det=MCD Ent=6x12mm Exit=4mm
32926
33626
34099
33920
35549
38964
42063
48805
59325
72580
81305
81842
69673
55734
47491
40283
37502
34268
32488
31330
30834
   711.49994   702.99994    -0.50000     1.00000     2.00000    18    50.0
LO MagPE 50.000KE/1  Ex=1486.599eV WF=4.000eV Ck=XL Det=MCD Ent=6x12mm Exit=4mm
31577
31851
31694
31869
32776
34805
35273
36996
38395
37865
34932
30409
28364
27718
26939
26674
26755
27382
