Fe on Ga203
  1123.99988  1113.99988    -0.50000     1.00000     2.00000    21    50.0
LO MagPE 50.000KE/1  Ex=1486.599eV WF=4.000eV Ck=XL Det=MCD Ent=6x12mm Exit=4mm
96657
97196
96922
98337
99813
106554
116594
132693
157378
186166
212720
210652
181521
146295
129254
115931
107390
102691
98351
97279
94477
   711.49994   702.99994    -0.50000     1.00000     2.00000    18    50.0
LO MagPE 50.000KE/1  Ex=1486.599eV WF=4.000eV Ck=XL Det=MCD Ent=6x12mm Exit=4mm
86763
87494
90904
91445
91822
94685
98506
103455
106138
104149
98274
88038
82289
79691
77702
77118
77351
77061
