Fe on Ga203
  1123.99988  1113.99988    -0.50000     1.00000     2.00000    21    50.0
LO MagPE 50.000KE/1  Ex=1486.599eV WF=4.000eV Ck=XL Det=MCD Ent=6x12mm Exit=4mm
30875
31577
31843
31825
33304
35346
39968
47535
57063
73839
85257
85729
69191
54992
44068
39258
34964
32072
31065
30561
28950
   711.49994   702.99994    -0.50000     1.00000     2.00000    18    50.0
LO MagPE 50.000KE/1  Ex=1486.599eV WF=4.000eV Ck=XL Det=MCD Ent=6x12mm Exit=4mm
27443
28049
28053
27522
28842
30375
31055
32209
33546
32530
29390
26906
24441
23683
23242
23205
22792
22692
