Fe on Ga203
  1123.99988  1113.99988    -0.50000     1.00000     2.00000    21    50.0
LO MagPE 50.000KE/1  Ex=1486.599eV WF=4.000eV Ck=XL Det=MCD Ent=6x12mm Exit=4mm
82610
82377
84219
85104
87300
91501
97953
112043
131676
153913
173599
171703
149925
125152
108481
99449
91925
84811
81118
80092
78529
   711.49994   702.99994    -0.50000     1.00000     2.00000    18    50.0
LO MagPE 50.000KE/1  Ex=1486.599eV WF=4.000eV Ck=XL Det=MCD Ent=6x12mm Exit=4mm
71167
71009
71161
72637
72855
74421
74960
76832
79400
79321
75472
70978
66216
65438
64602
64650
64895
63877
