Fe on Ga203
  1123.99988  1113.99988    -0.50000     1.00000     2.00000    21    50.0
LO MagPE 50.000KE/1  Ex=1486.599eV WF=4.000eV Ck=XL Det=MCD Ent=6x12mm Exit=4mm
84379
85901
86707
88641
91088
94959
100020
112481
131865
156479
176980
175510
152699
127973
110013
102244
94538
88542
86085
83909
82901
   711.49994   702.99994    -0.50000     1.00000     2.00000    18    50.0
LO MagPE 50.000KE/1  Ex=1486.599eV WF=4.000eV Ck=XL Det=MCD Ent=6x12mm Exit=4mm
75753
75519
76729
77970
77903
79044
81414
84769
87087
86827
81332
74266
70564
68871
68190
67771
66585
68083
