Fe on Ga203
  1123.99988  1113.99988    -0.50000     1.00000     2.00000    21    50.0
LO MagPE 50.000KE/1  Ex=1486.599eV WF=4.000eV Ck=XL Det=MCD Ent=6x12mm Exit=4mm
30782
31164
32010
32726
33834
37003
40708
48363
59944
74180
85939
80821
67021
53809
44718
39702
34899
32469
31126
29744
29186
   711.49994   702.99994    -0.50000     1.00000     2.00000    18    50.0
LO MagPE 50.000KE/1  Ex=1486.599eV WF=4.000eV Ck=XL Det=MCD Ent=6x12mm Exit=4mm
30397
31020
32113
32391
32612
33190
34625
36138
38147
36349
33548
30210
26840
26044
26264
26259
26296
25384
