Fe on Ga203
  1123.99988  1113.99988    -0.50000     1.00000     2.00000    21    50.0
LO MagPE 50.000KE/1  Ex=1486.599eV WF=4.000eV Ck=XL Det=MCD Ent=6x12mm Exit=4mm
78797
79285
81914
81400
82763
85251
90486
100406
115940
135820
152922
152960
135376
116804
101825
94055
86671
81967
79448
78691
76352
   711.49994   702.99994    -0.50000     1.00000     2.00000    18    50.0
LO MagPE 50.000KE/1  Ex=1486.599eV WF=4.000eV Ck=XL Det=MCD Ent=6x12mm Exit=4mm
66407
67255
67192
68356
69555
71125
72715
74878
77185
76471
72365
66304
63356
61400
60105
60326
60909
60312
