Fe on Ga203
  1123.99988  1113.99988    -0.50000     1.00000     2.00000    21    50.0
LO MagPE 50.000KE/1  Ex=1486.599eV WF=4.000eV Ck=XL Det=MCD Ent=6x12mm Exit=4mm
31025
31556
32300
32577
33212
34285
36843
41607
49765
59698
66851
68850
60348
49456
43090
38569
35678
33936
31731
31118
31030
   711.49994   702.99994    -0.50000     1.00000     2.00000    18    50.0
LO MagPE 50.000KE/1  Ex=1486.599eV WF=4.000eV Ck=XL Det=MCD Ent=6x12mm Exit=4mm
28974
29562
30083
31314
31390
32571
35077
36218
38613
38235
34076
29437
26285
26313
24377
24547
23906
24775
