Fe on Ga203
  1123.99988  1113.99988    -0.50000     1.00000     2.00000    21    50.0
LO MagPE 50.000KE/1  Ex=1486.599eV WF=4.000eV Ck=XL Det=MCD Ent=6x12mm Exit=4mm
74110
75272
74339
75379
77049
79442
84272
91283
103365
119937
133314
133129
120082
103919
93552
87405
81845
76849
73389
72294
72315
   711.49994   702.99994    -0.50000     1.00000     2.00000    18    50.0
LO MagPE 50.000KE/1  Ex=1486.599eV WF=4.000eV Ck=XL Det=MCD Ent=6x12mm Exit=4mm
64771
65384
67169
67774
69562
71295
72951
77412
80008
81212
74354
66131
60310
58620
56233
56401
55123
55571
