Fe on Ga203
  1123.99988  1113.99988    -0.50000     1.00000     2.00000    21    50.0
LO MagPE 50.000KE/1  Ex=1486.599eV WF=4.000eV Ck=XL Det=MCD Ent=6x12mm Exit=4mm
67440
67523
68170
69112
70090
72196
77590
85071
96199
112539
125967
127758
113853
97471
87060
79948
73588
69549
66546
64929
64208
   711.49994   702.99994    -0.50000     1.00000     2.00000    18    50.0
LO MagPE 50.000KE/1  Ex=1486.599eV WF=4.000eV Ck=XL Det=MCD Ent=6x12mm Exit=4mm
52849
54575
54852
55403
55727
55644
56157
58520
60304
59673
57927
53543
50900
50471
49586
50030
49745
49436
