Fe on Ga203
  1123.99988  1113.99988    -0.50000     1.00000     2.00000    21    50.0
LO MagPE 50.000KE/1  Ex=1486.599eV WF=4.000eV Ck=XL Det=MCD Ent=6x12mm Exit=4mm
80197
80089
81079
81471
81895
85095
88252
94977
104510
119120
130363
131013
120609
107184
99106
93243
87130
82739
79937
77683
77567
   711.49994   702.99994    -0.50000     1.00000     2.00000    18    50.0
LO MagPE 50.000KE/1  Ex=1486.599eV WF=4.000eV Ck=XL Det=MCD Ent=6x12mm Exit=4mm
63892
65129
64731
77558
65257
65770
74401
69243
70097
71552
69019
68841
60853
59473
58679
58753
58325
59038
