Fe on Ga203
  1123.99988  1113.99988    -0.50000     1.00000     2.00000    21    50.0
LO MagPE 50.000KE/1  Ex=1486.599eV WF=4.000eV Ck=XL Det=MCD Ent=6x12mm Exit=4mm
72945
73931
74697
74532
75736
77283
79635
83755
91652
100412
109427
109471
103580
94353
88584
84488
79792
76338
73384
71881
72041
   711.49994   702.99994    -0.50000     1.00000     2.00000    18    50.0
LO MagPE 50.000KE/1  Ex=1486.599eV WF=4.000eV Ck=XL Det=MCD Ent=6x12mm Exit=4mm
58206
57972
57908
57707
59192
58707
60580
61880
62335
62665
60369
57071
55545
54616
54839
54765
54432
54357
