Fe on Ga203
  1123.99988  1113.99988    -0.50000     1.00000     2.00000    21    50.0
LO MagPE 50.000KE/1  Ex=1486.599eV WF=4.000eV Ck=XL Det=MCD Ent=6x12mm Exit=4mm
28719
29536
29772
30114
31016
31385
33838
38348
45424
54704
62120
61953
54415
45830
40078
36102
33130
32025
30362
31310
30823
   711.49994   702.99994    -0.50000     1.00000     2.00000    18    50.0
LO MagPE 50.000KE/1  Ex=1486.599eV WF=4.000eV Ck=XL Det=MCD Ent=6x12mm Exit=4mm
27098
27917
29218
28850
29516
30571
31845
33907
35889
34860
30476
27576
23471
23243
22076
22379
21694
22324
