Fe on Ga203
  1123.99988  1113.99988    -0.50000     1.00000     2.00000    21    50.0
LO MagPE 50.000KE/1  Ex=1486.599eV WF=4.000eV Ck=XL Det=MCD Ent=6x12mm Exit=4mm
66321
65961
67740
67548
69520
70983
75808
82357
94679
109919
122635
124579
111595
95842
85121
78712
72515
68330
66286
65369
64004
   711.49994   702.99994    -0.50000     1.00000     2.00000    18    50.0
LO MagPE 50.000KE/1  Ex=1486.599eV WF=4.000eV Ck=XL Det=MCD Ent=6x12mm Exit=4mm
55645
56027
55962
56821
58730
59536
60278
63029
65260
65334
61631
54807
51709
50677
48870
48392
49325
48511
