Fe on Ga203
  1123.99988  1113.99988    -0.50000     1.00000     2.00000    21    50.0
LO MagPE 50.000KE/1  Ex=1486.599eV WF=4.000eV Ck=XL Det=MCD Ent=6x12mm Exit=4mm
55811
57145
56356
57792
57867
58958
60371
63932
68830
76531
82665
82807
77415
71072
65359
63319
59851
57173
55896
55390
54006
   711.49994   702.99994    -0.50000     1.00000     2.00000    18    50.0
LO MagPE 50.000KE/1  Ex=1486.599eV WF=4.000eV Ck=XL Det=MCD Ent=6x12mm Exit=4mm
44679
44464
46005
46254
47559
48269
47965
49174
52130
50635
49082
44348
41276
40322
39560
39393
38912
39022
