Fe on Ga203
  1123.99988  1113.99988    -0.50000     1.00000     2.00000    21    50.0
LO MagPE 50.000KE/1  Ex=1486.599eV WF=4.000eV Ck=XL Det=MCD Ent=6x12mm Exit=4mm
87097
89238
88958
91344
91872
95973
103006
113232
131561
156267
173517
173933
152429
129268
113927
104373
96665
90754
89284
85307
84998
   711.49994   702.99994    -0.50000     1.00000     2.00000    18    50.0
LO MagPE 50.000KE/1  Ex=1486.599eV WF=4.000eV Ck=XL Det=MCD Ent=6x12mm Exit=4mm
72904
74271
73963
74899
75212
75946
77308
80701
83259
82684
78558
73200
69167
67233
68011
67461
66122
81012
