Fe on Ga203
  1123.99988  1113.99988    -0.50000     1.00000     2.00000    21    50.0
LO MagPE 50.000KE/1  Ex=1486.599eV WF=4.000eV Ck=XL Det=MCD Ent=6x12mm Exit=4mm
97938
100878
104412
103543
105727
109211
113496
119737
140502
161639
174066
167430
150274
131147
120398
110979
106447
100319
96275
94926
94329
   711.49994   702.99994    -0.50000     1.00000     2.00000    18    50.0
LO MagPE 50.000KE/1  Ex=1486.599eV WF=4.000eV Ck=XL Det=MCD Ent=6x12mm Exit=4mm
85225
87323
87716
89143
88168
89849
94796
103449
105634
99818
93387
83210
77651
74599
74055
72460
70642
70142
