Fe on Ga203
  1123.99988  1113.99988    -0.50000     1.00000     2.00000    21    50.0
LO MagPE 50.000KE/1  Ex=1486.599eV WF=4.000eV Ck=XL Det=MCD Ent=6x12mm Exit=4mm
52362
51983
52310
53096
53214
53758
55552
57814
61680
67068
70771
71528
67108
62969
58733
57288
55002
52170
51387
51026
50318
   711.49994   702.99994    -0.50000     1.00000     2.00000    18    50.0
LO MagPE 50.000KE/1  Ex=1486.599eV WF=4.000eV Ck=XL Det=MCD Ent=6x12mm Exit=4mm
40933
40397
40967
41072
41668
42342
43169
44301
45616
45341
43443
41387
38891
37548
37451
37258
36758
36226
