Fe on Ga203
  1123.99988  1113.99988    -0.50000     1.00000     2.00000    21    50.0
LO MagPE 50.000KE/1  Ex=1486.599eV WF=4.000eV Ck=XL Det=MCD Ent=6x12mm Exit=4mm
33375
33217
34118
35171
35800
39532
43901
51995
67279
80923
93584
89315
74709
58639
48040
42122
38263
34513
32454
32334
31661
   711.49994   702.99994    -0.50000     1.00000     2.00000    18    50.0
LO MagPE 50.000KE/1  Ex=1486.599eV WF=4.000eV Ck=XL Det=MCD Ent=6x12mm Exit=4mm
32455
31882
33000
32529
32827
33526
34534
35564
36338
36912
34015
30927
30114
29065
28752
27929
28204
28427
