Fe on Ga203
  1123.99988  1113.99988    -0.50000     1.00000     2.00000    21    50.0
LO MagPE 50.000KE/1  Ex=1486.599eV WF=4.000eV Ck=XL Det=MCD Ent=6x12mm Exit=4mm
75573
76406
77831
78692
80510
84118
89843
101126
118373
140654
156130
154041
135582
114542
100886
91408
83921
78511
76679
73640
74194
   711.49994   702.99994    -0.50000     1.00000     2.00000    18    50.0
LO MagPE 50.000KE/1  Ex=1486.599eV WF=4.000eV Ck=XL Det=MCD Ent=6x12mm Exit=4mm
68339
68298
70339
69898
71265
73667
73590
75848
77826
77857
74981
68388
64219
62328
61963
61721
60771
60689
