Fe on Ga203
  1123.99988  1113.99988    -0.50000     1.00000     2.00000    21    50.0
LO MagPE 50.000KE/1  Ex=1486.599eV WF=4.000eV Ck=XL Det=MCD Ent=6x12mm Exit=4mm
35382
35618
36553
36377
38242
40944
45700
55228
71713
91060
100491
99442
81900
63596
52553
45147
39210
35100
34370
33040
32483
   711.49994   702.99994    -0.50000     1.00000     2.00000    18    50.0
LO MagPE 50.000KE/1  Ex=1486.599eV WF=4.000eV Ck=XL Det=MCD Ent=6x12mm Exit=4mm
34409
33619
34166
34916
34574
36113
36717
38201
40327
40062
36788
32763
31263
29341
28524
28863
28706
29429
