Fe on Ga203
  1123.99988  1113.99988    -0.50000     1.00000     2.00000    21    50.0
LO MagPE 50.000KE/1  Ex=1486.599eV WF=4.000eV Ck=XL Det=MCD Ent=6x12mm Exit=4mm
33282
34594
34965
36311
37033
39173
43723
50758
61710
76580
83797
81718
70011
55420
45713
39839
36105
33947
31794
31815
30737
   711.49994   702.99994    -0.50000     1.00000     2.00000    18    50.0
LO MagPE 50.000KE/1  Ex=1486.599eV WF=4.000eV Ck=XL Det=MCD Ent=6x12mm Exit=4mm
30615
30784
30901
31920
32520
33216
34359
36058
37539
36966
32721
30106
28418
27017
27250
27669
26876
27621
