Fe on Ga203
  1123.99988  1113.99988    -0.50000     1.00000     2.00000    21    50.0
LO MagPE 50.000KE/1  Ex=1486.599eV WF=4.000eV Ck=XL Det=MCD Ent=6x12mm Exit=4mm
89634
89934
90254
91567
92660
95309
99204
108698
122200
140563
155612
156326
142046
122423
110479
102673
97139
91536
88191
86548
85778
   711.49994   702.99994    -0.50000     1.00000     2.00000    18    50.0
LO MagPE 50.000KE/1  Ex=1486.599eV WF=4.000eV Ck=XL Det=MCD Ent=6x12mm Exit=4mm
69180
69751
70910
71365
71029
72554
73546
75292
77162
76405
74492
69576
66767
66022
66786
65091
64596
64763
