Fe on Ga203
  1123.99988  1113.99988    -0.50000     1.00000     2.00000    21    50.0
LO MagPE 50.000KE/1  Ex=1486.599eV WF=4.000eV Ck=XL Det=MCD Ent=6x12mm Exit=4mm
67717
67701
69129
69556
69569
72494
75728
83652
95046
109705
121782
122394
110870
95743
86419
79983
74372
69299
66917
65518
65323
   711.49994   702.99994    -0.50000     1.00000     2.00000    18    50.0
LO MagPE 50.000KE/1  Ex=1486.599eV WF=4.000eV Ck=XL Det=MCD Ent=6x12mm Exit=4mm
56411
56329
55777
57607
58170
58433
59565
61657
63821
63593
61286
56818
52964
50302
50696
50624
50709
50042
