Fe on Ga203
  1123.99988  1113.99988    -0.50000     1.00000     2.00000    21    50.0
LO MagPE 50.000KE/1  Ex=1486.599eV WF=4.000eV Ck=XL Det=MCD Ent=6x12mm Exit=4mm
37533
36672
37560
39240
40741
43332
47643
56853
71088
88502
101181
97234
83185
64651
54373
47024
42167
39684
37184
36064
34790
   711.49994   702.99994    -0.50000     1.00000     2.00000    18    50.0
LO MagPE 50.000KE/1  Ex=1486.599eV WF=4.000eV Ck=XL Det=MCD Ent=6x12mm Exit=4mm
35653
35402
36022
35691
35747
36857
37984
40205
41737
41409
38928
34973
32280
30848
31071
31290
30045
29832
