Fe on Ga203
  1123.99988  1113.99988    -0.50000     1.00000     2.00000    21    50.0
LO MagPE 50.000KE/1  Ex=1486.599eV WF=4.000eV Ck=XL Det=MCD Ent=6x12mm Exit=4mm
82213
81701
83148
83995
84844
87204
91336
99127
110648
126967
140682
138573
126337
111635
100375
94130
88202
84658
81620
80427
79359
   711.49994   702.99994    -0.50000     1.00000     2.00000    18    50.0
LO MagPE 50.000KE/1  Ex=1486.599eV WF=4.000eV Ck=XL Det=MCD Ent=6x12mm Exit=4mm
68532
69700
70797
71708
72373
75177
78317
81025
84811
83121
76962
68620
62549
60596
60266
58166
58305
58890
