Fe on Ga203
  1123.99988  1113.99988    -0.50000     1.00000     2.00000    21    50.0
LO MagPE 50.000KE/1  Ex=1486.599eV WF=4.000eV Ck=XL Det=MCD Ent=6x12mm Exit=4mm
29933
30915
31123
31795
33937
35748
39865
48349
60429
73989
86498
86315
72411
55962
46624
40014
36337
32596
30952
30595
29257
   711.49994   702.99994    -0.50000     1.00000     2.00000    18    50.0
LO MagPE 50.000KE/1  Ex=1486.599eV WF=4.000eV Ck=XL Det=MCD Ent=6x12mm Exit=4mm
28042
28177
28414
29005
29317
30267
31117
33372
33925
33929
30076
27264
25305
24050
23587
24231
23412
23358
