Fe on Ga203
  1123.99988  1113.99988    -0.50000     1.00000     2.00000    21    50.0
LO MagPE 50.000KE/1  Ex=1486.599eV WF=4.000eV Ck=XL Det=MCD Ent=6x12mm Exit=4mm
79589
80084
80637
81389
82712
83969
87110
91487
100693
111510
119849
119600
111695
100370
94082
89647
84934
81075
79798
78680
77848
   711.49994   702.99994    -0.50000     1.00000     2.00000    18    50.0
LO MagPE 50.000KE/1  Ex=1486.599eV WF=4.000eV Ck=XL Det=MCD Ent=6x12mm Exit=4mm
66161
67543
67966
69719
69540
72106
74651
78047
81100
79749
72779
65058
60615
58935
57933
57441
56492
56830
