Fe on Ga203
  1123.99988  1113.99988    -0.50000     1.00000     2.00000    21    50.0
LO MagPE 50.000KE/1  Ex=1486.599eV WF=4.000eV Ck=XL Det=MCD Ent=6x12mm Exit=4mm
31396
32622
33027
34119
35400
36782
42711
50156
62753
78100
88409
87260
72165
55781
46388
40204
36412
33239
32971
31106
30347
   711.49994   702.99994    -0.50000     1.00000     2.00000    18    50.0
LO MagPE 50.000KE/1  Ex=1486.599eV WF=4.000eV Ck=XL Det=MCD Ent=6x12mm Exit=4mm
31096
31671
35698
31777
32004
36045
34408
36121
36613
36939
35735
30093
27257
26767
26608
26373
26740
26567
