Fe on Ga203
  1123.99988  1113.99988    -0.50000     1.00000     2.00000    21    50.0
LO MagPE 50.000KE/1  Ex=1486.599eV WF=4.000eV Ck=XL Det=MCD Ent=6x12mm Exit=4mm
79002
79131
79951
81136
83445
86472
92378
103122
120619
144115
162101
161239
139402
117875
103095
94760
85942
81552
79107
76668
76687
   711.49994   702.99994    -0.50000     1.00000     2.00000    18    50.0
LO MagPE 50.000KE/1  Ex=1486.599eV WF=4.000eV Ck=XL Det=MCD Ent=6x12mm Exit=4mm
68632
69557
71244
70208
71782
71436
74749
76574
80256
79529
74282
68348
64516
62116
60471
61531
61341
61374
