Fe on Ga203
  1123.99988  1113.99988    -0.50000     1.00000     2.00000    21    50.0
LO MagPE 50.000KE/1  Ex=1486.599eV WF=4.000eV Ck=XL Det=MCD Ent=6x12mm Exit=4mm
32865
32906
33905
33752
36155
39130
44779
54509
71053
90589
104935
101826
83278
63496
50658
43399
38755
35279
32551
31795
30718
   711.49994   702.99994    -0.50000     1.00000     2.00000    18    50.0
LO MagPE 50.000KE/1  Ex=1486.599eV WF=4.000eV Ck=XL Det=MCD Ent=6x12mm Exit=4mm
30372
30680
30991
32051
32020
32773
34522
34532
36233
35851
33416
30451
28733
28099
27080
28326
26775
27407
