Fe on Ga203
  1123.99988  1113.99988    -0.50000     1.00000     2.00000    21    50.0
LO MagPE 50.000KE/1  Ex=1486.599eV WF=4.000eV Ck=XL Det=MCD Ent=6x12mm Exit=4mm
80847
81724
82318
83195
83772
86058
90749
97871
110020
125897
136702
137441
124886
109717
99669
94095
87434
84455
80695
79660
79252
   711.49994   702.99994    -0.50000     1.00000     2.00000    18    50.0
LO MagPE 50.000KE/1  Ex=1486.599eV WF=4.000eV Ck=XL Det=MCD Ent=6x12mm Exit=4mm
69024
68968
70542
70828
72211
73896
76704
79799
81768
82402
75767
68330
63099
59859
58794
58258
59137
58991
