Fe on Ga203
  1123.99988  1113.99988    -0.50000     1.00000     2.00000    21    50.0
LO MagPE 50.000KE/1  Ex=1486.599eV WF=4.000eV Ck=XL Det=MCD Ent=6x12mm Exit=4mm
93577
96859
96716
97883
97864
102609
109379
120797
135141
154175
166995
171322
153426
128700
119727
112161
105140
98133
94194
94082
94114
   711.49994   702.99994    -0.50000     1.00000     2.00000    18    50.0
LO MagPE 50.000KE/1  Ex=1486.599eV WF=4.000eV Ck=XL Det=MCD Ent=6x12mm Exit=4mm
81451
84302
83445
84708
86157
86207
90509
95184
96959
98107
87901
78580
75309
72652
70437
67645
68641
68462
