Fe on Ga203
  1123.99988  1113.99988    -0.50000     1.00000     2.00000    21    50.0
LO MagPE 50.000KE/1  Ex=1486.599eV WF=4.000eV Ck=XL Det=MCD Ent=6x12mm Exit=4mm
31245
31044
31732
32541
33685
36233
40540
49288
62932
79440
90374
89756
71330
56273
45682
39917
36243
32093
30737
29722
29516
   711.49994   702.99994    -0.50000     1.00000     2.00000    18    50.0
LO MagPE 50.000KE/1  Ex=1486.599eV WF=4.000eV Ck=XL Det=MCD Ent=6x12mm Exit=4mm
29152
29557
29821
30328
30192
32185
31101
32823
33745
33876
31388
29216
27142
26718
26249
26781
25055
25882
