Fe on Ga203
  1123.99988  1113.99988    -0.50000     1.00000     2.00000    21    50.0
LO MagPE 50.000KE/1  Ex=1486.599eV WF=4.000eV Ck=XL Det=MCD Ent=6x12mm Exit=4mm
39296
39283
39229
39693
40063
40346
41975
43754
47515
51882
55743
56122
52844
49514
46762
44842
42057
39936
38708
37633
38055
   711.49994   702.99994    -0.50000     1.00000     2.00000    18    50.0
LO MagPE 50.000KE/1  Ex=1486.599eV WF=4.000eV Ck=XL Det=MCD Ent=6x12mm Exit=4mm
28639
29098
29700
29849
30577
30899
30524
31781
33462
33436
31513
29208
27259
27110
26262
26443
26224
25779
