Fe on Ga203
  1123.99988  1113.99988    -0.50000     1.00000     2.00000    21    50.0
LO MagPE 50.000KE/1  Ex=1486.599eV WF=4.000eV Ck=XL Det=MCD Ent=6x12mm Exit=4mm
28139
28382
29123
29883
31104
32547
38126
45399
55355
71396
84724
82873
69071
52886
43586
37690
33429
31006
28292
27655
26435
   711.49994   702.99994    -0.50000     1.00000     2.00000    18    50.0
LO MagPE 50.000KE/1  Ex=1486.599eV WF=4.000eV Ck=XL Det=MCD Ent=6x12mm Exit=4mm
23761
24423
25649
25856
26174
26934
28134
30777
31574
29976
27918
23791
21629
21646
21102
20812
20070
20355
