Fe on Ga203
  1123.99988  1113.99988    -0.50000     1.00000     2.00000    21    50.0
LO MagPE 50.000KE/1  Ex=1486.599eV WF=4.000eV Ck=XL Det=MCD Ent=6x12mm Exit=4mm
33196
32407
33487
34909
37614
39601
45498
55635
70403
90298
101517
97256
78548
60230
49860
42605
37900
34948
32676
31881
31965
   711.49994   702.99994    -0.50000     1.00000     2.00000    18    50.0
LO MagPE 50.000KE/1  Ex=1486.599eV WF=4.000eV Ck=XL Det=MCD Ent=6x12mm Exit=4mm
33318
34320
33268
34820
34644
35757
36784
38846
39420
38824
36830
33028
30146
29441
29337
28862
27878
27905
