Fe on Ga203
  1123.99988  1113.99988    -0.50000     1.00000     2.00000    21    50.0
LO MagPE 50.000KE/1  Ex=1486.599eV WF=4.000eV Ck=XL Det=MCD Ent=6x12mm Exit=4mm
91377
92723
93040
94202
96529
100498
106850
119862
138736
165512
186641
185200
163283
136160
120594
108580
102848
94491
91679
89545
88565
   711.49994   702.99994    -0.50000     1.00000     2.00000    18    50.0
LO MagPE 50.000KE/1  Ex=1486.599eV WF=4.000eV Ck=XL Det=MCD Ent=6x12mm Exit=4mm
73906
73527
75982
75493
76363
77854
78836
79911
81939
82737
80203
73858
70321
69080
69516
67726
68563
68481
