Fe on Ga203
  1123.99988  1113.99988    -0.50000     1.00000     2.00000    21    50.0
LO MagPE 50.000KE/1  Ex=1486.599eV WF=4.000eV Ck=XL Det=MCD Ent=6x12mm Exit=4mm
29925
29492
30323
30864
31559
33426
38087
44354
54336
66717
76671
74176
61699
49903
42166
37917
33427
30324
29267
29754
28484
   711.49994   702.99994    -0.50000     1.00000     2.00000    18    50.0
LO MagPE 50.000KE/1  Ex=1486.599eV WF=4.000eV Ck=XL Det=MCD Ent=6x12mm Exit=4mm
29605
30674
31114
30371
31595
32267
32616
35020
35764
35252
31877
29044
26219
26058
25171
24109
24950
24466
