Fe on Ga203
  1123.99988  1113.99988    -0.50000     1.00000     2.00000    21    50.0
LO MagPE 50.000KE/1  Ex=1486.599eV WF=4.000eV Ck=XL Det=MCD Ent=6x12mm Exit=4mm
76570
76790
76965
77320
77908
79509
80782
84934
92101
99783
106916
108742
101379
93623
89070
84597
80513
76702
75964
74698
74234
   711.49994   702.99994    -0.50000     1.00000     2.00000    18    50.0
LO MagPE 50.000KE/1  Ex=1486.599eV WF=4.000eV Ck=XL Det=MCD Ent=6x12mm Exit=4mm
58844
59430
59504
60260
60228
61068
61526
62772
63976
63129
62474
59325
57912
56122
56734
57153
56437
56274
