Fe on Ga203
  1123.99988  1113.99988    -0.50000     1.00000     2.00000    21    50.0
LO MagPE 50.000KE/1  Ex=1486.599eV WF=4.000eV Ck=XL Det=MCD Ent=6x12mm Exit=4mm
90905
90688
91670
93175
95240
99427
106153
116214
137401
162392
180688
183041
158297
134813
117610
108507
99339
93397
91272
88501
86350
   711.49994   702.99994    -0.50000     1.00000     2.00000    18    50.0
LO MagPE 50.000KE/1  Ex=1486.599eV WF=4.000eV Ck=XL Det=MCD Ent=6x12mm Exit=4mm
72213
73753
74748
74754
75920
76811
78991
82130
81981
83084
79864
74005
68815
67447
69630
67594
67272
67186
