Fe on Ga203
  1123.99988  1113.99988    -0.50000     1.00000     2.00000    21    50.0
LO MagPE 50.000KE/1  Ex=1486.599eV WF=4.000eV Ck=XL Det=MCD Ent=6x12mm Exit=4mm
34958
35065
37380
38064
38914
41531
47807
56561
68527
85369
99441
97924
81918
64341
51039
45960
41396
38370
36243
34156
32038
   711.49994   702.99994    -0.50000     1.00000     2.00000    18    50.0
LO MagPE 50.000KE/1  Ex=1486.599eV WF=4.000eV Ck=XL Det=MCD Ent=6x12mm Exit=4mm
32234
32296
32182
32254
32830
33155
35131
36021
37442
37565
35327
31928
29483
28327
27658
27871
27800
26927
