Fe on Ga203
  1123.99988  1113.99988    -0.50000     1.00000     2.00000    21    50.0
LO MagPE 50.000KE/1  Ex=1486.599eV WF=4.000eV Ck=XL Det=MCD Ent=6x12mm Exit=4mm
27250
27579
26958
28467
29546
31624
34870
40991
51877
64081
74664
73425
61656
48010
39780
34324
31685
28721
27510
26749
26007
   711.49994   702.99994    -0.50000     1.00000     2.00000    18    50.0
LO MagPE 50.000KE/1  Ex=1486.599eV WF=4.000eV Ck=XL Det=MCD Ent=6x12mm Exit=4mm
23379
23858
23879
24861
25473
26021
27041
28572
29682
28838
26019
23550
21050
20547
20680
20490
19649
19983
