Fe on Ga203
  1123.99988  1113.99988    -0.50000     1.00000     2.00000    21    50.0
LO MagPE 50.000KE/1  Ex=1486.599eV WF=4.000eV Ck=XL Det=MCD Ent=6x12mm Exit=4mm
94579
94235
95923
97582
99854
102483
110747
123904
144786
170714
190242
187538
164897
139299
122104
112092
104582
98272
94243
91673
91949
   711.49994   702.99994    -0.50000     1.00000     2.00000    18    50.0
LO MagPE 50.000KE/1  Ex=1486.599eV WF=4.000eV Ck=XL Det=MCD Ent=6x12mm Exit=4mm
78946
80495
81110
81389
83266
84562
85163
88287
90875
90254
87117
80409
75905
75596
73652
74558
73582
73572
