Fe on Ga203
  1123.99988  1113.99988    -0.50000     1.00000     2.00000    21    50.0
LO MagPE 50.000KE/1  Ex=1486.599eV WF=4.000eV Ck=XL Det=MCD Ent=6x12mm Exit=4mm
77191
78459
78584
80145
82412
85298
90985
103082
119768
142223
159655
158223
137544
115280
101256
92918
85644
79649
77676
75475
74223
   711.49994   702.99994    -0.50000     1.00000     2.00000    18    50.0
LO MagPE 50.000KE/1  Ex=1486.599eV WF=4.000eV Ck=XL Det=MCD Ent=6x12mm Exit=4mm
68564
68667
69614
72008
70727
70790
73701
76246
77203
77298
74065
68028
64186
62528
62549
61345
60780
61444
