Fe on Ga203
  1123.99988  1113.99988    -0.50000     1.00000     2.00000    21    50.0
LO MagPE 50.000KE/1  Ex=1486.599eV WF=4.000eV Ck=XL Det=MCD Ent=6x12mm Exit=4mm
70468
70808
70931
71666
71315
72705
73470
76628
80120
84820
88810
88600
84761
80578
77537
75574
72830
70578
70025
68812
69261
   711.49994   702.99994    -0.50000     1.00000     2.00000    18    50.0
LO MagPE 50.000KE/1  Ex=1486.599eV WF=4.000eV Ck=XL Det=MCD Ent=6x12mm Exit=4mm
58163
58337
59145
59811
60205
61247
62783
64854
67015
66675
63003
58197
54123
52562
51859
52103
52362
52004
