Fe on Ga203
  1123.99988  1113.99988    -0.50000     1.00000     2.00000    21    50.0
LO MagPE 50.000KE/1  Ex=1486.599eV WF=4.000eV Ck=XL Det=MCD Ent=6x12mm Exit=4mm
33783
34127
34623
36067
37127
39964
45504
54405
69286
87958
103215
99836
82392
63433
50612
43688
39264
35875
33035
32383
32884
   711.49994   702.99994    -0.50000     1.00000     2.00000    18    50.0
LO MagPE 50.000KE/1  Ex=1486.599eV WF=4.000eV Ck=XL Det=MCD Ent=6x12mm Exit=4mm
30408
29838
30929
30739
30841
32003
32406
34168
34245
34548
32421
29648
28044
27258
26761
26633
26633
27136
