Fe on Ga203
  1123.99988  1113.99988    -0.50000     1.00000     2.00000    21    50.0
LO MagPE 50.000KE/1  Ex=1486.599eV WF=4.000eV Ck=XL Det=MCD Ent=6x12mm Exit=4mm
32905
33420
33628
34003
36592
38384
43627
51488
65244
80988
92643
86747
72172
56743
47234
41609
36799
34239
33109
31949
31788
   711.49994   702.99994    -0.50000     1.00000     2.00000    18    50.0
LO MagPE 50.000KE/1  Ex=1486.599eV WF=4.000eV Ck=XL Det=MCD Ent=6x12mm Exit=4mm
31745
32521
33010
33423
33857
34566
35238
36657
37902
37170
34585
31479
29448
28607
28539
28094
28753
28313
