Fe on Ga203
  1123.99988  1113.99988    -0.50000     1.00000     2.00000    21    50.0
LO MagPE 50.000KE/1  Ex=1486.599eV WF=4.000eV Ck=XL Det=MCD Ent=6x12mm Exit=4mm
30164
30958
31494
32031
33590
35125
38621
44150
52571
63392
72081
72096
63879
50822
43250
38581
35353
33465
31607
30615
29708
   711.49994   702.99994    -0.50000     1.00000     2.00000    18    50.0
LO MagPE 50.000KE/1  Ex=1486.599eV WF=4.000eV Ck=XL Det=MCD Ent=6x12mm Exit=4mm
28836
29798
30226
31531
31420
32971
34654
36114
37624
36399
33950
28991
26691
24925
24540
24078
24538
24617
