Fe on Ga203
  1123.99988  1113.99988    -0.50000     1.00000     2.00000    21    50.0
LO MagPE 50.000KE/1  Ex=1486.599eV WF=4.000eV Ck=XL Det=MCD Ent=6x12mm Exit=4mm
61747
61698
62714
62530
64113
65930
69430
74699
83613
95992
105690
106053
96137
83155
76202
71633
66695
62727
60925
60214
59912
   711.49994   702.99994    -0.50000     1.00000     2.00000    18    50.0
LO MagPE 50.000KE/1  Ex=1486.599eV WF=4.000eV Ck=XL Det=MCD Ent=6x12mm Exit=4mm
50564
51218
51544
51693
52648
53777
54936
58600
59578
60329
55617
51469
46321
44954
44862
44080
43981
43968
