Fe on Ga203
  1123.99988  1113.99988    -0.50000     1.00000     2.00000    21    50.0
LO MagPE 50.000KE/1  Ex=1486.599eV WF=4.000eV Ck=XL Det=MCD Ent=6x12mm Exit=4mm
85500
85707
86048
86529
87374
89661
92118
97421
107350
119307
127550
126245
117564
105820
99282
94863
89811
85865
84809
83661
83562
   711.49994   702.99994    -0.50000     1.00000     2.00000    18    50.0
LO MagPE 50.000KE/1  Ex=1486.599eV WF=4.000eV Ck=XL Det=MCD Ent=6x12mm Exit=4mm
69898
70511
71359
72300
73466
75940
78814
82179
85009
83088
76219
68110
62675
60979
60190
58651
59316
58974
