Fe on Ga203
  1123.99988  1113.99988    -0.50000     1.00000     2.00000    21    50.0
LO MagPE 50.000KE/1  Ex=1486.599eV WF=4.000eV Ck=XL Det=MCD Ent=6x12mm Exit=4mm
89527
89177
90174
90569
92585
92578
95183
101089
109824
121764
131896
131650
121432
110951
103635
98554
93818
91730
88741
87806
87149
   711.49994   702.99994    -0.50000     1.00000     2.00000    18    50.0
LO MagPE 50.000KE/1  Ex=1486.599eV WF=4.000eV Ck=XL Det=MCD Ent=6x12mm Exit=4mm
72874
72771
74873
76201
77181
78132
83121
86647
89418
86826
80961
70883
65696
63813
62823
63902
62773
60984
