Fe on Ga203
  1123.99988  1113.99988    -0.50000     1.00000     2.00000    21    50.0
LO MagPE 50.000KE/1  Ex=1486.599eV WF=4.000eV Ck=XL Det=MCD Ent=6x12mm Exit=4mm
62367
62732
62358
63229
63739
64591
66041
68337
73325
79030
83639
85348
81342
76115
72483
70443
66968
64131
61884
61473
61088
   711.49994   702.99994    -0.50000     1.00000     2.00000    18    50.0
LO MagPE 50.000KE/1  Ex=1486.599eV WF=4.000eV Ck=XL Det=MCD Ent=6x12mm Exit=4mm
47323
47867
47401
48273
48402
49148
48623
49476
50116
50250
48435
47309
45401
45200
44531
44457
44461
44525
