Fe on Ga203
  1123.99988  1113.99988    -0.50000     1.00000     2.00000    21    50.0
LO MagPE 50.000KE/1  Ex=1486.599eV WF=4.000eV Ck=XL Det=MCD Ent=6x12mm Exit=4mm
67754
68009
68703
70025
70337
71705
75862
82252
93738
107262
119510
120361
108365
93390
85225
78993
73551
70113
66983
66198
64565
   711.49994   702.99994    -0.50000     1.00000     2.00000    18    50.0
LO MagPE 50.000KE/1  Ex=1486.599eV WF=4.000eV Ck=XL Det=MCD Ent=6x12mm Exit=4mm
56637
58406
58590
58777
59103
60528
62325
65220
66235
68282
63221
57549
53632
52003
51508
51314
50104
50359
