Fe on Ga203
  1123.99988  1113.99988    -0.50000     1.00000     2.00000    21    50.0
LO MagPE 50.000KE/1  Ex=1486.599eV WF=4.000eV Ck=XL Det=MCD Ent=6x12mm Exit=4mm
27554
28222
28322
29344
29761
32613
36147
42824
53246
67235
76705
76836
64797
50519
41156
36070
32686
29943
28080
27294
27073
   711.49994   702.99994    -0.50000     1.00000     2.00000    18    50.0
LO MagPE 50.000KE/1  Ex=1486.599eV WF=4.000eV Ck=XL Det=MCD Ent=6x12mm Exit=4mm
24666
24902
25021
25866
25884
26340
28235
29551
30747
29975
26958
24354
21541
22157
20859
20368
21027
20297
