Fe on Ga203
  1123.99988  1113.99988    -0.50000     1.00000     2.00000    21    50.0
LO MagPE 50.000KE/1  Ex=1486.599eV WF=4.000eV Ck=XL Det=MCD Ent=6x12mm Exit=4mm
32813
33347
33790
34057
34894
37270
40748
49729
63427
78190
88703
87760
72916
59269
48356
42880
38494
35393
33692
31601
30580
   711.49994   702.99994    -0.50000     1.00000     2.00000    18    50.0
LO MagPE 50.000KE/1  Ex=1486.599eV WF=4.000eV Ck=XL Det=MCD Ent=6x12mm Exit=4mm
31377
29750
31238
31005
30834
31376
31980
33725
35460
33844
32743
28891
27620
25963
26111
25376
25852
25774
