Fe on Ga203
  1123.99988  1113.99988    -0.50000     1.00000     2.00000    21    50.0
LO MagPE 50.000KE/1  Ex=1486.599eV WF=4.000eV Ck=XL Det=MCD Ent=6x12mm Exit=4mm
71599
71818
71624
72131
73050
75444
78352
85562
96065
110910
122637
123490
112289
98260
88577
83336
76812
71566
69278
68856
67548
   711.49994   702.99994    -0.50000     1.00000     2.00000    18    50.0
LO MagPE 50.000KE/1  Ex=1486.599eV WF=4.000eV Ck=XL Det=MCD Ent=6x12mm Exit=4mm
57146
57437
57332
58433
57622
59326
60850
62926
63649
63714
60902
57714
53810
52778
52486
53009
52323
52867
