Fe on Ga203
  1123.99988  1113.99988    -0.50000     1.00000     2.00000    21    50.0
LO MagPE 50.000KE/1  Ex=1486.599eV WF=4.000eV Ck=XL Det=MCD Ent=6x12mm Exit=4mm
38507
38922
39001
39149
39044
40077
41048
42917
45804
50257
53594
54371
50801
47541
45318
42727
40708
38884
37526
37543
37157
   711.49994   702.99994    -0.50000     1.00000     2.00000    18    50.0
LO MagPE 50.000KE/1  Ex=1486.599eV WF=4.000eV Ck=XL Det=MCD Ent=6x12mm Exit=4mm
27083
27757
27099
28440
28258
29015
29788
30286
31250
32057
30529
27675
25822
24946
24312
24516
23702
24202
