Fe on Ga203
  1123.99988  1113.99988    -0.50000     1.00000     2.00000    21    50.0
LO MagPE 50.000KE/1  Ex=1486.599eV WF=4.000eV Ck=XL Det=MCD Ent=6x12mm Exit=4mm
35178
36673
37745
37948
38737
40354
46019
54806
69693
85172
99773
100335
82058
65493
54070
46802
41106
38555
35863
35677
34361
   711.49994   702.99994    -0.50000     1.00000     2.00000    18    50.0
LO MagPE 50.000KE/1  Ex=1486.599eV WF=4.000eV Ck=XL Det=MCD Ent=6x12mm Exit=4mm
34855
35581
35025
34590
34460
35132
36227
37522
38862
38127
36312
32396
30633
29503
29439
28326
28444
28347
