Fe on Ga203
  1123.99988  1113.99988    -0.50000     1.00000     2.00000    21    50.0
LO MagPE 50.000KE/1  Ex=1486.599eV WF=4.000eV Ck=XL Det=MCD Ent=6x12mm Exit=4mm
31728
32409
32575
33513
35446
37144
40948
49976
62529
77192
89950
86101
73889
57354
47959
44793
39425
35381
34831
32955
32675
   711.49994   702.99994    -0.50000     1.00000     2.00000    18    50.0
LO MagPE 50.000KE/1  Ex=1486.599eV WF=4.000eV Ck=XL Det=MCD Ent=6x12mm Exit=4mm
32554
31405
31573
33603
33508
33855
34305
37070
38532
37168
35521
31449
29270
27364
28227
27824
28282
28105
