Fe on Ga203
  1123.99988  1113.99988    -0.50000     1.00000     2.00000    21    50.0
LO MagPE 50.000KE/1  Ex=1486.599eV WF=4.000eV Ck=XL Det=MCD Ent=6x12mm Exit=4mm
34604
34394
34450
35340
36285
37745
41674
47376
56839
69918
80138
79333
70303
56115
48319
44426
39693
37078
35421
34774
34443
   711.49994   702.99994    -0.50000     1.00000     2.00000    18    50.0
LO MagPE 50.000KE/1  Ex=1486.599eV WF=4.000eV Ck=XL Det=MCD Ent=6x12mm Exit=4mm
32729
32442
33109
33414
34378
36542
37271
39934
41705
39579
36660
32982
28973
27718
27390
26824
26898
27211
