Fe on Ga203
  1123.99988  1113.99988    -0.50000     1.00000     2.00000    21    50.0
LO MagPE 50.000KE/1  Ex=1486.599eV WF=4.000eV Ck=XL Det=MCD Ent=6x12mm Exit=4mm
83931
84209
85969
85784
87624
88368
92245
98128
106822
119666
128859
129746
119445
106150
99106
93895
89726
86494
84351
82981
82655
   711.49994   702.99994    -0.50000     1.00000     2.00000    18    50.0
LO MagPE 50.000KE/1  Ex=1486.599eV WF=4.000eV Ck=XL Det=MCD Ent=6x12mm Exit=4mm
69848
71750
72379
74723
74699
76817
80973
84099
86571
85273
77331
68022
63691
61803
60631
59848
59239
60037
