Fe on Ga203
  1123.99988  1113.99988    -0.50000     1.00000     2.00000    21    50.0
LO MagPE 50.000KE/1  Ex=1486.599eV WF=4.000eV Ck=XL Det=MCD Ent=6x12mm Exit=4mm
60155
60278
60648
61109
60964
61413
62270
63711
66022
70155
73146
74235
70965
68628
66000
64957
62681
60585
59468
58667
58543
   711.49994   702.99994    -0.50000     1.00000     2.00000    18    50.0
LO MagPE 50.000KE/1  Ex=1486.599eV WF=4.000eV Ck=XL Det=MCD Ent=6x12mm Exit=4mm
43910
43445
44102
44821
44983
44991
46223
46446
46648
47085
45996
44115
42847
42515
42059
41558
41504
41560
