Fe on Ga203
  1123.99988  1113.99988    -0.50000     1.00000     2.00000    21    50.0
LO MagPE 50.000KE/1  Ex=1486.599eV WF=4.000eV Ck=XL Det=MCD Ent=6x12mm Exit=4mm
25952
25869
26328
27246
28513
30297
33386
37734
46406
59388
68769
67981
57279
44952
37837
32965
29468
27699
25817
25409
24978
   711.49994   702.99994    -0.50000     1.00000     2.00000    18    50.0
LO MagPE 50.000KE/1  Ex=1486.599eV WF=4.000eV Ck=XL Det=MCD Ent=6x12mm Exit=4mm
22233
22560
22046
23363
23483
24753
25607
26899
28500
27493
24706
22012
20279
19469
18612
18671
18422
18565
