Fe on Ga203
  1123.99988  1113.99988    -0.50000     1.00000     2.00000    21    50.0
LO MagPE 50.000KE/1  Ex=1486.599eV WF=4.000eV Ck=XL Det=MCD Ent=6x12mm Exit=4mm
33544
32990
35133
35577
37565
40125
46420
57279
73008
92624
104416
99526
79122
61053
50068
43311
38391
35446
33253
31565
30663
   711.49994   702.99994    -0.50000     1.00000     2.00000    18    50.0
LO MagPE 50.000KE/1  Ex=1486.599eV WF=4.000eV Ck=XL Det=MCD Ent=6x12mm Exit=4mm
33055
33761
34797
35143
35956
36705
37878
40445
42791
40754
37170
33157
29930
29259
28787
28596
29256
28400
