Fe on Ga203
  1123.99988  1113.99988    -0.50000     1.00000     2.00000    21    50.0
LO MagPE 50.000KE/1  Ex=1486.599eV WF=4.000eV Ck=XL Det=MCD Ent=6x12mm Exit=4mm
45734
45470
45356
45703
45447
47334
48252
50816
55248
61879
66449
67719
62686
57359
53443
51059
48624
45777
44354
43676
42882
   711.49994   702.99994    -0.50000     1.00000     2.00000    18    50.0
LO MagPE 50.000KE/1  Ex=1486.599eV WF=4.000eV Ck=XL Det=MCD Ent=6x12mm Exit=4mm
35872
36174
36789
37808
37863
38183
39901
41437
42949
43572
40763
37216
33869
33069
32661
32372
32649
32923
