Fe on Ga203
  1123.99988  1113.99988    -0.50000     1.00000     2.00000    21    50.0
LO MagPE 50.000KE/1  Ex=1486.599eV WF=4.000eV Ck=XL Det=MCD Ent=6x12mm Exit=4mm
31408
31815
32463
32874
34442
36870
41276
50240
62254
78889
90264
88658
73175
57243
46812
40454
36391
32627
31345
30769
29394
   711.49994   702.99994    -0.50000     1.00000     2.00000    18    50.0
LO MagPE 50.000KE/1  Ex=1486.599eV WF=4.000eV Ck=XL Det=MCD Ent=6x12mm Exit=4mm
29832
29860
30126
30051
30692
32055
32781
33505
33603
34032
32832
29948
27353
27118
25710
25982
26043
25275
