Fe on Ga203
  1123.99988  1113.99988    -0.50000     1.00000     2.00000    21    50.0
LO MagPE 50.000KE/1  Ex=1486.599eV WF=4.000eV Ck=XL Det=MCD Ent=6x12mm Exit=4mm
78846
79130
80723
82076
82836
87550
92400
102590
119575
140086
157520
155252
136745
115387
102760
93437
86752
82128
80961
77596
77560
   711.49994   702.99994    -0.50000     1.00000     2.00000    18    50.0
LO MagPE 50.000KE/1  Ex=1486.599eV WF=4.000eV Ck=XL Det=MCD Ent=6x12mm Exit=4mm
70362
72250
73079
74529
74519
76294
78308
82537
84671
84625
79945
71040
65769
63070
62920
61455
61217
61837
