Fe on Ga203
  1123.99988  1113.99988    -0.50000     1.00000     2.00000    21    50.0
LO MagPE 50.000KE/1  Ex=1486.599eV WF=4.000eV Ck=XL Det=MCD Ent=6x12mm Exit=4mm
89786
90128
90295
92924
95210
98910
107394
120292
140804
167999
190316
186854
163713
135401
117975
108650
98961
94338
89837
88403
86893
   711.49994   702.99994    -0.50000     1.00000     2.00000    18    50.0
LO MagPE 50.000KE/1  Ex=1486.599eV WF=4.000eV Ck=XL Det=MCD Ent=6x12mm Exit=4mm
79441
80556
81278
82285
82350
83924
85556
89260
92850
92743
85334
78634
74531
71410
71403
71493
71160
70601
