Fe on Ga203
  1123.99988  1113.99988    -0.50000     1.00000     2.00000    21    50.0
LO MagPE 50.000KE/1  Ex=1486.599eV WF=4.000eV Ck=XL Det=MCD Ent=6x12mm Exit=4mm
58199
57976
58966
59048
60442
61006
63130
67960
74789
84132
92071
93201
85330
75820
69347
65371
61706
59190
57368
56344
55577
   711.49994   702.99994    -0.50000     1.00000     2.00000    18    50.0
LO MagPE 50.000KE/1  Ex=1486.599eV WF=4.000eV Ck=XL Det=MCD Ent=6x12mm Exit=4mm
46267
45614
47417
47271
46983
48161
49962
52204
54120
54342
50283
45807
43291
41964
41206
40796
40554
40412
