Fe on Ga203
  1123.99988  1113.99988    -0.50000     1.00000     2.00000    21    50.0
LO MagPE 50.000KE/1  Ex=1486.599eV WF=4.000eV Ck=XL Det=MCD Ent=6x12mm Exit=4mm
32753
32859
32858
33435
33321
34158
35244
36668
40072
43379
47103
47168
44445
41215
39432
37713
35538
33464
31960
32030
31183
   711.49994   702.99994    -0.50000     1.00000     2.00000    18    50.0
LO MagPE 50.000KE/1  Ex=1486.599eV WF=4.000eV Ck=XL Det=MCD Ent=6x12mm Exit=4mm
22361
22475
22830
22940
22917
23642
23899
24905
25539
25274
24357
22265
21460
20754
20796
20573
20021
20326
