Fe on Ga203
  1123.99988  1113.99988    -0.50000     1.00000     2.00000    21    50.0
LO MagPE 50.000KE/1  Ex=1486.599eV WF=4.000eV Ck=XL Det=MCD Ent=6x12mm Exit=4mm
30258
31353
31852
33855
35947
38042
42889
50936
63671
81794
92153
88931
73073
57185
47817
41684
36695
33990
32287
31353
30164
   711.49994   702.99994    -0.50000     1.00000     2.00000    18    50.0
LO MagPE 50.000KE/1  Ex=1486.599eV WF=4.000eV Ck=XL Det=MCD Ent=6x12mm Exit=4mm
29764
30663
31121
31468
31518
32489
33606
33739
35155
34947
32895
30279
28868
27199
27113
27489
26478
27219
