Fe on Ga203
  1123.99988  1113.99988    -0.50000     1.00000     2.00000    21    50.0
LO MagPE 50.000KE/1  Ex=1486.599eV WF=4.000eV Ck=XL Det=MCD Ent=6x12mm Exit=4mm
36569
36302
36153
36631
38796
40831
45995
55315
72767
90114
102815
101036
83708
62534
51263
47106
42755
37783
36219
34936
33977
   711.49994   702.99994    -0.50000     1.00000     2.00000    18    50.0
LO MagPE 50.000KE/1  Ex=1486.599eV WF=4.000eV Ck=XL Det=MCD Ent=6x12mm Exit=4mm
33709
34829
34910
35243
43996
35505
37800
45778
39229
39232
36657
32741
35816
29684
28613
28140
27942
27793
