Fe on Ga203
  1123.99988  1113.99988    -0.50000     1.00000     2.00000    21    50.0
LO MagPE 50.000KE/1  Ex=1486.599eV WF=4.000eV Ck=XL Det=MCD Ent=6x12mm Exit=4mm
32177
31943
32826
32654
33767
34011
37787
42092
49670
56932
66144
65145
56450
48594
42330
38458
33640
31683
31762
31205
31055
   711.49994   702.99994    -0.50000     1.00000     2.00000    18    50.0
LO MagPE 50.000KE/1  Ex=1486.599eV WF=4.000eV Ck=XL Det=MCD Ent=6x12mm Exit=4mm
27422
27055
27317
29162
30258
31709
32226
34610
36232
34562
30875
27444
24383
23536
22083
21214
21867
21963
