Fe on Ga203
  1123.99988  1113.99988    -0.50000     1.00000     2.00000    21    50.0
LO MagPE 50.000KE/1  Ex=1486.599eV WF=4.000eV Ck=XL Det=MCD Ent=6x12mm Exit=4mm
36162
37735
37169
37993
40300
43138
48069
56019
70305
90073
104277
104206
86870
68780
56412
49966
44532
39402
37531
37913
36338
   711.49994   702.99994    -0.50000     1.00000     2.00000    18    50.0
LO MagPE 50.000KE/1  Ex=1486.599eV WF=4.000eV Ck=XL Det=MCD Ent=6x12mm Exit=4mm
32141
32586
33255
33454
34068
35064
42234
37593
39171
42732
36669
33500
31216
31102
33003
29367
28876
27921
