Fe on Ga203
  1123.99988  1113.99988    -0.50000     1.00000     2.00000    21    50.0
LO MagPE 50.000KE/1  Ex=1486.599eV WF=4.000eV Ck=XL Det=MCD Ent=6x12mm Exit=4mm
34552
35635
36470
38044
39582
41609
46912
57346
72091
91831
107254
104971
85456
65911
53004
46631
40781
37426
35485
34445
34249
   711.49994   702.99994    -0.50000     1.00000     2.00000    18    50.0
LO MagPE 50.000KE/1  Ex=1486.599eV WF=4.000eV Ck=XL Det=MCD Ent=6x12mm Exit=4mm
31419
31488
31547
31308
32790
33074
33723
35278
36353
35809
34323
30547
29425
27827
27788
28058
27653
27526
