Fe on Ga203
  1123.99988  1113.99988    -0.50000     1.00000     2.00000    21    50.0
LO MagPE 50.000KE/1  Ex=1486.599eV WF=4.000eV Ck=XL Det=MCD Ent=6x12mm Exit=4mm
76498
76774
76947
76688
77260
79253
80545
83106
87898
93706
98853
99432
93572
87951
85383
81949
79123
77653
75273
74906
74120
   711.49994   702.99994    -0.50000     1.00000     2.00000    18    50.0
LO MagPE 50.000KE/1  Ex=1486.599eV WF=4.000eV Ck=XL Det=MCD Ent=6x12mm Exit=4mm
62648
64118
63642
64582
66112
66998
69635
72142
73763
73442
68735
62603
59298
57677
57506
56141
57106
57285
