Fe on Ga203
  1123.99988  1113.99988    -0.50000     1.00000     2.00000    21    50.0
LO MagPE 50.000KE/1  Ex=1486.599eV WF=4.000eV Ck=XL Det=MCD Ent=6x12mm Exit=4mm
80619
81238
81217
82022
83908
85969
91586
99208
111172
126957
138929
140515
126459
110390
99996
93966
88079
83110
81374
80948
79775
   711.49994   702.99994    -0.50000     1.00000     2.00000    18    50.0
LO MagPE 50.000KE/1  Ex=1486.599eV WF=4.000eV Ck=XL Det=MCD Ent=6x12mm Exit=4mm
68642
69285
69734
71645
72782
74841
78117
80988
83241
82988
75869
67615
62982
59730
58581
61882
57883
58391
