Fe on Ga203
  1123.99988  1113.99988    -0.50000     1.00000     2.00000    21    50.0
LO MagPE 50.000KE/1  Ex=1486.599eV WF=4.000eV Ck=XL Det=MCD Ent=6x12mm Exit=4mm
45271
45099
45851
45650
46522
47156
49060
51072
55475
62019
66923
67458
64038
57502
54678
52116
49121
46638
44664
44050
43542
   711.49994   702.99994    -0.50000     1.00000     2.00000    18    50.0
LO MagPE 50.000KE/1  Ex=1486.599eV WF=4.000eV Ck=XL Det=MCD Ent=6x12mm Exit=4mm
35661
35616
35829
36644
37163
37635
38580
39986
41680
41161
39646
36170
33322
32800
31684
32245
31632
31751
