Fe on Ga203
  1123.99988  1113.99988    -0.50000     1.00000     2.00000    21    50.0
LO MagPE 50.000KE/1  Ex=1486.599eV WF=4.000eV Ck=XL Det=MCD Ent=6x12mm Exit=4mm
87872
89021
89927
91429
93122
94410
104509
119960
137552
159116
179957
181272
155169
132430
114022
101453
95840
90129
87720
84066
83511
   711.49994   702.99994    -0.50000     1.00000     2.00000    18    50.0
LO MagPE 50.000KE/1  Ex=1486.599eV WF=4.000eV Ck=XL Det=MCD Ent=6x12mm Exit=4mm
76038
80158
82418
81609
82855
84701
90145
94500
94139
93481
87327
79419
72942
71259
70364
71411
69240
69198
