Fe on Ga203
  1123.99988  1113.99988    -0.50000     1.00000     2.00000    21    50.0
LO MagPE 50.000KE/1  Ex=1486.599eV WF=4.000eV Ck=XL Det=MCD Ent=6x12mm Exit=4mm
32639
34490
33769
35859
37506
40324
45196
54966
71314
90223
104369
101971
82574
63969
51618
44324
38773
34989
33139
32587
30806
   711.49994   702.99994    -0.50000     1.00000     2.00000    18    50.0
LO MagPE 50.000KE/1  Ex=1486.599eV WF=4.000eV Ck=XL Det=MCD Ent=6x12mm Exit=4mm
31572
32513
32077
32401
32840
34333
35586
36977
38198
38701
35036
30963
29693
28522
28886
28064
27586
27538
