Fe on Ga203
  1123.99988  1113.99988    -0.50000     1.00000     2.00000    21    50.0
LO MagPE 50.000KE/1  Ex=1486.599eV WF=4.000eV Ck=XL Det=MCD Ent=6x12mm Exit=4mm
30215
30225
32340
32759
32861
35940
38834
44016
52197
64834
71998
71358
61640
50589
42917
38765
35162
31754
30608
29975
29317
   711.49994   702.99994    -0.50000     1.00000     2.00000    18    50.0
LO MagPE 50.000KE/1  Ex=1486.599eV WF=4.000eV Ck=XL Det=MCD Ent=6x12mm Exit=4mm
28517
29016
29431
30251
32421
32229
33473
35492
37942
37246
32551
28198
25966
24698
24275
23771
23709
23979
