Fe on Ga203
  1123.99988  1113.99988    -0.50000     1.00000     2.00000    21    50.0
LO MagPE 50.000KE/1  Ex=1486.599eV WF=4.000eV Ck=XL Det=MCD Ent=6x12mm Exit=4mm
64327
64571
66712
65987
66075
67473
70630
75445
83059
92045
99635
99354
91903
83090
77488
72100
68623
65026
63257
62832
62666
   711.49994   702.99994    -0.50000     1.00000     2.00000    18    50.0
LO MagPE 50.000KE/1  Ex=1486.599eV WF=4.000eV Ck=XL Det=MCD Ent=6x12mm Exit=4mm
52279
53103
54073
54657
54993
56262
56794
59085
61179
61840
58443
51513
48907
47363
47639
46844
46597
46609
