Fe on Ga203
  1123.99988  1113.99988    -0.50000     1.00000     2.00000    21    50.0
LO MagPE 50.000KE/1  Ex=1486.599eV WF=4.000eV Ck=XL Det=MCD Ent=6x12mm Exit=4mm
35896
36736
37214
38208
40914
42723
48719
58564
74757
92922
106603
104627
86224
66755
54711
47276
41883
37526
35904
36064
34680
   711.49994   702.99994    -0.50000     1.00000     2.00000    18    50.0
LO MagPE 50.000KE/1  Ex=1486.599eV WF=4.000eV Ck=XL Det=MCD Ent=6x12mm Exit=4mm
31825
32909
31474
32226
32810
34088
34546
36340
36864
37431
35131
32236
29392
27769
27540
28144
28969
27664
