Fe on Ga203
  1123.99988  1113.99988    -0.50000     1.00000     2.00000    21    50.0
LO MagPE 50.000KE/1  Ex=1486.599eV WF=4.000eV Ck=XL Det=MCD Ent=6x12mm Exit=4mm
73431
73802
74236
73528
75240
75944
77027
81269
86161
92779
99397
99666
94273
87213
83281
80269
77069
73852
72490
72394
71572
   711.49994   702.99994    -0.50000     1.00000     2.00000    18    50.0
LO MagPE 50.000KE/1  Ex=1486.599eV WF=4.000eV Ck=XL Det=MCD Ent=6x12mm Exit=4mm
58361
59277
59056
59732
60787
61646
63110
66770
67725
66975
63536
56831
52532
51730
51426
50450
49788
50772
