Fe on Ga203
  1123.99988  1113.99988    -0.50000     1.00000     2.00000    21    50.0
LO MagPE 50.000KE/1  Ex=1486.599eV WF=4.000eV Ck=XL Det=MCD Ent=6x12mm Exit=4mm
48136
48429
48719
48974
49445
50966
52635
55673
60375
68455
74419
75360
70664
63782
59257
56315
53403
50061
48215
47007
49445
   711.49994   702.99994    -0.50000     1.00000     2.00000    18    50.0
LO MagPE 50.000KE/1  Ex=1486.599eV WF=4.000eV Ck=XL Det=MCD Ent=6x12mm Exit=4mm
37091
37220
37410
37916
38066
38492
39545
40603
41283
42134
40140
36970
35064
34427
34353
33690
33749
33454
