Fe on Ga203
  1123.99988  1113.99988    -0.50000     1.00000     2.00000    21    50.0
LO MagPE 50.000KE/1  Ex=1486.599eV WF=4.000eV Ck=XL Det=MCD Ent=6x12mm Exit=4mm
89918
89936
90946
92892
93462
98279
104756
115440
135940
158610
177653
179513
156795
133758
116769
108428
99011
92229
91127
87757
87720
   711.49994   702.99994    -0.50000     1.00000     2.00000    18    50.0
LO MagPE 50.000KE/1  Ex=1486.599eV WF=4.000eV Ck=XL Det=MCD Ent=6x12mm Exit=4mm
73948
76361
76640
75721
77515
78379
81179
83420
85970
85863
81896
75452
70820
68952
67110
68712
67398
66666
