Fe on Ga203
  1123.99988  1113.99988    -0.50000     1.00000     2.00000    21    50.0
LO MagPE 50.000KE/1  Ex=1486.599eV WF=4.000eV Ck=XL Det=MCD Ent=6x12mm Exit=4mm
80363
81049
81065
82482
84513
86545
91397
101392
115740
136333
152428
154059
136392
116199
102794
93783
87124
82495
79486
78039
77132
   711.49994   702.99994    -0.50000     1.00000     2.00000    18    50.0
LO MagPE 50.000KE/1  Ex=1486.599eV WF=4.000eV Ck=XL Det=MCD Ent=6x12mm Exit=4mm
63289
64342
65340
65763
67067
67501
68759
72628
73340
76128
71221
64775
59837
59127
57704
57861
57116
56841
