Fe on Ga203
  1123.99988  1113.99988    -0.50000     1.00000     2.00000    21    50.0
LO MagPE 50.000KE/1  Ex=1486.599eV WF=4.000eV Ck=XL Det=MCD Ent=6x12mm Exit=4mm
66701
66928
67057
67374
67551
67833
69767
71634
76662
80810
84982
85152
81715
76811
74432
72089
70157
67644
66212
66052
66289
   711.49994   702.99994    -0.50000     1.00000     2.00000    18    50.0
LO MagPE 50.000KE/1  Ex=1486.599eV WF=4.000eV Ck=XL Det=MCD Ent=6x12mm Exit=4mm
54539
54485
55688
55791
56763
58098
59348
61905
63523
63489
58994
54218
50936
49780
49285
47974
48023
48034
