Fe on Ga203
  1123.99988  1113.99988    -0.50000     1.00000     2.00000    21    50.0
LO MagPE 50.000KE/1  Ex=1486.599eV WF=4.000eV Ck=XL Det=MCD Ent=6x12mm Exit=4mm
28254
28328
29216
30042
31566
33510
36759
42409
53318
66929
78254
76830
65244
51165
42005
36769
32849
30858
28391
27927
27307
   711.49994   702.99994    -0.50000     1.00000     2.00000    18    50.0
LO MagPE 50.000KE/1  Ex=1486.599eV WF=4.000eV Ck=XL Det=MCD Ent=6x12mm Exit=4mm
24714
25371
25433
26026
25613
27633
28098
29516
31076
29789
26592
23731
22240
21394
20888
20730
20619
19880
