Fe on Ga203
  1123.99988  1113.99988    -0.50000     1.00000     2.00000    21    50.0
LO MagPE 50.000KE/1  Ex=1486.599eV WF=4.000eV Ck=XL Det=MCD Ent=6x12mm Exit=4mm
61414
61286
61897
61457
61528
62478
64253
65863
69477
74605
78941
79162
75114
71531
69611
66698
64564
61839
61160
59442
59331
   711.49994   702.99994    -0.50000     1.00000     2.00000    18    50.0
LO MagPE 50.000KE/1  Ex=1486.599eV WF=4.000eV Ck=XL Det=MCD Ent=6x12mm Exit=4mm
46830
46702
46929
47218
47250
47715
48487
49135
50895
50247
49235
46625
45459
44810
44760
44349
44116
43839
