Fe on Ga203
  1123.99988  1113.99988    -0.50000     1.00000     2.00000    21    50.0
LO MagPE 50.000KE/1  Ex=1486.599eV WF=4.000eV Ck=XL Det=MCD Ent=6x12mm Exit=4mm
52470
52790
53304
53984
54253
55757
57954
63616
69602
81090
87815
89219
82353
73193
67284
61945
57124
53696
52007
51095
50543
   711.49994   702.99994    -0.50000     1.00000     2.00000    18    50.0
LO MagPE 50.000KE/1  Ex=1486.599eV WF=4.000eV Ck=XL Det=MCD Ent=6x12mm Exit=4mm
42562
42191
43708
43289
43239
44338
45396
46893
48121
47977
46339
42778
41350
40069
38620
38317
38645
39516
