Fe on Ga203
  1123.99988  1113.99988    -0.50000     1.00000     2.00000    21    50.0
LO MagPE 50.000KE/1  Ex=1486.599eV WF=4.000eV Ck=XL Det=MCD Ent=6x12mm Exit=4mm
32726
32877
33526
34503
37177
39585
45040
53199
66937
85383
99180
100202
83102
63746
52629
45097
40807
37890
36000
34853
34194
   711.49994   702.99994    -0.50000     1.00000     2.00000    18    50.0
LO MagPE 50.000KE/1  Ex=1486.599eV WF=4.000eV Ck=XL Det=MCD Ent=6x12mm Exit=4mm
30988
32581
33158
32881
32416
32885
34861
36259
36481
36616
35259
31237
29225
27363
27201
27363
28265
27271
