Fe on Ga203
  1123.99988  1113.99988    -0.50000     1.00000     2.00000    21    50.0
LO MagPE 50.000KE/1  Ex=1486.599eV WF=4.000eV Ck=XL Det=MCD Ent=6x12mm Exit=4mm
48508
48542
49089
49344
49464
51030
52711
55544
60812
68783
74460
75050
69797
63122
58319
55323
52307
49478
47443
47055
46429
   711.49994   702.99994    -0.50000     1.00000     2.00000    18    50.0
LO MagPE 50.000KE/1  Ex=1486.599eV WF=4.000eV Ck=XL Det=MCD Ent=6x12mm Exit=4mm
37598
37593
38621
38260
39355
39608
40929
42581
44120
44236
41938
38447
35599
34565
34427
34159
34105
34125
