Fe on Ga203
  1123.99988  1113.99988    -0.50000     1.00000     2.00000    21    50.0
LO MagPE 50.000KE/1  Ex=1486.599eV WF=4.000eV Ck=XL Det=MCD Ent=6x12mm Exit=4mm
32208
33319
33300
34846
34866
35973
38705
44516
52185
63275
72073
73470
64326
52717
44647
40284
37145
35526
33411
32535
32380
   711.49994   702.99994    -0.50000     1.00000     2.00000    18    50.0
LO MagPE 50.000KE/1  Ex=1486.599eV WF=4.000eV Ck=XL Det=MCD Ent=6x12mm Exit=4mm
27267
28017
29238
29554
30241
31163
32459
33398
34571
34164
30916
26913
25483
24331
23750
23299
23368
23505
