Fe on Ga203
  1123.99988  1113.99988    -0.50000     1.00000     2.00000    21    50.0
LO MagPE 50.000KE/1  Ex=1486.599eV WF=4.000eV Ck=XL Det=MCD Ent=6x12mm Exit=4mm
76769
77418
78213
79200
79627
81590
85920
90851
101639
115116
124802
125680
115939
101110
92886
89176
83068
79306
77020
76585
75659
   711.49994   702.99994    -0.50000     1.00000     2.00000    18    50.0
LO MagPE 50.000KE/1  Ex=1486.599eV WF=4.000eV Ck=XL Det=MCD Ent=6x12mm Exit=4mm
63756
65014
66208
66311
68092
68332
72840
75631
78842
78036
72067
63459
56986
56995
55267
55782
53360
54011
