Fe on Ga203
  1123.99988  1113.99988    -0.50000     1.00000     2.00000    21    50.0
LO MagPE 50.000KE/1  Ex=1486.599eV WF=4.000eV Ck=XL Det=MCD Ent=6x12mm Exit=4mm
77391
76982
77874
78573
80626
83964
88455
97399
112518
131619
147688
148745
131491
110909
98564
90725
83400
79083
75749
74161
73297
   711.49994   702.99994    -0.50000     1.00000     2.00000    18    50.0
LO MagPE 50.000KE/1  Ex=1486.599eV WF=4.000eV Ck=XL Det=MCD Ent=6x12mm Exit=4mm
60734
62205
62412
62505
63166
64600
66635
67994
70844
70564
66324
61898
58095
55826
55192
55126
55790
55260
