Fe on Ga203
  1123.99988  1113.99988    -0.50000     1.00000     2.00000    21    50.0
LO MagPE 50.000KE/1  Ex=1486.599eV WF=4.000eV Ck=XL Det=MCD Ent=6x12mm Exit=4mm
80100
81406
81134
83218
85166
87243
94856
105617
123393
148345
165952
166242
146126
121516
105231
94642
89430
82912
79515
79371
77280
   711.49994   702.99994    -0.50000     1.00000     2.00000    18    50.0
LO MagPE 50.000KE/1  Ex=1486.599eV WF=4.000eV Ck=XL Det=MCD Ent=6x12mm Exit=4mm
69657
70730
70564
72406
73758
73383
75582
79747
81214
81167
77251
69462
65497
63979
63481
63086
62873
63149
