Fe on Ga203
  1123.99988  1113.99988    -0.50000     1.00000     2.00000    21    50.0
LO MagPE 50.000KE/1  Ex=1486.599eV WF=4.000eV Ck=XL Det=MCD Ent=6x12mm Exit=4mm
34395
35061
36511
36729
38632
41170
47413
56571
72190
92641
107091
105256
86080
65988
53656
46682
40554
37400
35163
34221
33277
   711.49994   702.99994    -0.50000     1.00000     2.00000    18    50.0
LO MagPE 50.000KE/1  Ex=1486.599eV WF=4.000eV Ck=XL Det=MCD Ent=6x12mm Exit=4mm
30070
30534
31598
31819
32396
32503
32576
33637
34024
35116
33074
30218
28925
28179
27717
28152
27399
26913
