Fe on Ga203
  1123.99988  1113.99988    -0.50000     1.00000     2.00000    21    50.0
LO MagPE 50.000KE/1  Ex=1486.599eV WF=4.000eV Ck=XL Det=MCD Ent=6x12mm Exit=4mm
33213
34408
34527
36432
38008
40123
47179
55786
72838
93578
107445
104690
85346
66774
53937
45123
39333
36297
35032
33230
32073
   711.49994   702.99994    -0.50000     1.00000     2.00000    18    50.0
LO MagPE 50.000KE/1  Ex=1486.599eV WF=4.000eV Ck=XL Det=MCD Ent=6x12mm Exit=4mm
31058
30276
31239
31450
32047
32607
32763
34172
34939
34816
32857
29621
28290
27826
26963
27481
27172
27003
