Fe on Ga203
  1123.99988  1113.99988    -0.50000     1.00000     2.00000    21    50.0
LO MagPE 50.000KE/1  Ex=1486.599eV WF=4.000eV Ck=XL Det=MCD Ent=6x12mm Exit=4mm
32412
33850
34668
35316
36865
39892
44852
56045
70413
91836
108228
104493
84131
64133
52376
44467
40094
36074
33883
33456
31657
   711.49994   702.99994    -0.50000     1.00000     2.00000    18    50.0
LO MagPE 50.000KE/1  Ex=1486.599eV WF=4.000eV Ck=XL Det=MCD Ent=6x12mm Exit=4mm
30797
32091
31495
31374
31973
33238
32919
36057
35569
36035
34172
30762
28870
27181
27537
27393
26446
26559
