Fe on Ga203
  1123.99988  1113.99988    -0.50000     1.00000     2.00000    21    50.0
LO MagPE 50.000KE/1  Ex=1486.599eV WF=4.000eV Ck=XL Det=MCD Ent=6x12mm Exit=4mm
87668
86588
89105
89300
91786
94421
105977
120226
146663
175831
195865
194825
167720
136670
113795
103143
95835
87506
85398
81795
82944
   711.49994   702.99994    -0.50000     1.00000     2.00000    18    50.0
LO MagPE 50.000KE/1  Ex=1486.599eV WF=4.000eV Ck=XL Det=MCD Ent=6x12mm Exit=4mm
74444
74861
76305
76397
77998
81142
82765
84763
88253
88641
82898
76896
71277
69541
69093
68360
69096
68348
