Fe on Ga203
  1123.99988  1113.99988    -0.50000     1.00000     2.00000    21    50.0
LO MagPE 50.000KE/1  Ex=1486.599eV WF=4.000eV Ck=XL Det=MCD Ent=6x12mm Exit=4mm
77986
78464
79480
79771
81368
83279
85556
92979
101147
113863
124803
124910
115814
104874
97501
92466
86239
82921
79136
78139
77175
   711.49994   702.99994    -0.50000     1.00000     2.00000    18    50.0
LO MagPE 50.000KE/1  Ex=1486.599eV WF=4.000eV Ck=XL Det=MCD Ent=6x12mm Exit=4mm
63200
63984
65934
65136
64876
66261
66336
68868
69890
69928
67486
64113
61599
59890
59758
58834
59905
59494
