Fe on Ga203
  1123.99988  1113.99988    -0.50000     1.00000     2.00000    21    50.0
LO MagPE 50.000KE/1  Ex=1486.599eV WF=4.000eV Ck=XL Det=MCD Ent=6x12mm Exit=4mm
30817
32194
32662
33690
35129
36932
42401
49377
62072
77186
88399
85877
70528
56203
44744
40470
35875
33127
32247
30590
30068
   711.49994   702.99994    -0.50000     1.00000     2.00000    18    50.0
LO MagPE 50.000KE/1  Ex=1486.599eV WF=4.000eV Ck=XL Det=MCD Ent=6x12mm Exit=4mm
30471
31066
30879
32224
32142
33613
34392
35754
36864
36683
33695
30097
27337
27008
26421
26096
27029
26485
