Fe on Ga203
  1123.99988  1113.99988    -0.50000     1.00000     2.00000    21    50.0
LO MagPE 50.000KE/1  Ex=1486.599eV WF=4.000eV Ck=XL Det=MCD Ent=6x12mm Exit=4mm
31627
32519
32913
33420
34926
37241
43603
52429
65432
82505
96146
92478
74707
57163
47599
42181
36798
33889
31669
30328
30240
   711.49994   702.99994    -0.50000     1.00000     2.00000    18    50.0
LO MagPE 50.000KE/1  Ex=1486.599eV WF=4.000eV Ck=XL Det=MCD Ent=6x12mm Exit=4mm
30059
30652
31121
32194
31541
33035
33334
33507
36104
35185
32620
29923
28909
27469
26493
28231
26976
26670
