Fe on Ga203
  1123.99988  1113.99988    -0.50000     1.00000     2.00000    21    50.0
LO MagPE 50.000KE/1  Ex=1486.599eV WF=4.000eV Ck=XL Det=MCD Ent=6x12mm Exit=4mm
71318
70905
71380
72753
74226
76269
80702
88153
101264
118449
129694
129999
117172
100343
91063
83816
78450
73936
71124
68565
68879
   711.49994   702.99994    -0.50000     1.00000     2.00000    18    50.0
LO MagPE 50.000KE/1  Ex=1486.599eV WF=4.000eV Ck=XL Det=MCD Ent=6x12mm Exit=4mm
60544
61082
61422
62973
63453
64761
66109
68096
72193
70888
66929
61717
56492
55045
54034
54307
53574
53720
