Fe on Ga203
  1123.99988  1113.99988    -0.50000     1.00000     2.00000    21    50.0
LO MagPE 50.000KE/1  Ex=1486.599eV WF=4.000eV Ck=XL Det=MCD Ent=6x12mm Exit=4mm
75892
75989
77147
77225
79733
81772
85161
93516
105034
120752
132728
132278
119651
104278
94284
88103
83375
78046
76259
74010
73840
   711.49994   702.99994    -0.50000     1.00000     2.00000    18    50.0
LO MagPE 50.000KE/1  Ex=1486.599eV WF=4.000eV Ck=XL Det=MCD Ent=6x12mm Exit=4mm
64992
65383
66410
66541
67406
69380
71563
74944
78100
77514
71873
64509
59590
58197
55878
56203
54728
55343
