Fe on Ga203
  1123.99988  1113.99988    -0.50000     1.00000     2.00000    21    50.0
LO MagPE 50.000KE/1  Ex=1486.599eV WF=4.000eV Ck=XL Det=MCD Ent=6x12mm Exit=4mm
27286
27867
27885
29250
30450
33395
36046
41859
53442
66904
76769
77331
64355
50876
41095
35631
32602
29840
28079
26711
26448
   711.49994   702.99994    -0.50000     1.00000     2.00000    18    50.0
LO MagPE 50.000KE/1  Ex=1486.599eV WF=4.000eV Ck=XL Det=MCD Ent=6x12mm Exit=4mm
25003
25302
24765
25542
26144
26638
27725
28844
30253
29936
27181
24193
22453
21555
22040
21093
20531
21089
