Fe on Ga203
  1123.99988  1113.99988    -0.50000     1.00000     2.00000    21    50.0
LO MagPE 50.000KE/1  Ex=1486.599eV WF=4.000eV Ck=XL Det=MCD Ent=6x12mm Exit=4mm
88470
89398
89638
90232
93461
96211
103344
114775
133521
157847
177853
176434
154396
131454
115131
105936
97814
91622
89144
86517
85226
   711.49994   702.99994    -0.50000     1.00000     2.00000    18    50.0
LO MagPE 50.000KE/1  Ex=1486.599eV WF=4.000eV Ck=XL Det=MCD Ent=6x12mm Exit=4mm
73144
72946
73370
74012
73602
74826
77623
78345
80182
81257
77966
72172
68846
67457
66988
66032
67026
66182
