Fe on Ga203
  1123.99988  1113.99988    -0.50000     1.00000     2.00000    21    50.0
LO MagPE 50.000KE/1  Ex=1486.599eV WF=4.000eV Ck=XL Det=MCD Ent=6x12mm Exit=4mm
30585
30604
31407
31918
33696
35831
40753
49514
63626
81509
93652
89222
73246
55632
46094
39789
35064
32082
30595
29034
28697
   711.49994   702.99994    -0.50000     1.00000     2.00000    18    50.0
LO MagPE 50.000KE/1  Ex=1486.599eV WF=4.000eV Ck=XL Det=MCD Ent=6x12mm Exit=4mm
29035
28803
29102
30051
29897
30328
31826
31926
33327
33504
31196
28800
26693
26019
25684
25931
25829
25542
